                                    BWt    WtCls                                                       Best                                    Best     Sub                                                   Best                     Coeff
       Name           Age   Div                    Schwartz   Squat 1   Squat 2   Squat 3   Squat 4            Bench 1   Bench 2   Bench 3                   Deadlift 1   Deadlift 2 Deadlift 3 Deadlift 4               PL Total               Pl-Div-WtCl
                                    (Kg)    (Kg)                                                      Squat                                  Bench     Total                                                 Deadlift                  Score
Joaquin Diaz Deleon   45           148.5           0.4944     540.13    600.75    639.33      0       639.33    429.9    -501.55   -501.55    429.9   1069.2 407.85       451.94        0          0         451.94      1521.174     341.136         0
Debbie Rogers         64    FM2R    47.2    48     1.0686     132.28     143.3    148.81      0       148.81    71.65    82.673    -88.184   82.673   231.48 231.48       242.51     248.02        0         248.02      479.5005    232.4205    1-FM2R-48
Cheryl Christensen    58    FM2R    50.6    52     0.9826     154.32    170.86    176.37      0       176.37   93.696    99.207    -104.72   99.207   275.58   192.9      214.95     225.97      231.48      225.97      501.5465    223.5415    1-FM2R-52
Judy Tyler            58    FM2R    86.2    90     0.6013     363.76    385.81    407.85      0       407.85   242.51    253.53    264.55    264.55   672.4   402.34      424.39     -440.92       0         424.39     1096.7885   299.14675    1-FM2R-90
Lindsay Beam          28    FOR      58     60     0.8422     181.88    198.41    -209.44     0       198.41   115.74    126.76    -137.79   126.76   325.18 225.97       248.02     275.58        0         275.58      600.7535    229.4995    1-FOR -60
Antonnia Henry        28    FOR     64.2   67.5    0.7602     264.55     -286.6   -292.11     0       264.55   154.32    -165.35   -165.35   154.32   418.87 275.58       292.11     -314.16       0         292.11      710.9835    245.1645   1-FOR -67.5
Lisa Hubbard          34    FOR     72.2    75     0.6851     225.97    264.55    303.13      0       303.13   132.28     143.3    165.35    165.35   468.48 225.97       270.06     308.64        0         308.64      777.1215   241.49775    1-FOR -75
Imani Oniell          15    FOR      69     75     0.7119     165.35    181.88    -198.41   198.41    181.88   115.74    -126.76   -126.76   115.74   297.62 198.41       214.95     -225.97       0         214.95      512.5695   165.51675    2-FOR -75
Jackie May            32    FOR    168.3   SHW     0.4765     352.74    -369.27   -369.27     0       352.74   170.86    181.88     -192.9   181.88   534.62 259.04       270.06     -275.58       0         270.06       804.679   173.91885   1-FOR -SHW
Nai Magid             29    FOR     96.7   SHW     0.5627     225.97    236.99    253.53      0       253.53   110.23    -126.76   -126.76   110.23   363.76 275.58       325.18     -363.76       0         325.18      688.9375   175.84375   2-FOR -SHW
Austin Williams       23    MJR     100    100      0.554     440.92    462.97    473.99      0       473.99   297.62    308.64    314.16    314.16   788.14 501.55       523.59     540.13        0         540.13     1328.2715     333.785      1-MJR
James Congdon         17    MT2R    88.2    90     0.5926     347.22    -369.27   380.29      0       380.29   203.93    214.95    -225.97   214.95   595.24 374.78       391.32     413.36        0         413.36     1008.6045    271.1145      1-MT2R
Ashton Gebarowski     15    MT1R     81    82.5    0.6273     275.58    -341.71   -341.71     0       275.58   225.97    -275.58   -275.58   225.97   501.55 369.27       402.34     -413.36       0         402.34       903.886     257.193      1-MT1R
Chris Clonch          40    MOR     98.9   100     0.5594     551.15    -584.22   584.22      0       584.22   347.22    363.76    -391.32   363.76   947.98 562.17       584.22     -611.78       0         584.22      1532.197     388.783    1-MOR-100
Samuel Magid          29    MOR      99    100     0.5565     314.16     336.2    402.34      0       402.34   225.97    236.99    242.51    242.51   644.85 402.34        429.9     446.43        0         446.43      1091.277    275.4675    2-MOR-100
Ricky Navarrete       29    MOR    108.7   110     0.5381     639.33    683.43    705.47      0       705.47   380.29    407.85    -418.87   407.85   1113.3   573.2       622.8     -644.85       0          622.8     1736.1225   423.75375    1-MOR-110
Cameron Martinot      28    MOR     110    110     0.5365      573.2    617.29    633.82      0       633.82   352.74    369.27    374.78    374.78   1008.6 606.27       644.85      -672.4       0         644.85       1653.45     402.375    2-MOR-110
Andrew Snider         45    MOR     120    125      0.527     501.55    523.59    551.15      0       551.15   308.64    330.69    -352.74   330.69   881.84 512.57       534.62     556.66        0         556.66     1438.5015    343.8675    1-MOR-125
Nicolay Ivankin       27    MOR    118.8   125     0.5281     457.45    501.55     -529.1     0       501.55   -314.16   314.16     -336.2   314.16   815.7  -457.45         0          0          0            0            0           0            0
Bob Moyer             33    MOR    135.7   140     0.5082     595.24    650.36    699.96      0       699.96   396.83     429.9    451.94    451.94   1151.9 644.85       705.47     -749.56       0         705.47     1857.3755    428.1585    1-MOR-140
14-Mar-20         UPA Shamrock Showdown
                               BWt    WtCls                                                       Best                                    Best      Push Pull     Coeff
         Name     Age   Div                   Schwartz   Bench 1   Bench 2   Bench 3   Bench 4          Deadlift 1 Deadlift 2 Deadlift 3                                    Pl-Div-WtCl
                               (Kg)    (Kg)                                                      Bench                                   Deadlift     Total       Score
Rebecca Rhyneer   43    FM1R   54.6     56    0.8998     132.28    137.79    -143.3       0      137.79 225.97 -248.02 248.02 248.02                 385.805     157.465     1-FM1R
Jon Rodman        45    MM2R   99.4    100    0.5555     275.58    292.11    308.64       0      308.64 407.85 424.39 435.41 435.41                 744.0525    187.48125    1-MM2R


Isaac O'niell     17    MT1R   88.4    90     0.5918     242.51    275.58    -308.64      0      275.58    518.08    -545.64      0      518.08     793.656      213.048     1-MT1R
14-Mar-20         UPA Shamrock Showdown
                               BWt    WtCls                                              Best     Coeff
        Name      Age   Div                   Schwartz   Bench 1   Bench 2   Bench 3                       Pl-Div-WtCl
                               (Kg)    (Kg)                                             Bench     Score
Brian Baertlein   56    MM1R   80.4   82.5    0.6307     214.95    242.51    253.53    253.529   72.5305    1-MM1R
