          Lancs and Cheshire Champs                 Intershape gym colne 11/05/14

                                                                                     Sub                                 Sub
                      age   BWC CAT                            Squat                              Bench Press                                                   Sub
        Name                                B/W                                     Total                                Total             DeadLift                     Total    place
                                                                                                                                                               Total
                                                       1        2.0     3.0         squat     1        2        3       bench         1          2        3
52kg                                 lot
Genevieve Edusia                  52 42      50.9      -80.0     80.0     -87.5        80.0   -40.0    40.0     -45.0     120.0   110.0       115.0   120.0     120.0    240.0 guest
57kg
Jannine Hussey                    57 1        57       102.5    107.5    -112.5       107.5   52.5     57.5     -60.0     165.0   122.5       127.5   -132.5    127.5    292.5           1
63kg
Shannon Clifford      U23         63 3        62        80.0     85.0     90.0         90.0   40.0     45.0     -47.5     135.0    90.0       100.0   107.5     107.5    242.5           2
Charlotte Dodd                    63 4       61.9       80.0     85.0         0.0      85.0   40.0     42.5     -45.0     127.5   115.0       122.5   130.0     130.0    257.5           1
72kg
Natalie Sandiford                 72 9       68.3       50.0     55.0     60.0         60.0   55.0    -60.0     -60.0     115.0    95.0       105.0   115.0     115.0    230.0           4
April Edwards         U23         72 10        70       90.0    100.0    105.0        105.0   40.0    -47.5     -47.5     145.0   100.0       110.0   -115.0    110.0    255.0           3
Avril Hughes                      72 11      68.4       75.0     80.0     82.5         82.5   40.0     45.0     47.5      130.0   110.0       120.0   125.0     125.0    255.0 guest
Suzie Nuttall         U23         72 7       69.8       85.0     92.5    -102.5        92.5   -42.5    42.5     50.0      142.5   -105.0      107.5   117.5     117.5    260.0           2
Carole Blanchflower               72 6       63.9       90.0     95.0    -100.0        95.0   50.0     55.0     57.5      152.5   102.5       110.0   115.0     115.0    267.5           1
Amy Pickworth                     72 5       68.4     -105.0    107.5    -112.5       107.5   47.5     50.0     -52.5     157.5   137.5       140.0   145.0     145.0    302.5 guest
84kg
Claud Cunningham                  84 46.2    79.5       90.0   -100.0    105.0        105.0   60.0     65.0     67.5      172.5   132.5       140.0   -147.5    140.0    312.5           1
84+kg
Jo Whiteley                 84+      21       88        90.0    100.0    105.0        105.0   62.5     67.5     -70.0     172.5   127.5       137.5   142.5     142.5    315.0           1
74kg
Ashley Bendell         U23   74 37     68.1   -100.0   117.5    130.0    130.0    -75.0    90.0     -95.0   220.0   100.0    125.0   140.0    140.0   360.0         7
Aodhan Phillips-Lees         74 45     73.6   -150.0   150.0    152.5    152.5    92.5     97.5    100.0    252.5   162.5    167.5   -170.0   167.5   420.0         6
Charlie Scott          U18   74 41      72    -160.0   160.0    -180.0   160.0    -90.0    90.0    -100.0   250.0   160.0    180.0   -200.0   180.0   430.0         5
Matthew Piasecki             74 38     73.2   135.0    145.0    -155.0   145.0    95.0    102.5    -105.0   247.5   185.0    195.0   202.5    202.5   450.0         4
Adil Khan                    74 47.8   72.1   140.0    -160.0   -160.0   140.0   -105.0   105.0    -120.0   245.0   180.0    200.0   215.0    215.0   460.0         3
Sean Kilbride                74 8      71.1   140.0    -152.5   152.5    152.5   117.5    125.0      0.0    277.5   170.0    185.0   -197.5   185.0   462.5         2
Danny Potter                 74 44     73.7   130.0    -140.0   -140.0   130.0   130.0    140.0    145.0    275.0   180.0    200.0   -210.0   200.0   475.0         1
Stuart Robertson       U23   74 12     71.5   140.0    150.0    160.0    160.0   -130.0   -130.0   130.0    290.0   180.0    190.0   200.0    200.0   490.0 guest


83kg
Toby Dean                    83 19     81.7   120.0    130.0    -140.0   130.0    90.0     95.0     -97.5   225.0   160.0    165.0   175.0    175.0   400.0         6
Alex Robins            U23   83 45     76.4   130.0    140.0    -150.0   140.0   100.0     -110     -110    240.0   170.0    182.5     190    190.0   430.0         5
Kieran Bamford               83 17     82.6   140.0    -150.0   150.0    150.0   110.0    115.0    -120.0   265.0   190.0    200.0   -210.0   200.0   465.0         4
Sam Treadway                 83 18     80.2   150.0    -160.0   160.0    160.0   100.0    102.5    -110.0   262.5   205.0    215.0   222.5    222.5   485.0         3
Daniel Brown                 83 14     82.4   145.0    155.0    160.0    160.0   -120.0   125.0    130.0    290.0   205.0    210.0   -220.0   210.0   500.0         2
Danny Beswick          U23   83 15     81.6   190.0    200.0    -205.0   200.0   120.0    125.0    -127.5   325.0   210.0    220.0   -225.0   220.0   545.0         1
Jonathon Moss                83 16     82.2   175.0    185.0    192.5    192.5   110.0    117.5    -122.5   310.0   220.0    245.0   -252.5   245.0   555.0 guest
93kg
Timothy Haddon               93 28      92    162.5    170.0    -175.0   170.0    92.5    -97.5      0.0    262.5   190.0    200.0   -207.5   200.0   462.5         7
Nathan hall-Parkinson U23    93 27     88.9   150.0    160.0    -165.0   160.0   105.0    -112.5   -112.5   265.0   190.0    200.0   -205.0   200.0   465.0         6
Ben Macmillan                93 26     89.3   150.0    170.0    185.0    185.0   110.0    120.0    -135.0   305.0   230.0    250.0   -270.0   250.0   555.0         5
Nathan Burton                93 23     92.1   190.0    200.0    210.0    210.0   125.0    132.5    140.0    350.0   200.0    210.0   -225.0   210.0   560.0         4
Carl Robinson                93 24     90.1   180.0    200.0    205.0    205.0   120.0    130.0    -140.0   335.0   230.0    235.0   240.0    240.0   575.0         3
Jake Turner                  93 22     92.9   205.0    215.0    -225.0   215.0   -122.5   122.5    130.0    345.0   225.0    240.0   -252.5   240.0   585.0         2
Hayden Crook                 93 36     91.2   210.0    225.0    230.0    230.0   145.0    150.0    -160.0   380.0   -250.0   250.0      0.0   250.0   630.0         1
105kg
Matthew Ritchie     U18   105 39    96.2   120.0   140.0    -145.0   140.0    90.0    100.0     -110   240.0   180.0   200.0   210.0    210.0   450.0          4
Ben Deller-Rust     U23   105 40    99.2   150.0   165.0     175.0   175.0   110.0    117.5   -122.5   292.5   215.0   227.5   235.0    235.0   527.5 guest
Steve Kelly               105 47   104.5   160.0   180.0     190.0   190.0   110.0    120.0      130   320.0   200.0   220.0   235.0    235.0   555.0          3
Dan Casson                105 43      97   185.0   200.0    -215.0   200.0   -125.0   125.0        0   325.0   240.0   255.0   265.0    265.0   590.0          2
Tim Watkiss               105 32    97.4   205.0   -220.0   -220.0   205.0   150.0    160.0   -170.0   365.0   210.0   220.0   227.5    227.5   592.5 guest
Stephen Manuel            105 31    93.8   270.0     0.0       0.0   270.0   187.5    192.5   197.5    467.5   290.0   300.0   310.0    310.0   777.5         1st
120kg
Neil Ronaldson            120 35   108.6   130.0   140.0    150.0    150.0   110.0    120.0   127.5    277.5   160.0   170.0   -180.0   170.0   447.5          3
Frazer Pennington   U18   120 33   110.2   110.0   125.0    135.0    135.0   120.0    130.0   137.5    272.5   170.0   185.0   195.0    195.0   467.5          2
Chris Hubel               120 34   117.6   140.0   170.0    175.0    175.0   115.0    130.0   -135.0   305.0   250.0   275.0   -290.0   275.0   580.0          1
