                                                                          NEW ZEALAND POWERLIFTING FEDERATION
                                            New Zealand Womens Powerlifting Championships 2022, Globe, Palmerston North (New Zealand), 01-05.08.2022
                                                                                  DETAILED SCORESHEET
Rnk Name                      d.o.b. Team   Bwt     GL Coef Lot                   All Squat                            All Bench Press                          All Deadlift                Total      GL Pts   Pts
Open
-52kg
 1 Smith Megan-Li             1996 CANT 51.86       0.2531    2 150.0          157.5       161.0-nzo 1     77.5        80.0       82.5        1   165.0       165.0       181.0-nzo 1     424.5 -nzo 107.44     12
 2 Kariyawasam Kavishi        1993 APA 51.56        0.2544    1 142.5          147.5       147.5     2     70.0        72.5       72.5        3   155.0       165.0       173.0     2     377.5       96.04      9
 3 Premji Suzee               1984 APA 51.90        0.2529    3 120.0          127.5       132.5     3     67.5        72.5       75.0        2   142.5       150.0       155.0     3     355.0       89.78      8
-57kg
 1 Corrigan Evie              1996 APA 56.70        0.2355    6 160.0          167.5       171.0-nzo 1     92.5        97.5       100.0       1   185.0       195.0       205.0-nzo 1     476.0 -nzo 112.10     12
 2 Chu Vi                     1995 APA 56.18        0.2372    5 95.0           100.0       102.5     3     57.5        60.0       62.5        2   130.0       140.0       147.5     2     307.5       72.94      9
 — Shon Catherine             1992 APA 56.74        0.2354    4 137.5          145.0       150.0     2     82.5        82.5       82.5        —     X           X           X       —     DSQ          —        —
-63kg
 1 Hurndell Gillian           1990 CANT     60.26   0.2254     7   140.0       147.5       150.0    1      72.5        77.5       80.0        1   145.0       155.0       160.0       4   382.5        86.22    12
 2 Lin Katie                  1989 APA      61.68   0.2218     8   132.5       137.5       140.0    2      75.0        77.5       77.5        2   155.0       167.5       170.0       1   382.5        84.84     9
 3 Sargison Ashliegh          1996 WC       62.40   0.2201    12   130.0       137.5       140.0    3      72.5        75.0       77.5        3   145.0       155.0       162.5       3   377.5        83.09     8
 4 Murray Amanda              1988 WC       62.16   0.2207     9   120.0       127.5       132.5    4      65.0        70.0       70.0        4   145.0       155.0       165.0       2   367.5        81.11     7
 5 Reid Jessica               1998 STH      62.38   0.2202    11   120.0       125.0       130.0    5      65.0        67.5       70.0        5   140.0       150.0       160.0       5   347.5        76.52     6
-69kg
 1 Fruean Lagi                1990 APA 68.10        0.2087    17   140.0       145.0       150.0    1      82.5        87.5       87.5        2   170.0       177.5       186.5-nzo   1   424.0 -nzo   88.49    12
 2 Spence Alyssa-Joy          1986 APA 68.18        0.2086    19   140.0       140.0       147.5    2      85.0        87.5       90.0        1   165.0       177.5       186.0       2   423.5        88.34     9
 3 Manning Veronica           1999 STH 68.46        0.2081    18   127.5       135.0       140.0    5      80.0        82.5-nzj   85.0-nzj    3   165.0       175.0       182.5-nzj   3   402.5 -nzj   83.76     8
 4 Hanrahan Em                1998WBOP 65.48        0.2136    13   132.5       137.5       140.0    3      75.0        77.5       80.0        4   167.5       175.0       180.0       4   400.0        85.44     7
 5 Petrie-Taylor Elsie        1998 CANT 66.14       0.2123    15   130.0       140.0       145.0    4      65.0        70.0       72.5        5   170.0       180.0       192.5       5   390.0        82.80     6
 6 Jenkins Kate               1995 WC 68.64         0.2078    14   117.5       125.0       127.5    6      57.5        60.0       62.5        6   145.0       152.5       157.5       6   340.0        70.65     5
-76kg
 1 Tongotea Karlina           1992 APA      75.40   0.1979    21   205.0-nzo   216.0-nzo   220.0    1      120.0-nzo   124.0      124.0-nzo   1   240.5-nzo   250.0-nzo   260.0       1   590.0 -nzo   116.76   12
 2 Smith Nicole               1993 APA      75.64   0.1976    24   177.5       187.5       192.5    2      102.5       105.0      107.5       2   165.0       175.0       180.0       3   475.0         93.86    9
 3 Nicoll Fiona               1998 CANT     76.00   0.1972    23   165.0       172.5       172.5    3      102.5       105.0      105.0       3   180.0       190.0       195.0       2   457.5         90.22    8
 4 Williams Chanel            1995 CANT     73.82   0.1999    22   135.0       142.5       150.0    4      95.0        100.0      102.5       4   155.0       165.0       172.5       4   415.0         82.96    7
 5 Husaimee Ahmad Hashilah    1996 APA      74.98   0.1984    20   132.5       137.5       142.5    5      80.0        82.5       85.0        5   145.0       155.0       165.0       5   387.5         76.88    6

Team (points)
  1 Auckland                                             54   [12+12+12+9+9] 507.24 GL Pts
  2 Canterbury                                           45   [12+12+8+7+6] 449.63 GL Pts
  3 Wellington & Central                                 20   [8+7+5] 234.85 GL Pts
  4 Southern                                             14   [8+6] 160.28 GL Pts
  5 Waikato Bay of Plenty                                 7   [7] 85.44 GL Pts

Best Lifters of Open by IPF GL Formula
Rnk Lifter                     Team                                 Bwt                Total             GL Points     C.Rnk
 1. Tongotea Karlina          Auckland                             75.40               590.0             116.7610      1
 2. Corrigan Evie             Auckland                             56.70               476.0             112.0980      1
 3. Smith Megan-Li            Canterbury                           51.86               424.5             107.4410      1

Sub-Juniors
-57kg
 1 McMillan Zaviera           2005 WC 56.72         0.2354    7 108.0-nzsj 116.0-nzsj 120.0-nzsj 1         57.5        62.5       66.0-nzsj 1     112.5-nzsj 119.0-nzsj 130.0-nzsj 1      316.0 -nzsj 74.39     12
-69kg
 1 Bhadha Yasmin              2004 APA 66.18        0.2122    3 107.5          115.0       120.0    2      60.0        65.0       65.0        1   162.5       170.0       177.0-nzj 1     352.0 -nzsj 74.69     12
 2 Jamieson Anna              2006 WC 66.82         0.2110    4 115.0          120.0       125.0    1      57.5        60.0       62.5        2   120.0       130.0       135.0     2     320.0       67.52      9
 3 Farrell Rachel             2004 WC 68.50         0.2080    2 97.5           100.0       102.5    3      55.0        57.5       57.5        3   125.0       125.0       130.0     3     287.5       59.80      8

Team (points)
  1 Wellington & Central                                    29 [12+9+8] 201.71 GL Pts
  2 Auckland                                                12 [12] 74.69 GL Pts

Best Lifters of Subjuniors by IPF GL Formula
Rnk Lifter                      Team                                   Bwt             Total             GL Points   C.Rnk
 1. Bhadha Yasmin               Auckland                              66.18            352.0              74.6944    1
 2. McMillan Zaviera            Wellington & Central                  56.72            316.0              74.3864    1
 3. Jamieson Anna               Wellington & Central                  66.82            320.0              67.5200    2

Juniors
 -52kg
  1 Wong Milly                  2000 APA 51.30         0.2555    1 95.0        100.0     105.0       1     55.0      55.0    57.5     1    112.5   120.0   125.0    1    280.0        71.54   12
 -63kg
  1 Perkins Zoe                 2002 APA 62.58         0.2197    5 137.5       142.5     145.0       1     75.0      77.5    77.5     1    150.0   160.0   165.0    1    377.5        82.94   12
  2 Iles Emma                   2003 CANT 61.72        0.2217    6 95.0        100.0     107.5       2     52.5      55.0    57.5     2    120.0   127.5   135.0    2    300.0        66.51    9
 -69kg
  1 Carpenter Lily              1999 WC 68.62          0.2078    15 130.0      137.5     140.0       1     70.0      75.0    75.0     2    155.0   167.5   178.0-nzj 1   385.5 -nzj   80.11   12
  2 Carline Zoe                 2002 WC 67.70          0.1538    14 105.0      110.0     115.0       2     70.0      72.5    75.0     1    150.0   157.5   165.0     2   355.0        54.60    9
 -84kg
  1 Worley Charlotte            2001 STH 83.76         0.1891    9 160.0       167.5     175.0       1     95.0      100.0   105.5-nzj 1   175.0   180.0   187.5    1    468.0        88.50   12
  2 Farrell Sara                2001 WC 81.70          0.1910    8 130.0       135.0     142.5       2     72.5      75.0    80.0      2   155.0   170.0   185.0    2    377.5        72.10    9
 84+kg
  1 Luka Rawinia                2000WBOP115.44         0.1726    12   167.5    177.5     187.5-nzj   1     87.5      95.0    97.5     1    175.0   190.0   200.5    1    472.5 -nzj   81.55   12
  2 Edwards Maxine              2001 APA 138.52        0.1681    10   175.0    180.0     190.0       2     70.0      77.5    77.5     3    170.0   175.0   175.0    2    420.0        70.60    9
  3 Reupena Toli-Reina          2000 WC 102.12         0.1774    13   150.0    150.0     150.0       4     62.5      67.5    70.0     4    155.0   160.0   162.5    3    380.0        67.41    8
  4 Hirst-Thynne Eloise         1999 APA 95.16         0.1809    11   135.0    142.5     150.0       3     67.5      72.5    77.5     2    137.5   147.5   155.0    4    377.5        68.29    7

Team (points)
  1 Auckland                                                40   [12+12+9+7] 293.37 GL Pts
  2 Wellington & Central                                    38   [12+9+9+8] 274.22 GL Pts
  3 Southern                                                12   [12] 88.50 GL Pts
  4 Waikato Bay of Plenty                                   12   [12] 81.55 GL Pts
  5 Canterbury                                               9   [9] 66.51 GL Pts

Best Lifters of Juniors by IPF GL Formula
Rnk Lifter                      Team                                    Bwt            Total             GL Points   C.Rnk
 1. Worley Charlotte            Southern                               83.76           468.0              88.4988    1
 2. Perkins Zoe                 Auckland                               62.58           377.5              82.9368    1
 3. Luka Rawinia                Waikato Bay of Plenty                 115.44           472.5              81.5535    1

Masters 1
-52kg
 1 Surtees Sara                 1981 WC 50.60          0.2586    15 127.0      133.0     135.5       1     57.5      62.5    64.0     1    142.5   150.0   152.5    1    352.0        91.03   12
-57kg
 1 Jeffery Megan                1981 STH 56.70         0.2355    16 100.0      105.0     105.0       1     80.0      82.5    85.0     1    132.5   140.0   142.5    1    327.5        77.13   12
-63kg
 1 McAulay Carolyn              1976 WC 62.70          0.2195    17 112.5      117.5     125.0       1     67.5      72.5    75.0     1    137.5   147.5   155.5    1    348.0        76.39   12
-69kg
 1 Jessop Roshelle              1975 CANT 68.80        0.2075    19 135.0      140.0     145.0       1     85.0      90.5    93.0     1    172.5   182.5   192.0    1    420.5        87.25   12
 2 Thompson Anna Claire         1981 STH 68.50         0.2080    18 115.0      125.0     132.5       2     65.0      70.0    72.5     2    155.0   165.0   175.0    2    372.5        77.48    9
 3 Zammit Sandra                1973WBOP 68.30         0.2084    21 95.0       100.0     110.0       3     52.5      57.5    57.5     3    130.0   140.0   140.0    3    302.5        63.04    8
-84kg
 1 Abbott Janelle               1981 NTH 80.20         0.1925    28 145.0      160.0     165.0       1     92.5      97.5    100.0    1    160.0   170.0   180.0    1    437.5        84.22   12
 2 Ferris-Bretherton Raina      1975WBOP 81.60         0.1911    22 135.0      140.0     150.0       3     75.0      82.5    85.0     2    165.0   175.0   185.0    2    397.5        75.96    9
 3 Park Fiona                   1977 STH 81.80         0.1909    24 130.0      135.0     135.0       4     77.5      80.0    82.5     3    140.0   145.0   150.0    5    355.0        67.77    8
 4 Hall Elizabeth              1974 WC 82.70          0.1900    27 120.0    135.0     145.0   2     60.0      65.0    70.0    4   125.0   140.0   147.5   6   350.0   66.50   7
 5 Jacobs Vienna               1982 CANT 83.60        0.1892    23 95.0     102.5     110.0   6     50.0      55.0    57.5    6   150.0   162.5   165.0   3   332.5   62.91   6
 6 Fordyce Christina           1974 APA 81.76         0.1909    26 100.0    105.0     110.0   5     60.0      65.0    70.0    5   130.0   140.0   145.0   4   315.0   60.13   5
84+kg
 1 Berger Nicola               1979 APA 112.40        0.1735    25 150.0    157.5     162.5   2     70.0      72.5    75.0    2   170.0   180.0   190.0   1   427.5   74.17   12
 2 Bennett Trina               1973 WC 91.70          0.1830    29 155.0    162.5     162.5   1     72.5      77.5    77.5    1   170.0   177.5   185.0   2   425.0   77.78    9
— OCallaghan Lee-Ann           1981WBOP137.75         0.1682    30 120.0    130.0     130.0   —     75.0      80.0    80.0    3   155.0   160.0     X     3   DSQ      —      —

Team (points)
  1 Wellington & Central                                   40   [12+12+9+7] 311.69 GL Pts
  2 Southern                                               29   [12+9+8] 222.38 GL Pts
  3 Canterbury                                             18   [12+6] 150.16 GL Pts
  4 Auckland                                               17   [12+5] 134.30 GL Pts
  5 Waikato Bay of Plenty                                  17   [9+8] 139.00 GL Pts
  6 Northland                                              12   [12] 84.22 GL Pts

Best Lifters of Masters 1 by IPF GL Formula
Rnk Lifter                      Team                                Bwt             Total         GL Points   C.Rnk
 1. Surtees Sara               Wellington & Central                50.60            352.0          91.0272    1
 2. Jessop Roshelle            Canterbury                          68.80            420.5          87.2538    1
 3. Abbott Janelle             Northland                           80.20            437.5          84.2188    1

Masters 2
-57kg
 1 Clarke Anna                 1968WBOP 56.10         0.2374    4 97.5      102.5     105.0   1     57.5      60.0    62.5    1   127.5   135.0   140.0   1   297.5   70.63   12
-63kg
 1 Humphreys Karen             1963WBOP 61.30         0.2228    5 102.5     107.5     110.0   1     57.5      60.0    62.5    1   122.5   122.5    X      1   292.5   65.17   12
-76kg
 1 Goddard Terri               1971 STH 74.60         0.1989    14 90.0     90.0      92.5    1     47.5      50.0    50.0    1   127.5   132.5   132.5   1   267.5   53.21   12
-84kg
 1 Seiuli Melissa              1969 WC 78.15          0.1946    8 120.0     129.0     132.5   1     75.0      80.5    80.5    1   130.0   140.0   150.0   1   347.5   67.62   12
 2 Graham Frances              1971WBOP 82.00         0.1907    7 105.0     107.5     120.0   2     60.0      65.0    67.5    2   130.0   135.0   140.0   2   327.5   62.45    9
 3 Taylor Sue                  1963 WC 81.55          0.1911    9 90.0      95.0      100.0   3     55.0      57.5    60.0    3   130.0   135.0   140.0   3   292.5   55.90    8
84+kg
 1 Telea Ime                   1972 WC 108.20         0.1749    11 152.5    165.0     172.5   1     97.5      102.5   110.0   1   185.0   202.5   210.0   1   492.5   86.14   12
 2 Cosner Ali                  1971 NTH 100.90        0.1779    10 132.5    142.5     150.0   2     85.0      90.0    92.5    3   177.5   190.0   202.5   2   432.5   76.94    9
 3 Welgens Elizabeth           1971 APA 120.05        0.1714    12 97.5     97.5      105.0   3     95.0      100.0   105.0   2   135.0   140.0   145.0   3   337.5   57.85    8

Team (points)
  1 Waikato Bay of Plenty                                  33   [12+12+9] 198.25 GL Pts
  2 Wellington & Central                                   32   [12+12+8] 209.66 GL Pts
  3 Southern                                               12   [12] 53.21 GL Pts
  4 Northland                                               9   [9] 76.94 GL Pts
  5 Auckland                                                8   [8] 57.85 GL Pts

Best Lifters of Masters 2 by IPF GL Formula
Rnk Lifter                      Team                                Bwt             Total         GL Points   C.Rnk
 1. Telea Ime                  Wellington & Central               108.20            492.5          86.1383    1
 2. Cosner Ali                 Northland                          100.90            432.5          76.9418    2
 3. Clarke Anna                Waikato Bay of Plenty               56.10            297.5          70.6265    1

Masters 3
-52kg
 1 Muldrock Trish              1954 NTH 47.05         0.2769    1 67.5      70.0      72.5    2     55.0      57.5    60.0    1   110.0   117.5   120.0   1   247.5   68.53   12
 2 Taylor Julianne             1959 APA 51.80         0.2533    2 85.0      87.5      90.0    1     52.5      55.0    55.0    2   90.0    97.5    102.5   2   242.5   61.43    9
-76kg
 1 Procter Lesley-Jan            1956 STH 74.90       0.1985    13 100.0       105.5       110.0      1     62.5      65.0    67.5   1   140.0   145.5   145.5   1   317.5   63.02   12
-84kg
 1 Chipping Tracy                1961 STH 82.50       0.1902     6 117.5       125.0       130.5      1     65.0      70.0    73.0   1   135.0   145.0   153.5   1   340.0   64.67   12

Team (points)
  1 Southern                                                24 [12+12] 127.69 GL Pts
  2 Northland                                               12 [12] 68.53 GL Pts
  3 Auckland                                                 9 [9] 61.43 GL Pts

Best Lifters of Masters 3 by IPF GL Formula
Rnk Lifter                      Team                                 Bwt               Total              GL Points   C.Rnk
 1. Muldrock Trish             Northland                            47.05              247.5               68.5328    1
 2. Chipping Tracy             Southern                             82.50              340.0               64.6680    1
 3. Procter Lesley-Jan         Southern                             74.90              317.5               63.0238    1

Masters 4
-57kg
 1 Wilson Cherry                 1950 APA 56.80       0.2352     3 77.5        77.5        80.0       1     37.5      40.0    42.5   1   100.0   107.5   110.0   1   227.5   53.51   12

Team (points)
  1 Auckland                                                12 [12] 53.51 GL Pts

Best Lifters of Masters 4 by IPF GL Formula
Rnk Lifter                      Team                                 Bwt               Total              GL Points   C.Rnk
 1. Wilson Cherry              Auckland                             56.80              227.5               53.5080    1

Abbreviations:
nb - New pers. bestlifts; n - National Record; c - Continental Record; w - World Record; cp - Competition's Record;
1..4 - Master's Record; j - Junior's Record; s - Subjunior's Record; ps. - Personally; X - the refused attempt.
DSQ - Disqualification; DR - Removed by a Doctor; TD - Technical Disqualification; DD - Doping Disqualification.

APA = Auckland                                                      STH = Southern
CANT = Canterbury                                                   WBOP = Waikato Bay of Plenty
NTH = Northland                                                     WC = Wellington & Central
                                                                                       NEW ZEALAND POWERLIFTING FEDERATION
                                                          New Zealand Mens Powerlifting Championships 2022, Globe, Palmerston North (New Zealand), 01-05.08.2022
                                                                                               DETAILED SCORESHEET
Rnk    Name                   d.o.b.   Team    Bwt     GL Coef   Lot                All Squat                           All Bench Press                            All Deadlift                  Total    GL Pts   Pts
Open
-59kg
  1 Stewart Ryan              1985     STH    57.18    0.1683    12 95.0       102.5        105.0       1    75.0     77.5       80.0      1     145.0      150.0           150.0       1    325.0        54.70    12
-66kg
  1 Sue Jackson               2000     APA    65.88    0.1560    19    192.5   200.0-nzj    205.0-nzj   1    125.0    130.0      132.5     2     222.5      230.0           240.0-nzj   2    577.5 -nzj   90.09    12
  2 Pelaco Judah              1997      WC    65.46    0.1566    13    177.5   180.0        192.5       4    125.0    132.5      135.0     1     225.0      235.0           242.5       1    555.0        86.91     9
  3 Kwan Sheng Choong         1994     APA    64.52    0.1578    18    180.0   190.0        195.0       3    120.0    125.0      125.0     4     205.0      215.0           220.0       5    530.0        83.63     8
  4 Abbas Ali                 1996     CANT   61.50    0.1618    14    182.5   195.0        195.0       2    107.5    112.5      115.0     6     215.0      215.0           220.0       4    527.5        85.35     7
  5 Fong Zako                 1998      STH   65.00    0.1571    16    160.0   160.0        167.5       5    122.5    127.5      130.0     3     222.5      232.5           232.5       3    510.0        80.12     6
  6 Allbon Connor             1995      WC    65.32    0.1567    15    145.0   150.0        150.0       6    115.0    120.0      125.0     5     165.0      170.0           175.0       6    445.0        69.73     5
-74kg
  1 Sichone Kavwa             1989     APA    73.56    0.1473     7    235.0   245.0        255.0       1    160.0    170.0      175.0     1     270.0      285.0           292.5       1    710.0        104.58   12
  2 Strachan John             1988     APA    73.40    0.1474     9    215.0   230.0        240.0       2    147.5    152.5      152.5     2     260.0      275.0           290.0       3    667.5        98.39     9
  3 Bautista Emmanuel James   1991     CANT   73.62    0.1472     3    205.0   217.5        222.5       3    140.0    147.5      150.0     3     262.5      277.5           282.5       2    650.0        95.68     8
  4 Lewis Dylan               1992      STH   73.65    0.1472     2    200.0   200.0        212.5       5    110.0    117.5      117.5     8     230.0      240.0           250.0       5    557.5        82.06     7
  5 Singer Damien             1991      WC    73.58    0.1472     8    192.5   202.5        210.0       4    102.5    107.5      107.5     10    230.0      242.5           245.0       4    555.0        81.70     6
  6 Twigley Brandon           1992      WC    71.90    0.1490    10    175.0   187.5        192.5       8    137.5    145.0      150.0     4     207.5      220.0           235.0       8    552.5        82.32     5
  7 Ahlers-Simpson Francis    1995     CANT   73.78    0.1470     1    175.0   190.0        195.0       6    112.5    112.5      120.0     7     207.5      220.0           230.0       6    545.0        80.11     4
  8 McAllister Hamish         1986      WC    73.90    0.1469     5    172.5   180.0        182.5       9    137.5    142.5      147.5     5     210.0      222.5           230.0       7    545.0        80.06     3
  9 Zhang Fan                 1993     APA    73.70    0.1471    11    180.0   190.0        195.0       7    115.0    120.0      122.5     6     195.0      210.0           220.0       10   520.0        76.49     2
 10 Sherborne Jordon          1998      WC    73.60    0.1472     6    175.0   185.0        185.0       10   110.0    115.0      117.5     9     200.0      215.0           220.0       9    505.0        74.34     1
-83kg
  1 Monigatti Timothy         1996     STH    82.96    0.1385    20    250.0   270.0        280.0       1    175.0    180.0      180.0     2     307.5      317.5           322.0       1    777.5        107.68   12
  2 Campbell Jamie            1994     STH    81.48    0.1397    16    215.0   227.5        235.0       3    145.0    150.0      155.0     4     245.0      245.0           255.0       4    632.5        88.36     8
  3 Carmichael Jarrad         1994     APA    82.84    0.1386    17    215.0   225.0        230.0       4    145.0    152.5      155.0     3     220.0      232.5           240.0       7    617.5        85.59     7
  4 Liang Wilson              1990     APA    83.00    0.1384    19    190.0   200.0        205.0       7    117.5    125.0      130.0     8     250.0      270.0           275.0       3    600.0        83.04     6
  5 Tan Jak                   1993     APA    79.94    0.1411    13    190.0   200.0        210.0       5    125.0    130.0      135.0     5     222.5      240.0           252.5       5    597.5        84.31     5
  6 Kingipotiki William       1990     STH    82.48    0.1389    18    195.0   205.0        210.0       6    125.0    130.0      132.5     7     235.0      245.0           252.5       6    585.0        81.26     4
  7 Clarke George             1996     WC     79.50    0.1415    14    185.0   195.0        200.0       8    120.0    127.5      132.5     6     220.0      232.5           235.0       8    560.0        79.24     3
  8 Wilson James              1992     APA    81.50    0.1397    15    170.0   180.0        180.0       9    100.0    105.0      110.0     9     190.0      200.0           210.0       9    500.0        69.85     2

  1 Chock Ian                 1993 APA EQP 77.46       0.1434    12 260.0      260.0        280.0       2    150.0    170.0      180.0     1     240.0      260.0           275.0       2    715.0        102.53   12
-93kg
  1 King Jamie                1993     CANT   92.60    0.1311     8    270.0   290.0        295.0       1    165.0    172.5      177.5     1     295.0      315.0           327.5-nzo   1    800.0        104.88   12
  2 Koopu Mahaki              1998     CANT   86.23    0.1358     9    265.0   280.0        285.0       2    162.5    170.0      172.5     2     275.0      290.0           295.0       2    742.5        100.83    9
  3 McLeod Lee                1996      APA   85.48    0.1364    10    235.0   247.5        252.5       5    150.0    157.5      160.0     3     270.0      285.0           287.5       3    700.0        95.48     8
  4 Christie Jonathan         1986      STH   92.40    0.1312     6    237.5   252.5        262.5       3    142.5    150.0      152.5     5     265.0      280.0           285.0       4    700.0        91.84     7
  5 Chan Philip               1995      WC    88.38    0.1341     1    245.0   257.5        265.0       4    135.0    142.5      145.0     7     260.0      272.5           285.0       5    672.5        90.18     6
  6 Vis Robin                 1986     CANT   92.80    0.1310    12    230.0   245.0        250.0       6    135.0    142.5      142.5     9     245.0      257.5             X         8    650.0        85.15     5
  7 Pickup Chris              1984     CANT   92.54    0.1311     5    205.0   217.5        220.0       8    122.5    130.0      132.5     12    242.5      260.0           272.5       6    622.5        81.61     4
  8 Wallace William           1997      APA   92.80    0.1310    11    190.0   205.0        220.0       9    130.0    137.5      142.5     8     230.0      245.0           260.0       7    622.5        81.55     3
  9 Payne Luke                1998     CANT   91.22    0.1321     3    200.0   212.5        220.0       7    137.5    145.0      147.5     6     230.0      245.0           250.0       10   612.5        80.91     2
 10 Strathdee Henry           1997      WC    91.50    0.1319     4    195.0   205.0        210.0       10   147.5    155.0      160.0     4     210.0      225.0           230.0       12   590.0        77.82     1
 11 Funtilon Arvin            1988      APA   91.10    0.1321     7    190.0   200.0        205.0       12   122.5    130.0      132.5     11    230.0      245.0           255.0       9    582.5        76.95     1
 12 Kelly Ben                 1994     WBOP   91.22    0.1321     2    187.5   197.5        207.5       11   125.0    130.0      135.0     10    225.0      237.5           250.0       11   580.0        76.62     1
-105kg
  1 Koopu Maui                1997     CANT   104.14   0.1239    21    275.0   290.0        300.0       1    175.0    185.0      185.0     2     275.0      290.0           300.0       2    775.0        96.02    12
  2 Tonuu Marius              1996      APA   103.88   0.1241    23    230.0   242.5        250.0       5    172.5    180.0      182.5     3     275.0      290.0           290.0       6    705.0        87.49     9
  3 McKay Angus               1996     CANT   104.76   0.1236    17    230.0   247.5        255.0       3    145.0    152.5      155.0     7     255.0      275.0           280.0       4    687.5        84.97     8
  4 Black Harry               1997      WC    102.86   0.1247    13    235.0   245.0        245.0       6    155.0    162.5      170.0     4     247.5      262.5           275.0       5    682.5        85.11     7
  5 McAskie Liam              1995     WBOP   104.44   0.1238    16    220.0   227.5        235.0       8    187.5    187.5      192.5     1     250.0      260.0           270.0       8    682.5        84.49     6
  6 Yasakith Ridma            1996      APA   103.26   0.1244    25    245.0   245.0        252.5       4    135.0    142.5      147.5     10    255.0      272.5           282.5       3    677.5        84.28     5
  7 Hogan Denzil              1998      APA   104.44   0.1238    15    235.0   247.5        255.0       2    155.0    162.5      165.0     5     245.0      260.0           270.0       7    677.5        83.87     4
  8 King Sean                 1998      APA   104.45   0.1238    20    215.0   230.0        240.0       7    140.0    147.5      150.0     9     235.0      250.0           260.0       9    640.0        79.23     3
  9 Boreham Glenn             1984      APA   104.66   0.1237    19    205.0   217.5        230.0       9    145.0    150.0      152.5     6     220.0      237.5           250.0       10   632.5        78.24     2
 10 Tomu Kolo                 1994     WBOP   101.46   0.1255    22    175.0   177.5          X         12   142.5    150.0      155.0     8     275.0      290.0           300.0       1    625.0        78.44     1
 11 Warren Keota              1994      WC    101.26   0.1256    24    190.0   210.0        220.0       10   130.0    135.0      140.0     11    240.0      245.0           262.5       11   590.0        74.10     1
 12 Arrowsmith Mark            1995    WC    102.50   0.1249    18 175.0          185.0     195.0        11      122.5     132.5       132.5   12   225.0   240.0        250.0        12   567.5         70.88   1
-120kg
  1 Hills Aaron                1989    APA   115.22   0.1183     7   260.0        277.5     285.0        1       182.5     192.5       192.5   1    302.5   312.5        322.5        1    782.5         92.57   12
  2 Malosi-Solomona Carl       1996    APA   119.36   0.1165     9   245.0        255.0     260.0        3       140.0     145.0       145.0   8    290.0   310.0        320.0        2    715.0         83.30    9
  3 Munro Jonathan             1995   CANT   119.46   0.1165    10   260.0        272.5     277.5        2       157.5     162.5       165.0   4    260.0   260.0        280.0        6    700.0         81.55    8
  4 Falakiseni William         1998    APA   118.66   0.1168     6   230.0        242.5     250.0        6       172.5     180.0       180.0   3    260.0   260.0        277.5        5    682.5         79.72    7
  5 Peake Sean                 1994   WBOP   114.66   0.1186     3   230.0        245.0     250.0        4       125.0     132.5       137.5   9    247.5   260.0        265.0        3    647.5         76.79    6
  6 Jones Dean                 1985   CANT   116.04   0.1180     8   232.5        245.0     250.0        5       112.5     120.0       122.5   10   245.0   260.0        267.5        4    632.5         74.64    5
  7 Murphy Sam                 1990   CANT   118.22   0.1170     5   205.0        217.5     230.0        8       130.0     140.0       150.0   7    220.0   235.0        250.0        9    630.0         73.71    4
  8 Elisara Matthew            1997    WC    113.42   0.1192     2   190.0        205.0     212.5        9       150.0     160.0       165.0   5    220.0   235.0        250.0        8    622.5         74.20    3
  9 Swinnen Ian                1990   CANT   119.30   0.1165     4   220.0        230.0     235.0        7       155.0     155.0       160.0   6    212.5   212.5        225.0        10   615.0         71.65    2
 — Clarke Paul                 1989    APA   118.08   0.1171     1   225.0        230.0     230.0        —       165.0     172.5       177.5   2    240.0   255.0        270.0        7    DSQ            —      —
120+kg
  1 Malofou Terry              1998    APA   147.40   0.1068    14   310.0        322.5     330.0        2       230.0     242.0-nzo   250.0   1    330.0   365.0        380.5        2    929.5         99.27   12
  2 Cocker Stanley             1992    APA   135.82   0.1103    18   312.5        315.0     330.0        3       197.5     205.0       215.0   3    345.0   365.0        380.5        1    895.0         98.72    9
  3 Tevaga James               1996    APA   164.86   0.1025    16   350.0        360.0     370.0        1       202.5     210.0       220.0   4    285.0   307.5        330.0        5    877.5         89.94    8
  4 Muipu David                1996    APA   132.70   0.1114    15   287.5        302.5     305.0        4       187.5     195.0       195.0   7    305.0   320.0        325.0        4    815.0         90.79    7
  5 Tongotongo Tisi            1998    APA   152.76   0.1054    17   260.0        280.0     280.0        5       220.0     235.0       242.5   2    300.0   300.0        315.0        6    815.0         85.90    6
  6 Filo Sione                 1991    APA   134.62   0.1107    12   240.0        240.0     240.0        8       175.0     182.5       187.5   8    310.0   325.0        335.0        3    757.5         83.86    5
  7 Harteman Anthony           1995    WC    155.20   0.1048    13   260.0        270.0     275.0        6       180.0     187.5       192.5   6    270.0   285.0        292.5        7    752.5         78.86    4
  8 Postlewaight Allan         1991    APA   135.94   0.1103    11   257.5        272.5     282.5        7       180.0     192.5       202.5   5    262.5   265.0        275.0        8    730.0         80.52    3

Team (points)
   1 Auckland                                              57   [12+12+12+12+9] 485.23 GL Pts
   2 Canterbury                                            49   [12+12+9+8+8] 482.39 GL Pts
   3 Southern                                              46   [12+12+8+7+7] 424.65 GL Pts
   4 Wellington & Central                                  33   [9+7+6+6+5] 426.22 GL Pts
   5 Waikato Bay of Plenty                                 14   [6+6+1+1] 316.34 GL Pts

Best Lifters of Open by IPF GL Formula
Rnk Lifter                      Team                                  Bwt                 Total               GL Points    C.Rnk
 1. Monigatti Timothy          Southern                              82.96                777.5               107.6838     1
 2. King Jamie                 Canterbury                            92.60                800.0               104.8800     1
 3. Sichone Kavwa              Auckland                              73.56                710.0               104.5830     1

Sub-Juniors
-66kg
 1 Lee Hamo                    2004    APA   64.28    0.1581    1    155.0        162.5     170.0-nzsj   1       82.5      87.5        92.5    1    165.0   175.0        187.5        1    450.0         71.14   12
-74kg
 1 Bubb Ollie                  2005   CANT   70.78    0.1503    13   140.0        145.0     150.0        4       85.0      90.0        95.0    2    195.0   205.0        207.5        1    452.5         68.01   12
 2 Abadi Elijah                2005   APA    73.34    0.1475    12   160.0        165.0     167.5        3       75.0      80.0        82.5    3    200.0   205.0        205.0        3    447.5         66.01    9
 3 Campbell Caleb              2005   CANT   70.45    0.1506    14   160.0        167.5     170.0        2       67.5      72.5        77.5    4    190.0   202.5        207.5        2    445.0         67.02    8
 — Tsering Nyima               2004   NTH    72.56    0.1483    10   180.0        192.5     200.5        1       100.0     110.0       112.5   1    202.5   202.5        202.5        —    DSQ            —      —
-83kg
 1 Scanlon Thomas              2005   WBOP   79.34    0.1416     6   207.5        215.0     222.5        2       132.5     137.5       142.5   1    265.0   270.0        277.5-nzsj   1    637.5 -nzsj   90.27   12
 2 Cummings Zachariah          2004   CANT   81.14    0.1400    11   240.5-nzsj   253.0     253.0        1       122.5     127.5       130.0   2    255.0   267.5        270.0        2    623.0         87.22    9
 3 Timmins Alex                2005   WBOP   82.33    0.1390     7   175.0        185.0     192.5        3       107.5     112.5       115.0   3    185.0   195.0        202.5        4    510.0         70.89    8
 4 Du Toit Schwarz             2004    WC    79.78    0.1412     9   160.0        170.0     180.0        4       100.0     102.5       105.0   4    200.0   212.5        222.5        3    485.0         68.48    7
 5 Mckelvey Takumi             2004    WC    80.30    0.1408     8   150.0        162.5     170.0        5       85.0      95.0        100.0   5    185.0   200.0        210.0        5    465.0         65.47    6
-93kg
 1 Fouche Tyrone               2004    APA   92.25    0.1313    4    165.0        175.0     180.0        1       100.0     107.5       112.5   2    235.0   247.5        247.5        1    540.0         70.90   12
 2 Farrell Joseph              2005    WC    86.75    0.1354    5    142.5        150.0     155.0        2       117.5     117.5       117.5   1    182.5   200.0        237.5        2    467.5         63.30    9
-105kg
 1 Shehata Ahmed               2004    WC    101.60   0.1254    3    230.0        242.5     250.0        1       175.0-nzsj 182.5      182.5   1    265.0   277.5-nzsj   297.5-nzsj   1    722.5 -nzsj   90.60   12
120+kg
 1 Williams Hone               2006    NTH   129.60   0.1125    2    245.0        245.0     250.0        1       135.0     145.0       150.0   1    235.0   245.0        250.0        1    640.0 -nzsj   72.00   12

Team (points)
   1 Wellington & Central                                  34 [12+9+7+6] 287.85 GL Pts
   2 Auckland                                              33 [12+12+9] 208.05 GL Pts
   3 Canterbury                                            29 [12+9+8] 222.25 GL Pts
   4 Waikato Bay of Plenty                                     20 [12+8] 161.16 GL Pts
   5 Northland                                                 12 [12] 72.00 GL Pts

Best Lifters of Subjuniors by IPF GL Formula
Rnk Lifter                      Team                                       Bwt            Total              GL Points      C.Rnk
 1. Shehata Ahmed               Wellington & Central                     101.60           722.5               90.6015       1
 2. Scanlon Thomas              Waikato Bay of Plenty                     79.34           637.5               90.2700       1
 3. Cummings Zachariah          Canterbury                                81.14           623.0               87.2200       2

Juniors
 -59kg
  1 De Ocampo Eiman             2000    CANT     58.85    0.1657    15 165.0      172.5      175.5-nzj   1      90.0        95.0        97.5    1   200.0   210.5-nzj   220.5   1   483.5 -nzjr   80.12   12
  2 Thakkar Dhairya             2000     STH     57.59    0.1676    16 107.5      115.0      120.0       2      82.5        87.5        92.5    2   170.0   185.0       195.0   2   402.5         67.46    9
 -66kg
  1 Richards Lachlan            2000    CANT     65.54    0.1565    23 160.0      160.0      160.0       1      100.0       105.0       105.0   1   210.0   215.0       215.0   1   470.0         73.56   12
 -74kg
  1 Calder-Lee Ben              2001    CANT     73.79    0.1470    25 227.5      237.5      242.5       1      140.0       147.5       147.5   1   237.5   250.0       265.0   1   635.0         93.34   12
  2 Stoddard Josh               2000    CANT     72.88    0.1480    24 200.0      215.0      225.0       2      107.5       117.5       122.5   2   205.0   220.0       230.0   2   572.5         84.73    9
  3 Buitendach Reynhard         2003    APA      72.59    0.1483    26 170.0      172.5      172.5       3      105.0       112.5       112.5   3   200.0   210.0       220.0   3   505.0         74.89    8
 -83kg
  1 Trainor Matt                2000     WC      82.83    0.1386    18   245.0    255.0      265.0       1      152.5       155.0       170.0   1   265.0   280.0       290.0   1   705.0         97.71   12
  2 Cheung Kinan                2001     APA     82.72    0.1387    21   210.0    210.0      227.5       2      145.0       152.5       157.5   2   217.5   230.0       240.0   5   625.0         86.69    9
  3 Winika Paora                2000     WC      81.33    0.1399    17   207.5    222.5      227.5       3      145.0       152.5       152.5   3   227.5   240.0       252.5   2   620.0         86.74    8
  4 Saito Kazu                  2000     WC      81.00    0.1401    27   190.0    205.0      212.5       5      132.5       137.5       142.5   4   242.5   252.5       252.5   4   592.5         83.01    7
  5 Peterson Jared              1999     WC      81.75    0.1395    22   190.0    200.0      200.0       6      125.0       132.5       132.5   5   230.0   245.0       252.5   3   577.5         80.56    6
  6 Signal Josh                 1999     STH     81.94    0.1393    28   180.0    192.5      200.0       7      130.0       132.5       140.0   6   217.5   232.5       245.0   6   565.0         78.70    5
  7 Macmillan Ryan              1999     APA     81.16    0.1400    19   200.0    210.0      215.0       4      105.0       110.0       112.5   7   210.0   225.0       240.0   7   550.0         77.00    4
 -93kg
  1 Silvey Matt                 2000     STH     92.94    0.1309    8    245.0    257.5      267.5       1      155.0       160.0       160.0   2   303.5   316.5       321.0   1   748.5 -nzj    97.98   12
  2 Munyaka MacDonald           1999    CANT     90.66    0.1325    6    230.0    245.0      245.0       3      185.5-nzj   193.0-nzj   198.0   1   280.0   300.0       310.0   3   738.0 -nzj    97.78    9
  3 Mishra Raynan               2000    APA      90.92    0.1323    5    242.5    252.5      260.0       2      145.0       152.5       152.5   5   280.0   295.0       305.0   2   717.5         94.93    8
  4 Oreta Andre                 2001    CANT     92.82    0.1309    3    217.5    230.0      242.5       4      132.5       140.0       145.0   7   247.5   260.0       272.5   4   660.0         86.39    7
  5 Newman Harry                2001    CANT     92.14    0.1314    2    210.0    225.0      232.5       5      152.5       157.5       160.0   4   235.0   235.0       260.0   5   650.0         85.41    6
  6 Burrell Jack                2001     WC      92.16    0.1314    1    227.5    240.0      242.5       6      135.0       142.5       150.0   6   247.5   260.0       270.0   6   637.5         83.77    5
  7 Nehring Nicolai             2003    APA      91.50    0.1319    7    202.5    215.0      222.5       8      152.5       157.5       165.0   3   210.0   220.0       227.5   7   592.5         78.15    4
  8 Waller Nick                 1999     WC      90.88    0.1323    9    215.0    225.0      230.0       7      127.5       135.0       142.5   8   195.0   207.5       212.5   8   562.5         74.42    3
 -105kg
  1 Graham Heath                2002   WBOP      102.42   0.1249    14   260.0    262.5      277.5       1      167.5       175.0       177.5   1   285.0   300.0       308.0   1   760.5         94.99   12
  2 Dickerson-Gillett Quintin   2001   CANT      104.34   0.1238    12   245.0    257.5      265.0       3      167.5       175.0       177.5   2   290.0   305.5       321.0   2   745.5         92.29    9
  3 Dio Raffy                   2001    APA      98.64    0.1272    13   250.0    265.0      270.0       2      152.5       157.5       162.5   3   262.5   277.5       287.5   3   710.0         90.31    8
  4 Milligan Harry              2002    STH      99.80    0.1264    15   217.5    230.0      232.5       4      130.0       137.5       137.5   4   245.0   265.0       280.0   4   635.0         80.26    7
  5 Farid Ahmed                 2002    WC       101.90   0.1252    10   210.0    215.0      217.5       5      135.0       137.5       137.5   5   240.0   250.0       257.5   5   610.0         76.37    6
  6 Vroland Duncan              2000   CANT      104.00   0.1240    11   190.0    205.0      212.5       6      110.0       115.0       117.5   6   220.0   245.0       245.0   6   540.0         66.96    5
 120+kg
  1 Jahnke Tyler                2000   WBOP      158.36   0.1040    16 275.0      295.0      313.0-nzj   1      145.0       152.5       160.0   2   310.0   320.0       330.0   1   803.0         83.51   12
  2 Bell David                  2000    APA      145.72   0.1073    17 240.0      240.0      260.0       2      155.0       170.0       185.0   1   240.0   255.0       270.0   2   695.0         74.57    9

Team (points)
   1 Canterbury                                                54   [12+12+12+9+9] 437.09 GL Pts
   2 Auckland                                                  42   [9+9+8+8+8] 421.39 GL Pts
   3 Wellington & Central                                      39   [12+8+7+6+6] 424.39 GL Pts
   4 Southern                                                  33   [12+9+7+5] 324.41 GL Pts
   5 Waikato Bay of Plenty                                     24   [12+12] 178.50 GL Pts

Best Lifters of Juniors by IPF GL Formula
Rnk Lifter                      Team                                      Bwt             Total              GL Points      C.Rnk
 1. Silvey Matt                 Southern                                 92.94            748.5               97.9787       1
 2. Munyaka MacDonald           Canterbury                               90.66            738.0               97.7850       2
 3. Trainor Matt                Wellington & Central                     82.83            705.0               97.7130       1

Masters 1
-66kg
 1 Richardson Andrei            1978     APA     65.74    0.1562    10 155.0      165.0      172.5-nzm1 1      105.0    110.0   112.5     1    200.0   205.0      210.0     1    492.5   76.93   12
-93kg
 1 Flint Alex                   1978     APA     91.68    0.1317    13 195.0      207.5      217.5     1       135.0    140.0   145.0     2    220.0   235.0      245.0     1    607.5   80.01   12
 2 Best Richard                 1975     WC      88.04    0.1344    11 177.5      187.5      195.0     2       137.5    145.0   150.0     1    207.5   220.0      225.0     2    552.5   74.26    9
-105kg
 1 Neves Darren                 1980     APA     103.46   0.1243    12 245.0      257.5      262.5     1       150.0    160.0   170.0     1    250.0   260.0      267.5     2    685.0   85.15   12
 2 Ng Edwin                     1979     APA     104.52   0.1237    14 235.0      247.5      257.5     2       137.5    145.0   150.0     2    265.0   277.5      285.0     1    680.0   84.12    9
-120kg
 1 Jones David                  1981     WC      113.76   0.1190    16 210.0      225.0      235.0     1       117.5    127.5   135.0     3    240.0   272.5      277.5     2    642.5   76.46   12
 2 Campbell Brendan             1977     WC      106.60   0.1226    15 190.0      207.5      215.0     3       137.5    145.0   145.0     2    250.0   275.0      285.0     1    637.5   78.16    9
 3 Taumoepeau Steven            1974     WC      118.24   0.1170    18 200.0      220.0      232.5     2       150.0    150.0   152.5     1    240.0   260.0      260.0     3    622.5   72.83    8
120+kg
 1 Anderson Jason               1979     WC      144.94   0.1075    19 240.0      252.5      265.0     1       135.0    142.5   147.5     2    275.0   293.0-nzm1 308.0     1    688.0   73.96   12
 2 Smith Craig                  1978    CANT     134.00   0.1109    20 195.0      210.0      225.0     2       150.0    162.5   167.5     1    250.0   275.0      280.0     2    647.5   71.81    9

Team (points)
   1 Wellington & Central                                      50 [12+12+9+9+8] 375.66 GL Pts
   2 Auckland                                                  45 [12+12+12+9] 326.20 GL Pts
   3 Canterbury                                                 9 [9] 71.81 GL Pts

Best Lifters of Masters 1 by IPF GL Formula
Rnk Lifter                       Team                                     Bwt              Total            GL Points   C.Rnk
 1. Neves Darren                Auckland                                103.46             685.0             85.1455    1
 2. Ng Edwin                    Auckland                                104.52             680.0             84.1160    2
 3. Flint Alex                  Auckland                                 91.68             607.5             80.0078    1

Masters 2
-74kg
 1 Williamson Tecwyn            1966    CANT     73.96    0.1469    1   170.0     185.0      195.0     1       122.5    131.5   131.5     1    200.0   210.0      217.5     1    527.5   77.49   12
-83kg
 1 Graham Robb                  1968   WBOP      80.92    0.1402    2   155.0     160.0      165.0     1       95.0     97.5    100.0     1    200.0   215.0      217.5     1    480.0   67.30   12
-93kg
 1 McMillan Craig               1969     WC      92.65    0.1311    4   215.0     230.0      230.0     1       130.0    137.5   142.5     1    245.0   262.5      273.0-nzm1 1   645.5   84.63   12
-105kg
 1 Snelgrove Adrian             1964     APA     101.54   0.1254    6   210.0     222.5      235.0     1       140.0    147.5   155.0     1    245.0   257.5      270.0     1    640.0   80.26   12
 2 Farrell Mark                 1969     WC      104.44   0.1238    5   162.5     175.0      182.5     2       132.5    142.5   150.0     2    70.0      X          X       2    395.0   48.90    9
-120kg
 1 Peters Jason                 1970     WC      111.62   0.1200    7   200.0     210.0      215.0     1       127.5    132.5   132.5     1    190.0   200.0      210.0     1    552.5   66.30   12
120+kg
 1 Muller Carl                  1967     WC      148.10   0.1066    9   227.5     240.0      252.5     1       137.5    145.0   152.5      2   200.0   210.0      220.0     1    612.5   65.29   12
 2 Gattsche Paul                1968     APA     128.46   0.1129    8   170.0     180.0      190.0     2       180.0    190.0   203.0-nzm2 1   180.0   200.0      220.0     2    583.0   65.82    9

Team (points)
   1 Wellington & Central                                      45   [12+12+12+9] 265.12 GL Pts
   2 Auckland                                                  21   [12+9] 146.08 GL Pts
   3 Canterbury                                                12   [12] 77.49 GL Pts
   4 Waikato Bay of Plenty                                     12   [12] 67.30 GL Pts

Best Lifters of Masters 2 by IPF GL Formula
Rnk Lifter                       Team                                     Bwt              Total            GL Points   C.Rnk
 1. McMillan Craig              Wellington & Central                     92.65             645.5             84.6251    1
 2. Snelgrove Adrian            Auckland                                101.54             640.0             80.2560    1
 3. Williamson Tecwyn           Canterbury                               73.96             527.5             77.4898    1

Masters 3
-74kg
 1 Pickens Stephen              1957     NTH     72.20    0.1487    4   137.5     147.5      150.0     1       87.5     92.5    92.5      1    180.0   180.0      185.0     1    420.0   62.45   12
 2 Crawford-Smith John          1962     STH     72.72    0.1481    1   132.5     142.5      147.5     2       80.0     85.0    87.5      2    160.0   172.5      185.0     2    417.5   61.83    9
 3 Crosbie Philip               1957     APA     74.00    0.1468    5   135.0     145.0      150.0     3       65.0     70.0    72.5      3    160.0   167.5      172.5     3    382.5   56.15    8
-83kg
 1 King Stephen                 1962 APA EQP 81.32        0.1399    6   190.0      205.0-nzm3 217.5-nzm3 1      90.0     100.0     105.0   1   180.0   195.0   195.0     1    517.5         72.40   12
-93kg
 1 Tepa Norman                  1960     APA     88.52    0.1340    7   190.0      200.0      207.5     1       122.5    125.0     132.5   1   210.0   220.0   225.0     1    557.5         74.70   12
-105kg
 1 Henderson Bill               1960     WC      103.88   0.1241    10 180.0-nzm3 190.0-nzm3 200.0-nzm3 1       95.0     105.0     110.0   2   220.0   220.0   235.0-nzm3 1   545.0 -nzm3   67.63   12

 1 Urlich Tony                  1960 NTH EQP 97.84        0.1277    11 160.0       170.0      180.0     2       115.0    120.0     125.0   1   180.0   190.0   195.0     2    480.0         61.30   9
120+kg
 1 Holmes Geoffrey              1961     WC      141.21   0.1086    2   200.0      215.0      227.5-nzm3 1      105.0    105.0     105.0   1   200.0   212.5   227.5-nzm3 1   560.0         60.82   12

Team (points)
   1 Wellington & Central                                      24   [12+12] 128.45 GL Pts
   2 Auckland                                                  20   [12+8] 130.86 GL Pts
   3 Northland                                                 12   [12] 62.45 GL Pts
   4 Southern                                                   9   [9] 61.83 GL Pts

Best Lifters of Masters 3 by IPF GL Formula
Rnk Lifter                       Team                                     Bwt               Total            GL Points   C.Rnk
 1. Tepa Norman                 Auckland                                 88.52              557.5             74.7050    1
 2. King Stephen                Auckland EQP                             81.32              517.5             72.3983    1
 3. Henderson Bill              Wellington & Central                    103.88              545.0             67.6345    1

Masters 4
-74kg
 1 Patchett Barry               1945   WBOP      71.50    0.1495    3   102.5      102.5      105.0     1       77.5     80.0-nzm4 82.5    1   127.5   135.0   145.0     1    320.0         47.84   12
-93kg
 1 Barrett Bryan                1952     NTH     92.10    0.1314    8   155.0      165.0-nzm4 172.5-nzm4 1      95.0     100.0     102.5   1   195.0   205.0   210.0     1    482.5 -nzm4   63.40   12

Team (points)
   1 Northland                                                 12 [12] 63.40 GL Pts
   2 Waikato Bay of Plenty                                     12 [12] 47.84 GL Pts

Best Lifters of Masters 4 by IPF GL Formula
Rnk Lifter                       Team                                    Bwt                Total            GL Points   C.Rnk
 1. Barrett Bryan               Northland                               92.10               482.5             63.4005    1
 2. Patchett Barry              Waikato Bay of Plenty                   71.50               320.0             47.8400    1

Abbreviations:
nzsj- New Zealand Sub Junior Record; nzj- New Zealand Junior Record; nzm1- New Zealand Masters 1 Record;
nzm2- New Zealand Masters 2 Record; nzm3- New Zealand Masters 3 Record; nzm4- New Zealand Masters 4 Record; nzo- New Zealand Open Record
DSQ - Disqualification; DR - Removed by a Doctor; TD - Technical Disqualification; DD - Doping Disqualification.

APA = Auckland                                                          STH = Southern
CANT = Canterbury                                                       WBOP = Waikato Bay of Plenty
NTH = Northland                                                         WC = Wellington & Central
APA EQP = Auckland Equipped                                             NTH EQP = Northland Equipped
