April 11 2015                                                                                                                                    2015 AAPF Nationals- Men FP -Kg Results
           Name      Age        Div       BWt (Kg)   WtCls (Kg)   Glossbrenner   Squat 1   Squat 2   Squat 3   Squat 4   Best Squat   Bench 1   Bench 2   Bench 3   Bench 4   Best Bench   Sub Total   Deadlift 1   Deadlift 2   Deadlift 3   Deadlift 4   Best Deadlift   PL Total   Coeff Score   Age & Coeff               Pl-Div-WtCl
Adam Zevchik         20     M_JEM_AAPF      69.8         75         0.7279       -222.5    -222.5     222.5                222.5         85      132.5     142.5                142.5         365       182.5        -212.5       -225                        182.5         547.5     398.52525          0              1-M_JEM_AAPF-75
Brandon George       15     M_TR_1_AAPF     98.5        100        0.58505        145        155       160      165         160        117.5     122.5    -127.5                122.5        282.5      177.5         192.5       -205                        192.5          475      277.89875          0            1-M_TR_1_AAPF-100
Chase Lowenstein     17     M_TR_2_AAPF    100.1        110        0.58105       177.5       185      -195                  185         130       140       145      147.5       145          330        190           200         220                         220           550       319.5775          0            2-M_TR_2_AAPF-110
Cliff Shipley        56     M_MR_4_AAPF     79.7        82.5       0.6595         105        110       120                  120        92.5        95      -100                  95           215        180          187.5       197.5                       197.5         412.5     272.04375     338.9665125     2-M_MR_4_AAPF-82.5
Cody Gaynor          15     M_TR_1_AAPF     80.7        82.5        0.654         115        120     -127.5                 120        92.5       100      -105                  100          220        160          -170        -170                         160           380        248.52           0           1-M_TR_1_AAPF-82.5
Cody Seymore         17     M_TR_2_AAPF     88.3         90        0.61845       147.5      157.5      165                  165         110      117.5     122.5                122.5        287.5      182.5         197.5        210                         210          497.5     307.678875         0             1-M_TR_2_AAPF-90
Dan Oberman          48     M_MR_2_AAPF     89.6         90        0.61335        135        145       155                  155         115       125       130                  130          285       212.5          225        237.5                       237.5         522.5     320.475375    351.5614864       1-M_MR_2_AAPF-90
Dario Medina         18     M_TR_3_AAPF     59.1         60        0.84525        110        120      127.5                127.5         80        85      -92.5                  85         212.5      142.5          155        -165                         155          367.5     310.629375         0             1-M_TR_3_AAPF-60
David Thompson       17     M_TR_2_AAPF    109.8        110        0.56275       177.5      187.5     197.5                197.5        130      137.5      145     -147.5       145         342.5       230          252.5       272.5         -280          272.5          615      346.09125          0            1-M_TR_2_AAPF-110
Dick Zenzen          62    M_MEM_5_AAPF    111.9        125        0.56045        -275      -275       275                  275          75      -165     -182.5                  75          350       182.5          198        -215                         198           548       307.1266     427.8273538    1-M_MEM_5_AAPF-125
Dillon Gaynor        16     M_TR_2_AAPF      74          75        0.69545        130       137.5    -147.5                137.5       82.5       92.5    -102.5                92.5          230       152.5         167.5       182.5                       182.5         412.5     286.873125         0             1-M_TR_2_AAPF-75
Dominic Swanson      16     M_TR_2_AAPF    122.5        125         0.5483       222.5       230      247.5    -257.5      247.5       152.5      160       165      170         165         412.5      232.5         247.5       262.5         -275          262.5          675       370.1025          0            1-M_TR_2_AAPF-125
Donald Buxton        50     M_MR_3_AAPF    107.9        110         0.5664        220       232.5     237.5                237.5        145     -157.5    -157.5                 145         382.5       250          262.5        275                         275          657.5      372.408       420.82104       1-M_MR_3_AAPF-110
Doug Petersen        60    M_MR_5_AAPF      81.7        82.5        0.6487        175       190       200                   200        120       127.5     132.5                132.5        332.5        195        207.5          215                        215          547.5     355.16325     475.918755      1-M_MR_5_AAPF-82.5 BL Raw
Garrin Clark         46     M_MR_2_AAPF     74.5         75        0.69195       142.5      155        0                    155         100      102.5     -105                 102.5        257.5       205         212.5         -215                       212.5          470      325.2165      347.331222        1-M_MR_2_AAPF-75
Greg Zweig           55     M_MR_4_AAPF     80.6        82.5        0.6545         55        80       100                   100         128      132.5    -137.5                132.5        232.5       200          220           240         -258           240          472.5     309.25125     378.8327813     1-M_MR_4_AAPF-82.5
Jeff Arioli          48     M_MR_2_AAPF    108.7        110         0.5644        230      237.5     -255                  237.5        -195     -195      -195                   0            0          0                                                     0             0           0              0                            0
Jeff Orr             59    M_MEM_4_AAPF    93.3         100         0.6003        185       205      -225                   205        152.5     -165      -165                 152.5        357.5      187.5          200         -215                        200          557.5     334.66725     440.0874338    1-M_MEM_4_AAPF-100
Jeff Pugh            41     M_MR_1_AAPF      74          75        0.69545       172.5      185      192.5                 192.5         95     -102.5     102.5                102.5         295        180           190        -197.5                       190           485      337.29325     340.6661825       1-M_MR_1_AAPF-75
Jose Garcia Jr       18     M_TR_3_AAPF     74.2         75          0.694        130      142.5      155                   155          95      102.5     -110                 102.5        257.5      167.5          190          205                        205          462.5      320.975           0             1-M_TR_3_AAPF-75
Justin Norman        23     M_JR_AAPF      122.2        125        0.54865       292.5      305      317.5     322.5       317.5       192.5     205       212.5                212.5        530        302.5        317.5        332.5           0           332.5         862.5     473.210625         0             1-M_JR_AAPF-125 BL Raw
Kirby Anderson       78    M_MEM_8_AAPF    65.8         67.5       0.76505        110       -145      125       -145        125         80         85       -90                   85          210        105         112.5         117.5                      117.5         327.5     250.553875    491.3361489    1-M_MEM_8_AAPF-67.5
Kyle Pigney          18     M_TR_3_AAPF    79.5         82.5        0.6606       152.5      157.5    162.5                 162.5       130        135     -137.5                 135         297.5       185          190          192.5                      192.5          490       323.694           0            1-M_TR_3_AAPF-82.5
Martin Adlen         22      M_JR_AAPF     88.2          90        0.61885        170        185     -195                   185        115        125     -127.5                 125          310       177.5         190           200                        200           510       315.6135          0                 2-M_JR_AAPF-90
Matt Wallace         20      M_JR_AAPF     67.5         67.5       0.7484         145        160     167.5     -180.5      167.5       100        115     -117.5                 115         282.5      182.5        202.5         207.5                      207.5          490       366.716           0               1-M_JR_AAPF-67.5
Matthew Taylor       23     M_JEM_AAPF     85.6          90         0.6299        305        320     342.5                 342.5      -172.5     182.5     202.5                202.5         545       252.5         275          287.5                      287.5         832.5     524.39175          0               1-M_JEM_AAPF-90
Michael Gawron       16     M_TR_2_AAPF     80          82.5        0.6578       137.5       145     -155                   145       102.5       110      -115                  110          255        160           0             0                         160           415       272.987           0            1-M_TR_2_AAPF-82.5
Michael Larsen       55    M_MEM_4_AAPF    81.6         82.5       0.64925       162.5      -175     -185                  162.5       72.5       -80        0                  72.5          235       142.5         160          177.5                      177.5         412.5     267.815625    328.0741406    1-M_MEM_4_AAPF-82.5
Michael Matlock      42    M_MES_1_AAPF    99.9         100         0.5828        -275       275       0                    275       182.5     -192.5    -192.5                182.5        457.5      227.5        237.5          240                        240          697.5      406.503       414.63306      1-M_MES_1_AAPF-100
Michael Sonntag      22      M_JR_AAPF     96.2         100         0.5914        195      -207.5    -210                   195       117.5       120      122.5                122.5        317.5      192.5        217.5        -227.5                      217.5          535       316.399           0                1-M_JR_AAPF-100
Mike Wider           67     M_MR_6_AAPF    65.7         67.5         0.766       107.5      122.5    130.5                 130.5       77.5       87.5       93                   93         223.5       170          185           193                        193          416.5      319.039      492.277177       1-M_MR_6_AAPF-67.5
Nicholas Strauss     17     M_TR_2_AAPF    138.2        140        0.53265       167.5      182.5     200                   200        120        130     -137.5                 130          330        195          210          227.5                      227.5         557.5     296.952375         0            1-M_TR_2_AAPF-140
Paul Coats           48     M_MR_2_AAPF    81.5         82.5       0.64975       182.5       190     192.5                 192.5      127.5       130     -132.5                 130         322.5      227.5        237.5         242.5                      242.5          565      367.10875     402.7182988      1-M_MR_2_AAPF-82.5
Peter Puczko         41     M_MR_1_AAPF    89.7          90          0.613        190       -210       0                    190        105        115      117.5                117.5        307.5      202.5        217.5         -230                       217.5          525       321.825       325.04325         1-M_MR_1_AAPF-90
Peter Ruane          18    M_TES_3_AAPF     82.1        82.5       0.64665        -185      185       200      207.5        200        102.5     117.5     127.5     137.5      127.5        327.5        205        227.5        242.5          255          242.5          570       368.5905          0         1-M_TES_3_AAPF-82.5
PJ Ginn              22      M_JR_AAPF      89.2        90          0.6149        230      247.5      250                   250        177.5     185       187.5                187.5        437.5      267.5        282.5        297.5                       297.5          735       451.9515          0               1-M_JR_AAPF-90
Rich Flores          77    M_MEM_8_AAPF     72.6        75         0.70565        -130      130      147.5                 147.5       62.5       70        75                    75         222.5        160          185          190                        190          412.5     291.080625    558.2926388     1-M_MEM_8_AAPF-75 BL Equipped
Robert Bierschbach   46    M_MES_2_AAPF    134.9        140        0.53615        285       -305        0                   285        205      -212.5       0                   205          490       242.5         257.5        272.5                      272.5         762.5     408.814375    436.6137525     1-M_MES_2_AAPF-140
Rudy Ruettiger       60    M_MEM_5_AAPF     81.5        82.5       0.64975       242.5     -277.5     277.5                277.5      -142.5     142.5       0                  142.5         420       217.5        -227.5       -227.5                      217.5         637.5     414.215625    555.0489375    1-M_MEM_5_AAPF-82.5
Sherwood Harris      22      M_JR_AAPF     137.5        140         0.5332       247.5       265      282.5                282.5       200       207.5     -210                 207.5         490       317.5          335         342.5                      342.5         832.5      443.889           0              1-M_JR_AAPF-140
Steve Grailer        54    M_MEM_3_AAPF    121.9        125         0.5495       282.5       300      312.5                312.5      -237.5     237.5     -245                 237.5         550        240          252.5         260                        260           810       445.095       535.89438     1-M_MEM_3_AAPF-125
Stihl Chalmers       15    M_TEM_1_AAPF     63.6        67.5       0.78855       172.5     -187.5    -187.5                172.5        85        95      -102.5                 95          267.5       155           170         182.5                      182.5          450       354.8475          0          1-M_TEM_1_AAPF-67.5
Vincent Stepchuk     49    M_MEM_2_AAPF     87.7         90         0.6209       267.5      287.5      295                  295        205       -220       220                  220          515        220           230          235                        235           750       465.675      518.296275       1-M_MEM_2_AAPF-90
Zachary Freeman      20      M_JR_AAPF      105         110        0.57065       197.5       205       210                  210        145       152.5     -160                 152.5        362.5       190           195          210                        210          572.5     326.697125         0              1-M_JR_AAPF-110


April 12 2015                                                                                                                                                 2015 AAPF Nationals - Men FP - Kg Results
           Name      Age        Div       BWt (Kg)   WtCls (Kg)   Glossbrenner   Squat 1   Squat 2   Squat 3   Squat 4   Best Squat   Bench 1   Bench 2   Bench 3   Bench 4   Best Bench   Sub Total   Deadlift 1   Deadlift 2   Deadlift 3   Deadlift 4   Best Deadlift   PL Total   Coeff Score   Age & Coeff      Pl-Div-WtCl
Andy Connors         46     M_OR_AAPF      109.8        110        0.56275        185       215      227.5                 227.5       192.5      220       230      -240        230         457.5       230           265        -272.5                       265          722.5     406.586875    434.2347825    1-M_OR_AAPF-110
Aniekan Akpaninyie   26     M_OR_AAPF       93.6        100        0.5993        -162.5    167.5     172.5                 172.5        120       125      -130                  125         297.5      232.5        -242.5       -242.5                      232.5          530       317.629           0         5-M_OR_AAPF-100
Brandon Lee          30     M_OES_AAPF      80.1        82.5       0.6573        192.5     207.5      215                   215        152.5     167.5     172.5                172.5        387.5       220          227.5       -237.5                      227.5          615       404.2395          0        1-M_OES_AAPF-82.5
Brent Hronik         24     M_OR_AAPF        82         82.5       0.64715        175       190       195                   195         115      122.5     -125                 122.5        317.5       210           220         -230                        220          537.5     347.843125         0        2-M_OR_AAPF-82.5
Brian Kane           28     M_OR_AAPF       100         100         0.5813        185      192.5      200                   200        132.5     140      -142.5                 140         340          200        212.5        217.5                       217.5         557.5     324.07475          0        2-M_OR_AAPF-100
CJ Reed              35     M_OR_AAPF        75          75        0.68855       147.5      152.5     -155                 152.5       137.5     142.5    -147.5                142.5         295       192.5        197.5         202.5                      202.5         497.5     342.553625         0         1-M_OR_AAPF-75
CJ Reed 2            35     M_SR_AAPF        75          75        0.68855       147.5      152.5     -155                 152.5       137.5     142.5    -147.5                142.5         295       192.5        197.5         202.5                      202.5         497.5     342.553625         0         1-M_SR_AAPF-75
David Abdemoulaie    34     M_OR_AAPF      108.1        110         0.5653        250        265      277.5                277.5        150       165      -175                  165         442.5       240          265          -270                        265          707.5     399.94975          0        2-M_OR_AAPF-110
David Braaten        32     M_OR_AAPF      121.2        125         0.5497       272.5      292.5     297.5                297.5       172.5     182.5    -187.5                182.5         480       277.5        297.5        -307.5                      297.5         777.5     427.39175          0        1-M_OR_AAPF-125
David Sutor          36     M_OR_AAPF       80.2        82.5        0.6567       182.5     -187.5    -187.5                182.5       102.5     107.5    -112.5                107.5         290        230         237.5        -247.5                      237.5         527.5     346.40925          0        3-M_OR_AAPF-82.5
David Sutor 2        36     M_SR_AAPF       80.2        82.5        0.6567       182.5     -187.5    -187.5                182.5       102.5     107.5    -112.5                107.5         290        230         237.5        -247.5                      237.5         527.5     346.40925          0        1-M_SR_AAPF-82.5
Dennis Ryan          35     M_SEM_AAPF     103.1        110         0.5744        -230      -230      -230                   0           0                                        0            0          0                                                     0             0            0             0               0
Dwayne Levels        35     M_OR_AAPF      135.2        140         0.5353        240       252.5     -265                 252.5       172.5    -187.5    -187.5                172.5         425        245         262.5        272.5                       272.5         697.5     373.37175          0        2-M_OR_AAPF-140
Dwayne Levels 2      35     M_SR_AAPF      135.2        140         0.5353        240       252.5     -265                 252.5       172.5    -187.5    -187.5                172.5         425        245         262.5        272.5                       272.5         697.5     373.37175          0        1-M_SR_AAPF-140
Hayden Baillio       23     M_OR_AAPF      134.6        140        0.53585        260      277.5      -283                 277.5       212.5     225      -232.5                 225         502.5        300          320         -325                        320          822.5     440.736625         0        1-M_OR_AAPF-140           BL Raw
James Wahoviak Jr    29     M_OEM_AAPF      99.1        100        0.58355        255       265      -277.5                 265        182.5      190       195                  195          460       227.5         -240         -240                       227.5         687.5     401.190625         0        2-M_OEM_AAPF-100
Jay Brown            34      M_SR_AAPF      95.8        100        0.59255       -172.5    172.5     -192.5                172.5        110      117.5     122.5                122.5         295        210          227.5       -237.5                      227.5         522.5     309.607375         0         1-M_SR_AAPF-100
Joe Alagno           33     M_SEM_AAPF      89.7         90         0.613        227.5     -245       -245                 227.5       152.5     167.5    -172.5                167.5         395        265          277.5        282.5                      282.5         677.5      415.3075          0         1-M_SEM_AAPF-90
John Berg            25     M_OR_AAPF       97.9        100        0.58805        160      177.5       180                  180        137.5     147.5    -152.5                147.5        327.5       215          -235         -235                        215          542.5     319.017125         0         4-M_OR_AAPF-100
Joseph Grosz         33     M_OES_AAPF     122.2        125        0.54865       -332.5    332.5     -367.5                332.5        225     -242.5     -250                  225         557.5      272.5        -292.5        292.5                      292.5          850       466.3525          0        1-M_OES_AAPF-125
Joseph Grosz 2       33     M_SES_AAPF     122.2        125        0.54865       -332.5    332.5     -367.5                332.5        225     -242.5     -250                  225         557.5      272.5        -292.5        292.5                      292.5          850       466.3525          0        1-M_SES_AAPF-125
Joseph Sonntag       24     M_OES_AAPF      99.1        100        0.58355       -367.5    -367.5    367.5     392.5       367.5       230       245       252.5                252.5        620        262.5          275        287.5                       287.5         907.5     529.571625         0        1-M_OES_AAPF-100          BL Equipped
Justin Gerretse      28     M_OR_AAPF       91.5        100         0.6064        210      -222.5      225                  225        145       157.5     -170                 157.5        382.5      257.5        -272.5       -272.5                      257.5          640       388.096           0         1-M_OR_AAPF-100
Justin Sepe          27     M_OR_AAPF       67.2        67.5       0.75125        125       142.5       0                  142.5       100        110      112.5                112.5         255       212.5         -230         -230                       212.5         467.5     351.209375         0        1-M_OR_AAPF-67.5
Kenneth Bram         48     M_OR_AAPF       66.7        67.5        0.7561       112.5       120       125                  125       142.5       145       150                  150          275       102.5         107.5        112.5                      112.5         387.5     292.98875     321.4086588   2-M_OR_AAPF-67.5
Kevin Long           27     M_OR_AAPF       81.5        82.5       0.64975        -200       200      -210                  200        120       127.5     -130                 127.5        327.5      182.5         202.5         210                        210          537.5     349.240625         0        1-M_OR_AAPF-82.5
Lawrence Scott       31     M_OR_AAPF       96.9        100        0.59085       192.5      197.5    -202.5                197.5      132.5      137.5    -142.5                137.5         335        215          -220                                     215           550       324.9675          0         3-M_OR_AAPF-100
Matt Graber          31     M_OEM_AAPF      88.4         90         0.6181        265        295      -320                  295        155        165     -177.5                 165          460       227.5          240         -250                        240           700        432.67           0        1-M_OEM_AAPF-90
Nicholas Nagy        26     M_OR_AAPF      109.3        110         0.5635       222.5       235     -242.5                 235        155       162.5     167.5                167.5        402.5      267.5         -285         -285                       267.5          670       377.545           0         3-M_OR_AAPF-110
Patrick Callahan     29     M_OR_AAPF      106.6        110         0.5678        210       212.5      220                  220       122.5      -130      -130                 122.5        342.5      207.5         212.5       -217.5                      212.5          555       315.129           0         4-M_OR_AAPF-110
Rob Cerkoske Jr      28     M_OR_AAPF      119.5        125        0.55145       192.5       210      227.5                227.5      132.5       145       150                  150         377.5       250           275        -282.5                       275          652.5     359.821125         0         2-M_OR_AAPF-125
Sandro Serrano       21     M_OR_AAPF        53          56         0.9464       117.5       130     -140.5                 130        87.5        95      102.5                102.5        232.5      162.5          175         -185                        175          407.5      385.658           0          1-M_OR_AAPF-56
Scott Kuderick       41     M_OEM_AAPF      95.3        100          0.594        320        335     -352.5                 335       192.5       205     -222.5                 205          540        240          252.5       -267.5                      252.5         792.5      470.745       475.45245    1-M_OEM_AAPF-100
Sean Dickson         30     M_OR_AAPF       70.6         75        0.72125       137.5       150       155                  155        110        115      -120                  115          270        165          167.5        172.5                      172.5         442.5     319.153125         0          2-M_OR_AAPF-75
Sean Kelley          33      M_SR_AAPF      79.6        82.5       0.66005        155        160       165                  165        105        110      112.5                112.5        277.5       180          192.5        197.5                      197.5          475      313.52375          0         2-M_SR_AAPF-82.5
Stetson Drolet       26     M_OR_AAPF        74          75        0.69545       -160        160      -165                  160        92.5      97.5     -102.5                97.5         257.5      162.5          175        -182.5                       175          432.5     300.782125         0          3-M_OR_AAPF-75
Tom Krawiec          32     M_OEM_AAPF      82.5        82.5        0.6446       332.5      352.5    -367.5                352.5      -232.5    -232.5    -232.5                  0            0          0                                                     0             0            0             0                0
Zach Day             38      M_SR_AAPF     108.2        110         0.5652       167.5       185      192.5                192.5      102.5       115       125                  125         317.5      207.5          220        227.5                       227.5          545       308.034           0         1-M_SR_AAPF-110
April 11 2015                                                                                                              2015 AAPF Nationals - Women FP - Kg Results
                                                  WtCls                                                   Best                                  Best Sub                                                Best
          Name      Age       Div        BWt (Kg)         Glossbrenner   Squat 1 Squat 2 Squat 3 Squat 4       Bench 1 Bench 2 Bench 3 Bench 4             Deadlift 1 Deadlift 2 Deadlift 3 Deadlift 4          PL Total Coeff Score Age & Coeff       Pl-Div-WtCl      Team
                                                  (Kg)                                                   Squat                                 Bench Total                                             Deadlift
Aissa Galang        36      F_OR_AAPF       90     90      0.74755        130      135       150             150    92.5     95     -97.5             95     245    162.5   167.5      -170             167.5    412.5   308.364375      0           1-F_OR_AAPF-90     F3 Fitness
Alysia Preininger   47    F_MEM_2_AAPF     53.9    56       1.0764        100      130     -137.5            130     40      45     47.5             47.5   177.5    100     125      -132.5             125     302.5   325.611    352.311102     1-F_MEM_2_AAPF-56
Alyssa Way          23       F_JR_AAPF     86.6    90        0.764       117.5    127.5     137.5           137.5    70      75      -80              75    212.5    135    147.5      160     167.5     160     372.5   284.59          0            1-F_JR_AAPF-90    Edgars House of Pain
Anne Keckler        49     F_MR_2_AAPF     61.5   67.5      0.9683         95     -100       100             100     55     -62.5   -62.5             55     155     95      97.5     102.5             102.5    257.5   249.33725 277.5123593     1-F_MR_2_AAPF-67.5
Ashley Schinske     27      F_OR_AAPF      59.6    60      0.99295         85      97.5    -107.5            97.5    80     82.5    -82.5             80    177.5    120    127.5      135               135     312.5   310.296875      0           1-F_OR_AAPF-60     Fitspiration Training
Chantel Soirez      34      F_OR_AAPF      67.5   67.5     0.89995         90       95       100             100     55     57.5     -60             57.5   157.5    140    -152.5    -152.5             140     297.5   267.735125      0          1-F_OR_AAPF-67.5    Austin Simply Fit
Chantel Soirez 2    34      F_SR_AAPF      67.5   67.5     0.89995         90        95     100             100      55     57.5     60              60     160      140    -152.5    -152.5             140      300    269.985           0        1-F_SR_AAPF-67.5    Austin Simply Fit
Charlie Stevens     44    F_MR_1_AAPF      74.6    75       0.8391        105       115     -125            115      65      75      -80             75     200      150    162.5      -165             162.5    352.5   295.7825     308.501408   1-F_MR_1_AAPF-75     FXD
Franki Spell        35     F_OR_AAPF       75.6   82.5      0.8317        115      -125    -125             115     72.5     80      85              85     200     152.5    165      -170.5             165      365    303.5705          0       1-F_OR_AAPF-82.5     Austin Simply Fit
Franki Spell 2      35      F_SR_AAPF      75.6   82.5      0.8317        115      -125    -125             115     72.5     80      85              85     200     152.5    165      -170.5             165      365    303.5705          0        1-F_SR_AAPF-82.5    Austin Simply Fit
Jennifer Gimmell    33    F_OEM_AAPF       85.6    90      0.76925       182.5     -200     200             182.5   105     115      120    -125     120    302.5   155      -168      168               168     470.5   361.932125        0       1-F_OEM_AAPF-90      Team Stone              BL Equipped
Joan Cooper         55    F_MR_4_AAPF      55.1    56      1.0575          35       0        0               35     42.5     45     -47.5             45      80     60       0         0                60       140    148.05        181.36125   1-F_MR_4_AAPF-56     F3 Fitness
Karlie Swanson      21      F_JR_AAPF     118.3   SHW       0.68          150     162.5     175             175     -80     87.5     90               90     265    162.5   172.5     -182.5            172.5    437.5   297.5             0        1-F_JR_AAPF-SHW     Team Swanson
Krista Bergeron     38     F_OR_AAPF       55.5    56      1.0514         110      115      120     -125    120      60     67.5    -72.5            67.5   187.5   142.5   152.5     157.5             157.5     345    362.733           0         1-F_OR_AAPF-56     Austin Simply Fit
Krista Bergeron 2   38     F_SR_AAPF       55.5    56      1.0514         110      115      120     -125    120      60     67.5    -72.5            67.5   187.5   142.5   152.5     157.5             157.5    345     362.733           0        1-F_SR_AAPF-56      Austin Simply Fit       BL Raw
Kristin Floreno     33     F_OR_AAPF       48.6    52       1.1678        97.5     102.5    107.5           107.5   42.5    47.5    52.5             52.5    160     97.5    105        0                105      265    309.467         0            1-F_OR_AAPF-52    Motor City Barbell
Lindsay Kelly       30     F_OR_AAPF       86.3    90      0.76555        77.5      82.5      90              90    -70      -70     -70               0      0        0                                  0        0     0               0                   0          Fitspiration Training
Megan O'Mahony      33     F_OR_AAPF       82.5   82.5     0.78655       117.5      125      130             130     60      65      -70              65     195    132.5    145      -152.5             145      340    267.427         0           2-F_OR_AAPF-82.5
Meghan Kennihan     33     F_OR_AAPF       46.8    48       1.2019        57.5       60     62.5             62.5    40     -42.5   -42.5             40    102.5    82.5   -87.5      87.5              87.5     190    228.361         0            1-F_OR_AAPF-48    Cross Fit Defined
Meghan Kennihan 2   33      F_SR_AAPF      46.8    48       1.2019        57.5       60     62.5             62.5    40     -42.5   -42.5             40    102.5    82.5   -87.5      87.5              87.5     190    228.361         0            1-F_SR_AAPF-48    Cross Fit Defined
Robyn Pettinger     33     F_OR_AAPF       71.7    75      0.86205        92.5      97.5    -105             97.5   57.5     -65     -65             57.5    155     140     150      157.5             157.5    312.5   269.390625      0            1-F_OR_AAPF-75    Austin Simply Fit
Robyn Pettinger 2   33      F_SR_AAPF      71.7    75      0.86205        92.5      97.5    -105             97.5   57.5     -65     -65             57.5    155     140     150      157.5             157.5    312.5   269.390625      0            1-F_SR_AAPF-75    Austin Simply Fit
Sarah Currie        33     F_OR_AAPF      116.4   SHW       0.6825        97.5     127.5    -140            127.5   62.5    67.5    -72.5            67.5    195    142.5    165       -170              165      360    245.7           0          2-F_OR_AAPF-SHW     Barbell Central
Sue Kennedy         41    F_MR_1_AAPF     116.7   SHW       0.6821       142.5     152.5     160             160     80      90      95               95     255     -155    160      -167.5             160      415    283.0715   285.902215     1-F_MR_1_AAPF-SHW    DUB Campus
Tera Kinnane        39     F_OR_AAPF       96.4   SHW      0.72605        120      127.5    137.5           137.5   67.5    -72.5   72.5             72.5    210     145     155      167.5             167.5    377.5   274.083875      0          1-F_OR_AAPF-SHW     Team Repz
Tera Kinnane 2      39      F_SR_AAPF      96.4   SHW      0.72605        120      127.5    137.5           137.5   67.5    -72.5   72.5             72.5    210     145     155      167.5             167.5    377.5   274.083875      0           1-F_SR_AAPF-SHW    Team Repz
Tessa Highmark      22      F_JR_AAPF      61.1   67.5     0.97335         80        85      -90              85     45      -50     -50              45     130    102.5   112.5     117.5             117.5    247.5   240.904125      0           1-F_JR_AAPF-67.5   FXD
Toni Freeman        29     F_OR_AAPF       78.4   82.5      0.8122         95       100      105             105     55      60     -62.5             60     165     130    137.5      145               145      310    251.782         0           3-F_OR_AAPF-82.5   Cross Fit Defined
Weronika Bobula     27     F_OR_AAPF      66.8    67.5      0.907        112.5    -117.5   -117.5           112.5    55     57.5     60               60    172.5   122.5    -130      -130             122.5     295    267.565         0           2-F_OR_AAPF-67.5   Cross Fit Defined
April 10 2015                                                                  2015 AAPF Nationals - Bench Only - Kg Results
                                                      WtCls                                                                       Best
            Name      Age        Div       BWt (Kg)           Glossbrenner   Bench 1      Bench 2      Bench 3      Bench 4                 Coeff Score   Age & Coeff        Pl-Div-WtCl       Team
                                                      (Kg)                                                                       Bench
Alan Ford             49    M_MR_2_AAPF      80.3     82.5     0.65615         107.5        117.5         120                     120         78.738       87.635394    1-M_MR_2_AAPF-82.5
Bill Busby            63    M_MR_5_AAPF     81.5      82.5     0.64975          120          130        -137.5                     130       84.4675      120.0283175   1-M_MR_5_AAPF-82.5     Team Busby
Chantel Soirez        34      F_SR_AAPF      67.5     67.5     0.89995           55          -60           0                       55        49.49725          0          1-F_SR_AAPF-67.5
Charles Kielblock     47    M_MEM_2_AAPF    165.8     SHW      0.51175         -255         -255         -330                       0            0             0                 0
Charles Kielblock 2   47     M_OEM_AAPF     165.8     SHW      0.51175         -255         -255         -330                       0            0             0                 0
Chris Williams        56    M_MR_4_AAPF     85.5       90      0.63035          120         -130         -130                      120        75.642       94.249932     3-M_MR_4_AAPF-90
Chris Williams 2      56     M_OR_AAPF      85.5       90      0.63035          120         -130         -130                      120        75.642       94.249932       1-M_OR_AAPF-90
Dan Klavitter         29     M_OR_AAPF      59.2       60      0.84385         137.5         150        157.5                     157.5     132.906375         0           1-M_OR_AAPF-60
David Zigler          34     M_OR_AAPF      107.3     110      0.56665          175         187.5       -207.5                    187.5     106.246875         0          1-M_OR_AAPF-110
David Zigler 2        34      M_SR_AAPF     107.3     110      0.56665          175         187.5       -207.5                    187.5     106.246875         0          1-M_SR_AAPF-110
Don Machalinski       50    M_MR_3_AAPF     81.1      82.5     0.65185         107.5         115         -120                      115       74.96275     84.7079075    2-M_MR_3_AAPF-82.5     SCG
Donald Waltz          52    M_MR_3_AAPF     98.3      100       0.5856          105         -115         -115                      105        61.488       71.63352     2-M_MR_3_AAPF-100
Eric Hubbs            51    M_OEM_AAPF      123.3      125     0.54745         -285          285        -297.5                     285      156.02325     178.9586678    1-M_OEM_AAPF-125      BL Equipped
Eric Hubbs 2          51    M_MEM_3_AAPF    123.3      125     0.54745         -285          285        -297.5                     285      156.02325     178.9586678   1-M_MEM_3_AAPF-125
Gary Swanson          55    M_MR_4_AAPF     131.1      140     0.5392           145          150         -155                      150        80.88         99.078       1-M_MR_4_AAPF-140     Team Swanson
Humberto Sanchez      40    M_MR_1_AAPF     107.5      110     0.5663           155          165          170                      170       96.271         96.271       1-M_MR_1_AAPF-110     LA Fitness
Iosif Plagov          80    M_MR_9_AAPF      66.9     67.5      0.7592         82.5          90           -95                      90         68.328       140.0724     1-M_MR_9_AAPF-67.5     BL Raw
Jeffrey Younker       28      M_OR_AAPF      140      140       0.5311          195         207.5        212.5                    212.5     112.85875          0           1-M_OR_AAPF-140     Austin Simply Fit
Jim Briggs            56    M_MEM_4_AAPF     89.9      90      0.61425         132.5        -165          165                      165      101.35125     126.2836575    1-M_MEM_4_AAPF-90
Jim Briggs            56    M_MR_4_AAPF      89.9      90      0.61425        132.5          140        -147.5                     140        85.995       107.14977      1-M_MR_4_AAPF-90     Team Busby
Jim Briggs 2          56    M_MES_4_AAPF     89.9      90      0.61425        132.5         -165         -165                     132.5     81.388125     101.4096038    1-M_MES_4_AAPF-90     Team Bus4
Jim Rock              57    M_MR_4_AAPF      85.2      90       0.6317          130         -135         -135                      130        82.121      104.129428      2-M_MR_4_AAPF-90
Joe Gaffin            53    M_MR_3_AAPF      79.3     82.5     0.66175          150        157.5         162.5                    162.5     107.534375     127.3207      1-M_MR_3_AAPF-82.5
John Eric Lindley     43    M_MEM_1_AAPF    106.95    110       0.5671          210        -232.5       -232.5                     210       119.091      122.782821    1-M_MEM_1_AAPF-110
John Machalinski      16      M_OR_AAPF      58.6      60      0.85235           85           90          -95                      90        76.7115           0            2-M_OR_AAPF-60     SCG
John Machalinski 2    16     M_TR_2_AAPF     58.6      60      0.85235           85           90          -95                      90        76.7115           0          1-M_TR_2_AAPF-60     SCG
Ken Wentworth         44    M_MEM_1_AAPF     74.7      75       0.6906        -187.5       -187.5       -212.5                      0            0             0                  0
Kenneth Bram          48    M_MR_2_AAPF      66.6     67.5     0.75705         142.5         145         147.5         150        147.5     111.664875    122.4963679    1-M_MR_2_AAPF-67.5    Lifetime
Kenneth Bram 2        48      M_OR_AAPF      66.6     67.5     0.75705         142.5         145         147.5         150        147.5     111.664875    122.4963679     1-M_OR_AAPF-67.5     Lifetime
Kenny Nonthaweth      34      M_OR_AAPF      64.8     67.5      0.7754          130         -135         -135                      130       100.802           0          2-M_OR_AAPF-67.5
Kenny Nonthaweth 2    34      M_SR_AAPF      64.8     67.5      0.7754          130         -135         -135                      130       100.802           0           1-M_SR_AAPF-67.5
Kirby Anderson        78    M_MEM_8_AAPF     65.9     67.5      0.7693          82.5         -90           90         -92.5        90         69.237      135.773757    1-M_MEM_8_AAPF-67.5    Team Stone
Linda Koos            60     F_MR_5_AAPF     97.7     SHW      0.72215          -35           35         -42.5                     35        25.27525      33.868835     1-F_MR_5_AAPF-SHW     Zenzen Barbell
Matthew Walsh         51    M_MR_3_AAPF       99      100       0.5838        167.5        177.5        -182.5                    177.5      103.6245     118.8573015    1-M_MR_3_AAPF-100
Michael Robinsin      45    M_MR_2_AAPF     101.5      110      0.5778          135         142.5       -152.5                    142.5      82.3365      86.8650075     1-M_MR_2_AAPF-110     Team Busby
Neil Patrone          55    M_MR_4_AAPF     97.1      100      0.58885          160          165         167.5                    167.5     98.632375     120.8246594    1-M_MR_4_AAPF-100     Monster Garage Gym
Paul Rupright         60    M_MEM_5_AAPF    154.4     SHW      0.51975          200         -220          220        -237.5        220       114.345       153.2223     1-M_MEM_5_AAPF-SHW     Quality Classic
Peter Ruane           18    M_TES_3_AAPF     82.5     82.5      0.6446         102.5        117.5          0                      117.5      75.7405           0         1-M_TES_3_AAPF-82.5   Misfits
Ray Howell            60    M_MR_6_AAPF     108.3     110       0.565           165         172.5       -182.5                    172.5      97.4625       130.59975     1-M_MR_6_AAPF-110
Sonny Russell         59    M_MR_4_AAPF     80.6      82.5     0.6545          137.5        142.5        -148                     142.5     93.26625      122.6451188    1-M_MR_4_AAPF-82.5
Tate Briggs           20      M_JR_AAPF     128.6     140      0.5417           155          160        -167.5                     160       86.672            0           1-M_JR_AAPF-140     Team Busby


April 10 2015                                                                    2015 AAPF Nationals - Deadlift Only - Kg Results
                                                      WtCls                                                                       Best
            Name      Age        Div       BWt (Kg)           Glossbrenner   Deadlift 1   Deadlift 2   Deadlift 3   Deadlift 4              Coeff Score   Age & Coeff        Pl-Div-WtCl       Team
                                                      (Kg)                                                                       Deadlift
Bret Gainsford        34     M_SR_AAPF       80.8     82.5     0.65345          210        -227.5        227.5                    227.5     148.659875        0          1-M_SR_AAPF-82.5      Orlando Barbell

Chantel Soirez        34      F_SR_AAPF      67.5     67.5     0.89995          140          150           0                       150       134.9925         0           1-F_SR_AAPF-67.5
Cliff Shipley         56    M_MR_4_AAPF      79.1     82.5      0.6629          185         187.5         0                       187.5     124.29375     154.8700125   1-M_MR_4_AAPF-82.5     Team Repz
Gary Dingle           63    M_MES_5_AAPF     93.8     100       0.5987         -265          265        -282.5                     265      158.6555      225.4494655   1-M_MES_5_AAPF-100     Quality Classic      BL
Humberto Sanchez      40    M_MR_1_AAPF     107.5      110      0.5663          230         242.5         250                      250       141.575        141.575      1-M_MR_1_AAPF-110     LA Fitness
James Jeurink         61    M_MEM_5_AAPF     93.3      100      0.6003          200          230         -250                      230       138.069      188.602254    1-M_MEM_5_AAPF-100
Jeffrey Younker       28     M_OR_AAPF       140       140      0.5311          290         -315          315                      290       154.019          0           1-M_OR_AAPF-140      Austin Simply Fit
Malka Berlin          25     F_OR_AAPF       50.6      52      1.1317          127.5        137.5         140                      140        158.438          0          1-F_OR_AAPF-52       F3 Fitness
Michael Petrus        52    M_MR_3_AAPF      71.9      75       0.715          167.5        182.5       -197.5                    182.5      130.4875     152.0179375    1-M_MR_3_AAPF-75
Michael Wakeland      39     M_SR_AAPF       71.3      75      0.71565          185         195.5        202.5        207.5       202.5     144.919125         0          1-M_SR_AAPF-75       YMCA
Peter Ruane           18    M_TES_3_AAPF     82.5     82.5     0.6446          197.5         220          240                      240        154.704          0        1-M_TES_3_AAPF-82.5    Misfits
