                                                                             3 December 2017 - SMPA Bitesize #5.5
                                             WtCls                                                                                                                                                      Placing
Name                 Team   Div   Bwt (kg)           lot#   SQ-1    SQ-2      SQ-3     Best SQ   BP-1    BP-2     BP-3     Best BP Sub Total   DL-1    DL-2     DL-3     Best DL   Total   Wilks Pts
                                              (kg)                                                                                                                                                     by Wilks
James Hetherington   SM     M-O    122.4     120+    27      265      280       290      290      140      145      150      150      440       265      280     -290      280      720    412.128     1-M-O-PL
Will Lewis           SM     M-O     91.6       93    19      210      220      -223      220      130      135      140      140      360       220      230      240      240      600    379.680     2-M-O-PL
Tom Ward             SM     M-O     85.1       93    30      190      200      -205      200      125    -132.5   -132.5     125      325       225    -232.5      0       225      550    361.845     3-M-O-PL
Kyran O'Neill        SM     M-O      80        83    32     182.5    197.5      206      206      110     -120    -127.5     110      316       185      200     207.5    207.5    523.5   357.393     4-M-O-PL
Joe McCarthy         SM     M-O    104.2      105    31     212.5   -222.5    -222.5    212.5    112.5    122.5     125      125     337.5      235      245      255      255     592.5   355.026     5-M-O-PL
Adam Wilson          SM     M-O     80.9       83    29      165      170      172.5    172.5    112.5   -117.5   -117.5    112.5     285       185       0       200      200      485    328.782     6-M-O-PL
Liam Whooley         SM     M-O     91.2       93    16      180      190      192.5    192.5     120      125     -130      125     317.5      180     192.5     200      200     517.5   328.198     7-M-O-PL
Josh Steen           SM     M-O     75.8       83    24      100      130       140      140      105     112.5    -115     112.5    252.5      180      200      205      205     457.5   323.636     8-M-O-PL
Daniel Wake          SM     M-O     86.2       93    26      160     172.5      180      180       90      105     -110      105      285       180      190     -200      190      475    310.270     9-M-O-PL
Nigel Seymour        SM     M-O     79.2       83    17      130     137.5     142.5    142.5      95    -102.5   -102.5      95     237.5     182.5     195     202.5    202.5     440    302.324     10-M-O-PL
Sam Moore            SM     M-O    102.6      105    28      155     167.5      175      175      100     107.5    112.5    112.5    287.5      185      200      210      210     497.5   299.793     11-M-O-PL
Michael James        SM     M-O     65.4       66    34       90      100       110      110       80       95     -100       95      205       120      135      145      145      350    276.885     12-M-O-PL
Tom Pearson          SM     M-O      81        83    25      125      135      142.5    142.5      70       75     -77.5      75     217.5      160      175     182.5    182.5     400    270.960     13-M-O-PL
Ryan Dorsett         SM     M-O     91.2       93    21      140      150       155      155      -95       95      100      100      255       150      160     -170      160      415    263.193     14-M-O-PL
Tom Walker           SM     M-O    104.4      105    20     157.5     165     -172.5     165      82.5     87.5    -92.5     87.5    252.5      170      175      180      180     432.5   258.981     15-M-O-PL
Bruce Rose           SM     M-O     77.2       83    18     -100     -110       110      110      -60       70       80       80      190       130      140      150      150      340    237.558     16-M-O-PL
Geoff Paterson       SM     M-O     79.6       83    22      100      110      -115      110       75       80      82.5     82.5    192.5      130      135      140      140     332.5   227.729     17-M-O-PL
Andrew Sumner        SM     M-O     79.7       83    23       95      105      -110      105       50       55      -60       55      160       125      140     -145      140      300    205.290     18-M-O-PL
Toby Sage            SM     M-O     78.6       83    33      -75      -80       82.5     82.5      65       70      77.5     77.5     160      102.5     120     132.5    132.5    292.5   201.971     19-M-O-PL
Stephanie Duff       SM     F-O     61.9       63    9      112.5     120      127.5    127.5     57.5     62.5      65       65     192.5      120     132.5    142.5    142.5     335    364.614      1-F-O-PL
Amy Atkinson         SM     F-O     68.4       72    15      130       0                 130       85       90       0        90      220       130       0        0       130      350    353.850      2-F-O-PL
Amy Richardson       SM     F-O      57        57    8        80       90        0        90      -65      67.5     -70      67.5    157.5      120      130       0       130     287.5   333.615      3-F-O-PL
Paula Gould          SM     F-O     78.4       84    1       135    -142.5      145      145      47.5      55      62.5     62.5    207.5     137.5     145      150      150     357.5   330.902      4-F-O-PL
Tzveti Tzonova       SM     F-O     48.8       52    3        85       90        95       95       40      42.5      45       45      140        95      100      105      105      245    320.534      5-F-O-PL
Michelle Trench      SM     F-O     55.5       57    5        70      77.5      82.5     82.5      45       50       0        50     132.5      115      125     -135      125     257.5   305.112      6-F-O-PL
Leigah Hollamby      SM     F-O     58.6       63    10       80       85        90       90      52.5      55     -57.5      55      145       110      115     122.5    122.5    267.5   303.746      7-F-O-PL
Rachel Wilson        SM     F-O     54.9       57    13       90      97.5    -102.5     97.5     37.5      45     -52.5      45     142.5      100      105      110      110     252.5   301.738      8-F-O-PL
Leanne Greatorex     SM     F-O      63        63    2        90       95      -100       95      47.5     52.5      55       55      150       92.5     100      105      105      255    273.870      9-F-O-PL
Yvonne McCall        SM     F-O      69        72    12       85       90        95       95      52.5      55      57.5     57.5    152.5     112.5    117.5     120      120     272.5   273.808     10-F-O-PL
Amanda Lord          SM     F-O     69.6       72    14      -90       90      -97.5      90      47.5      50     -52.5      50      140       120     127.5    132.5    132.5    272.5   272.173     11-F-O-PL
Lisa Middleton       SM     F-O     73.3       84    4        75       80      -87.5      80      37.5     42.5     -45      42.5    122.5      110      120      130      130     252.5   243.562     12-F-O-PL
Alexandra Pinhorn    SM     F-O     66.2       72    11      -75       75      -77.5      75      42.5    -47.5    -47.5     42.5    117.5      105      110     -125      110     227.5   235.485     13-F-O-PL
Meryll Paterson      SM     F-O     81.7       84    6       -85       85      -100       85      47.5      50     -52.5      50      135       110      120    -127.5     120      255    230.673     14-F-O-PL
Aimee Paterson       SM     F-O     61.7       63    7        60      67.5     -72.5     67.5      35      37.5     -40      37.5     105        75      85       95       95       200    218.220     15-F-O-PL
