                                                           British Women's Classic Championships 29/07/2017
                                                                                                                              Sub
Name                Team    Div      Bwt (kg) Wt (kg)   SQ-1     SQ-2     SQ-3     Best SQ BP-1     BP-2    BP-3    Best BP           DL-1    DL-2     DL-3     Best DL Total Wilks Pts
                                                                                                                              Total
Hannah Beaven       SCO    F-C-Snr    45.65     47      107.5      115    -117.5     115    52.5      55    -57.5     55       170     135    145.5     -150     145.5   315.5   433.213
Rebecca Heath        GL    F-C-Snr    46.35     47        100      105    -107.5     105    62.5    -67.5   -67.5    62.5     167.5   117.5     125    132.5     132.5    300    407.520
Leoni Tatman        SW     F-C-Snr    45.05     47       -110      110    112.5     112.5   -62.5   -62.5   62.5     62.5      175     115    -122.5   122.5     122.5   297.5   412.246
Jasmin Lake          GL    F-C-Snr    44.85     47         55       60       65      65       55    57.5      60      60       125     70      82.5      -90     82.5    207.5   288.425
Joy Nnamani          GL    F-C-Snr    51.6      52        140    147.5      150      150      75      80    -82.5     80       230     175      185    -192.5     185     415    520.451
Danielle Malcolm    SW     F-C-Snr    50.5      52      -117.5   -122.5   122.5     122.5   72.5    77.5      80      80      202.5    135      145    -152.5     145    347.5   443.062
Janine Martin        NI    F-C-Snr    49.25     52         95      100     -105      100      70      75    -77.5     75       175     135      145      150      150     325    422.305
Louise Burr          GL    F-C-Snr    51.15     52         95     -100      100      100    -62.5    -65      65      65       165     140    -147.5   -147.5     140     305    385.093
Anastasia Dharma     GL    F-C-Snr    51.1      52        105    -107.5   107.5     107.5   52.5      55    -57.5     55      162.5    130      135      140      140    302.5   382.209
Angelina Lane        W     F-C-Snr    49.85     52         75       80     82.5     82.5    47.5    52.5      55      55      137.5    105    112.5      120      120    257.5   331.557
Carla Palmer        NW     F-C-Snr    49.8      52         85     87.5      -90     87.5      40    42.5     -45     42.5      130     110     -120      120      120     250    322.125
Amanda Hughes       SM     F-C-Snr     50       52       77.5      -85       85      85     52.5    -57.5   -57.5    52.5     137.5    105    112.5    -117.5    112.5    250    321.150
Rebecca Currie      NW     F-C-Snr     50       52         75      -80       80      80       35    37.5      40      40       120     115    122.5    -127.5    122.5   242.5   311.516
Felicity Sadler     EM     F-C-Snr    50.65     52       77.5       85       90      90     47.5      50    52.5     52.5     142.5   87.5      95       100      100    242.5   308.484
Holly Clarke        NM     F-C-Snr     50       52         70       75       80      80     32.5      35    -37.5     35       115     100      105      110      110     225    289.035
Melania Fodritto    SW     F-C-Snr    50.25     52         75      -80      -80      75       40    42.5     -45     42.5     117.5   102.5    -110     -110     102.5    220    281.556
Emma Goodwin        SM     F-C-Snr    51.6      52      107.5      115      120      120     -65     -65     -65      0         0     152.5   162.5     -170     162.5     0      0.000
Ellie Steel         SM     F-C-Snr    56.15     57      127.5      135      140      140    82.5    87.5    92.5     92.5     232.5    150      160      170      170    402.5   472.575
Lucia Puricelli     WM     F-C-Snr    56.8      57      127.5      135     -140      135      65      70    72.5     72.5     207.5    135      145      150      150    357.5   415.987
Sophie Walker       SW     F-C-Snr    55.15     57      117.5      125     -130      125      75    77.5     -80     77.5     202.5    135      145     -150      145    347.5   413.803
Helen Hughes        SM     F-C-Snr    55.3      57        110    -117.5   117.5     117.5     75      80     -85      80      197.5    135      145      150      150    347.5   412.934
Catherine Graham     GL    F-C-Snr    56.3      57        100    107.5    112.5     112.5   72.5    -77.5   77.5     77.5      190     140    147.5    152.5     152.5   342.5   401.307
Suzana Sorokova      GL    F-C-Snr    56.1      57        105      110      115      115     -60      60    62.5     62.5     177.5   122.5   127.5      135      135    312.5   367.187
Kristina March       SE    F-C-Snr    55.75     57         80       95     -110      95      -65      65     -70      65       160     130      140      150      150     310    366.017
Beckie Hebson       NW     F-C-Snr    53.7      57         95      100      105      105      60    -62.5   -62.5     60       165     125      135     -140      135     300    364.770
Marie Bell          EM     F-C-Snr    56.35     57       -100    107.5    -112.5    107.5     55      60    -62.5     60      167.5    115    -122.5   127.5     127.5    295    345.415
Arwah Taha          WM     F-C-Snr    56.2      57         90     97.5      105      105      45    52.5      55      55       160    112.5     120    127.5     127.5   287.5   337.324
Georgina Williams    GL    F-C-Snr    55.7      57        -85     -87.5    87.5     87.5     -50      50    52.5     52.5      140    132.5   137.5     -140     137.5   277.5   327.894
Ingrid Charvet       GL    F-C-Snr    55.45     57         80       85       90      90     42.5      45    -47.5     45       135     110      120      125      125     260    308.282
Katie Rusman         SE    F-C-Snr    55.45     57       92.5      100    102.5     102.5     40      45    47.5     47.5      150     110    -122.5   -122.5     110     260    308.282
Tess Oflaherty      NW     F-C-Snr     56       57         80       85       90      90       55    57.5     -60     57.5     147.5    105      110     -115      110    257.5   302.974
Lucia Sugden         SE    F-C-Snr    56.7      57       87.5     92.5     97.5     97.5    -52.5     55     -60      55      152.5   -110     -110     -110       0       0      0.000
                                                         British Women's Classic Championships 29/07/2017
                                                                                                                         Sub
Name              Team    Div      Bwt (kg) Wt (kg)   SQ-1    SQ-2    SQ-3     Best SQ BP-1    BP-2    BP-3    Best BP           DL-1   DL-2   DL-3   Best DL Total Wilks Pts
                                                                                                                         Total
Abi Graham        EM     F-C-Snr     62       63       120     130    137.5     137.5   -80      85    87.5     87.5      225 157.5 170     175         175     400    434.840
Stephanie Pike    YNE    F-C-Snr    62.35     63      -125    127.5   -132.5    127.5    65    67.5     -70     67.5      195   180   190 -197.5        190     385    416.724
Hollie Johnson    YNE    F-C-Snr    61.9      63       125     130     -135      130    82.5   -87.5   -87.5    82.5     212.5 140 152.5 -160          152.5    365    397.266
Rima Baki          GL    F-C-Snr    62.05     63       125     130      135      135     70      75    77.5     77.5     212.5 135    145   150         150    362.5   393.820
Maariyah Tahir    WM     F-C-Snr    62.6      63      107.5   112.5   117.5     117.5    65      70    -72.5     70      187.5 160 167.5    175         175    362.5   391.210
Grace Stilgoe      GL    F-C-Snr    61.1      63       115     120      125      125    62.5   67.5      70      70       195   140 147.5   155         155     350    384.790
Gemma Marshall    EM     F-C-Snr    61.9      63      102.5   112.5    -120     112.5   82.5   -87.5   87.5     87.5      200 132.5 145     150         150     350    380.940
Carley Lawes      SW     F-C-Snr    57.45     63       115    117.5   122.5     122.5    60    62.5    -67.5    62.5      185   140   150 157.5        157.5   342.5   395.005
Claire Lilley     NM     F-C-Snr    61.2      63      107.5   117.5   -127.5    117.5    65      70    -72.5     70      187.5 135 147.5 -160          147.5    335    367.830
Alex Close        SCO    F-C-Snr    58.25     63       110     115     -120      115    67.5     70    -72.5     70       185   130   140   145         145     330    376.497
Emelie Forsberg    GL    F-C-Snr    60.7      63      112.5    120      125      125     65    67.5      70      70       195   130   135  -140         135     330    364.617
Laura Crompton    NW     F-C-Snr    61.7      63       115     125    -132.5     125     60      65     -70      65       190   140  -150  -150         140     330    360.063
Emma Stott        NW     F-C-Snr    62.2      63       105     110    -117.5     110    62.5   67.5     -70     67.5     177.5 137.5 150 -157.5         150    327.5   355.141
Stephanie Duff    SM     F-C-Snr    61.2      63       110    117.5   122.5     122.5    55      60    -62.5     60      182.5 120    130   140         140    322.5   354.105
Louise Norden     SW     F-C-Snr    62.6      63       105     110    -112.5     110    77.5   82.5      85      85       195   115   125 127.5        127.5   322.5   348.042
Hayley Gamblin    NM     F-C-Snr    60.75     63      97.5    -105    -107.5    97.5    57.5     60    -62.5     60      157.5 130    140  -150         140    297.5   328.500
Molly Chapman     SW     F-C-Snr    62.1      63       110    -120     -120      110     55     -60     -60      55       165   115   120   125         125     290    314.882
                                                                   British Women's Classic Championships 30/07/2017
                                                                                                                                 Sub
Name                         Team    Div      Bwt (kg) Wt (kg)   SQ-1   SQ-2   SQ-3   Best SQ BP-1     BP-2    BP-3    Best BP           DL-1    DL-2    DL-3     Best DL Total Wilks Pts
                                                                                                                                 Total
Susanna Argile               SM     F-C-Snr    71.2      72       150   160    170      170     92.5   97.5     100      100      270     155     170    182.5     182.5   452.5   444.988
Sheri Miles                   SE    F-C-Snr    70.4      72      142.5 152.5 -155      152.5     80      85    87.5     87.5      240     185     200    -212.5     200     440    436.040
Eno Majomi                    GL    F-C-Snr    70.8      72       150   160 167.5      167.5     75    82.5      90      90      257.5    160     170     -180      170    427.5   421.985
Tasmin Campbell               Sc    F-C-Snr    70.6      72       140  -150   -150      140      85      90      95      95       235     175     185     -190      185     420    415.380
Ruta Lendraitiene            YNE    F-C-Snr    70.75     72       135   145 -147.5      145      85    -92.5   -92.5     85       230     150     160    -172.5     160     390    385.164
Kimberley Cowell             NW     F-C-Snr    71.7      72       135 -142.5 -142.5     135      75      80    -82.5     80       215     160     170      175      175     390    381.732
Elfie Higson                 NW     F-C-Snr     70       72       140  -150   -150      140     62.5     65    67.5     67.5     207.5    175    -185     -185      175    382.5   380.511
Nina Cambatta                EM     F-C-Snr    69.5      72       120 127.5 132.5      132.5     70      75    -77.5     75      207.5   157.5   167.5    -175     167.5    375    374.925
Wura Oyenekan                YNE    F-C-Snr    69.5      72       135   145 152.5      152.5     60    67.5    72.5     72.5      225     140     150     -155      150     375    374.925
Emily Williams                GL    F-C-Snr    70.55     72      132.5 142.5 147.5     147.5    67.5   72.5      75      75      222.5    135     145    152.5     152.5    375    371.062
Emma Taylor                  YNE    F-C-Snr    70.2      72       110   120    130      130     62.5   67.5     -70     67.5     197.5    155    172.5    -180     172.5    370    367.373
Amy Spencer                  SW     F-C-Snr    70.9      72      127.5  135   -140      135     72.5   77.5     -80     77.5     212.5   142.5   152.5   -162.5    152.5    365    359.963
Emily Greenway               SW     F-C-Snr    69.4      72       130   140 -147.5      140     62.5   -67.5   -67.5    62.5     202.5    140     150    157.5     157.5    360    360.288
Amelia Crook                  W     F-C-Snr    67.3      72       120 127.5 -132.5     127.5     70     -75     -80      70      197.5    145     155    -162.5     155    352.5   360.537
Ria Mugglestone              SW     F-C-Snr    70.05     72       120 122.5 -137.5     122.5     60      70    -77.5     70      192.5   -155     155     -180      155    347.5   345.554
Sophie Barringer              Sc    F-C-Snr    70.5      72       115   125 -137.5      125      55      60     -65      60       185     140     160     -180      160     345    341.550
Rebecca Martin               YNE    F-C-Snr    67.15     72      117.5 122.5 -127.5    122.5     65    67.5      70      70      192.5    135    142.5    -150     142.5    335    343.174
Deirdre Fenlon               WM     F-C-Snr     83       84       160 172.5 177.5      177.5     75      80    82.5     82.5      260     185    197.5     205      205     465    417.198
Takara Hawthorne-Smith       WM     F-C-Snr     82       84       150 162.5 167.5      167.5    77.5   82.5      85      85      252.5    185     200      205      205    457.5   413.031
Charlie Shotton-Gale         SW     F-C-Snr    83.6      84       150 -157.5 157.5     157.5     90      95    -97.5     95      252.5   167.5    180    182.5     182.5    435    388.846
Christina Appleby-Phillips   WAL    F-C-Snr    80.05     84       145 152.5 -160       152.5    100    105.5   -108     105.5     258     160    172.5   -182.5    172.5   430.5   393.778
Hira Teirney                 SW     F-C-Snr    80.6      84       145 152.5 157.5      157.5    72.5     75    -77.5     75      232.5    180     190     -200      190    422.5   384.982
Wendy Macfarlan              SCO    F-C-Snr    82.8      84       160  -165    165      165      75      80     -85      80       245     170     175     -180      175     420    377.286
Natasha Tranter              WM     F-C-Snr    82.8      84       145 -152.5 -152.5     145      80      85      90      90       235     165     175    -182.5     175     410    368.303
Danielle Ellington           EM     F-C-Snr    80.1      84       130   140   -150      140      65      70     -75      70       210     180     190     -200      190     400    365.760
Lorna Durant                 SW     F-C-Snr    83.4      84      127.5  135    140      140      65      70     -75      70       210     160     170      175      175     385    344.575
Paola Roccuzzo                GL    F-C-Snr    83.4      84       125                   125     72.5     75    77.5     77.5     202.5    155    162.5     170      170    372.5   333.387
Jennifer Shaw                 GL    F-C-Snr    77.1      84       130   135 142.5      142.5     65     -70      70      70      212.5    130     140    -147.5     140    352.5   329.482
                                                         British Women's Classic Championships 30/07/2017
                                                                                                                       Sub
Name               Team    Div      Bwt (kg) Wt (kg)   SQ-1   SQ-2   SQ-3   Best SQ BP-1     BP-2   BP-3     Best BP           DL-1   DL-2   DL-3    Best DL Total Wilks Pts
                                                                                                                       Total
Camille Holland    EM     F-C-Snr    122.7     84+     207.5 217.5 227.5     227.5   102.5   110      113      113     340.5   175     180 192.5      192.5    533    424.535
Leigh Wetheridge   SE     F-C-Snr    105.2     84+      170    180   190      190     100    110    112.5     112.5    302.5   200     213 -230.5      213    515.5   423.432
Charlie Chester    SW     F-C-Snr    107.4     84+      165    175   185      185     90     -95       95      95       280    170     180 -187.5      180     460    375.958
Caoimhe Valley     WM     F-C-Snr    132.2     84+      150    160 167.5     167.5    90      95     -97.5     95      262.5   170    -180    180      180    442.5   347.761
Heather Clarke     EM     F-C-Snr    98.8      84+      150 157.5 162.5      162.5    90     -95       95      95      257.5   165    172.5 -182.5    172.5    430    359.308
Eva-Maria Bronin   GL     F-C-Snr    104.1     84+     162.5 -172.5 175       175     70     72.5     -75     72.5     247.5   160     170   -175      170    417.5   343.811
Scarlett Sotiris   SM     F-C-Snr     90       84+      130    140  -150      140    77.5    -80      -80     77.5     217.5   170     180   -190      180    397.5   343.480
Leah Moir          Sc     F-C-Snr    111.2     84+      130    140   150      150     85      95    -102.5     95       245    140     150   -160      150     395    320.424
Rachel Moir        Sc     F-C-Snr    98.25     84+      130   -140   145      145     75     -80      -85      75       220    150     155    160      160     380    318.060
Sylvia Osei-Tutu   GL     F-C-Snr    101.7     84+     122.5                 122.5    90     -95       95      95      217.5   130     140    150      150    367.5   304.510
Sam Foulds         SM     F-C-Snr    109.7     84+      120 132.5 -140       132.5    75      80      -85      80      212.5   130     145   -155      145    357.5   290.826
