                                                2012 USAPL Collegiate Powerlifting Championships
                                                        April 13-15, 2012 - Baton Rouge, Louisiana
                                                               Meet Director: Paul Fletcher

                                                              Collegiate Women's Powerlifting
                                       Body    Weight              Squat                      Bench Press                    Deadlift                      Wilks
Place            Name          Team                                                                                                                Total
                                      Weight    Class    1           2        3         1         2         3        1          2         3                Points
  1     Dana Wallace                  43.08      44        115       122.5      130         50        55    -57.5      100      107.5    -112.5     292.5 418.1288
  -     Melissa Vongsouvanh   UTSA    39.62      44      -92.5       -92.5    -92.5         40      42.5       -45      95      102.5      -105
  1     Molly Jaeger          UTSA    46.16      48     -127.5      -127.5    127.5       62.5      67.5       -70     115      122.5       135      330    449.9880
  2     Kaitlin Stewart       LSU     47.58      48        120      -127.5   -127.5       72.5      77.5    -82.5    117.5        125     132.5      330    440.4180
  3     Bryanna Ybarra                46.64      48          95      107.5    117.5       52.5        60    -67.5     97.5        110      -115     287.5   389.0450
  4     Lauren Lucia                  46.86      48        67.5        72.5   -77.5       32.5        35      37.5    82.5        92.5      97.5    207.5   279.9175
  5     Shelby Smith                  44.44      48          55         65      -70         25       -30       -30      60        67.5       -75    157.5   220.4213
  -     Bridget Conley                47.72      48       -105        -110     -110        -60       -60       -60     120      132.5    -137.5
  1     Michelle Van Dusen    UW-W     51.3      52      152.5         160     -170       62.5      67.5       -70   152.5        165      -175     392.5   494.4323
  2     Desiree Estrada       UTSA    49.64      52        135        -140   -142.5         60      62.5    -67.5    127.5       -135       135     332.5   429.7563
  3     Seri Gordon           NU      50.68      52        92.5        97.5   102.5         50       -55       -55     105      117.5     132.5      285    362.8050
  4     Jeliena Courville             51.88      52        97.5        105     -110         50     -57.5    -57.5       95        105    -117.5      260    325.1040
  -     Amber Sherrard                50.44      52      -47.5       -47.5    -47.5       42.5     -47.5    -47.5       85        92.5      100
  -     April Rogers                  51.98      52        97.5        105   -117.5        -80       -80       -80    -110
  1     Kiela Badeaux         LSU     55.92      56      152.5         160     -165         75        80      82.5   137.5      142.5      -150      385    453.6455
  2     Kayla James           TAMU    55.86      56        130       137.5    142.5      -77.5      77.5       -80     130       135     -137.5      355    418.8645
  3     Lauren Deniger                 54.7      56      127.5       137.5   -147.5      -77.5        80        85     105      117.5    -132.5      340    407.4900
  4     June Neale                    55.46      56        125        -140     -140         60       -65        65   137.5       145       -160      335    397.5110
  5     Amber Jeter                   55.54      56      112.5         120      125         60       -65       -65   102.5       110      122.5     307.5   364.3568
  6     Samantha Price                55.78      56       -100      -102.5    102.5         45        50    -57.5     82.5       97.5       105     257.5   304.2620
  7     Emily Rushing                 55.98      56        92.5       -110     -120         30        45    -57.5       60        80         85     222.5   262.1718
  -     Valerie Tucciarrone           55.06      56         -90      -97.5    -97.5         50        55       -60      90        95        100
  -     Carly Day                     54.48      56     -112.5      -122.5   -122.5      -57.5     -57.5    -57.5
  -     Emily Liebert         NU       53.7      56     -112.5      -112.5   -112.5        -80       -80
  1     Heather Crocker       NU       59.4      60      157.5       177.5    185.5         95    102.5     -105.5    165        175        183      471    529.2156
  2     Jordan Karisch        TAMU    59.88      60        115        -125      125         75      82.5        85    105       112.5       120      330    368.8740
  3     Jackie Victoriano     LSU     59.58      60      117.5      -122.5   -122.5        -60        60        65    120       127.5     137.5      320    359.0720
  4     Natalie Domingue      LSU     59.58      60      117.5         125      130       47.5      52.5       -55   102.5      112.5       120     302.5   339.4353
  5     Stephanie Hamilton            59.26      60        105         115    122.5      -57.5      57.5     -62.5    105        115     -122.5      295    332.3470
  6     Sarah Danielson       NU       58.2      60        100         110     -115        -55        55     -62.5   102.5       115      122.5     287.5   328.2100
  7     Libby Snyder                  59.08      60          95        105    112.5        -50        50      52.5   117.5     -127.5    -137.5     282.5   319.0838
  8     Brittany Ubaldini             59.42      60       -120         120      125         50       -60       -60    100        105       -120      280    314.6080
 9   Katherene Galluzzo              57.18    60        85          -90       -90         40   -57.5    -57.5      90     -105     -105     215    249.1420
 1   Shaina Petit         NU         65.52   67.5      165       -172.5     172.5       -115    115    -122.5     150      165      175    462.5   482.4800
 2   Suzanne Louque       Nicholls   66.82   67.5    132.5        147.5     162.5         70    82.5       90    -155    162.5   -207.5     415    426.7445
 3   Kimberly Parker                 66.62   67.5      120         -135    -137.5         65    72.5    -77.5     120      130     -135    322.5   332.3685
 4   Ashley Durel                    66.76   67.5    107.5          120       130       62.5      70    -77.5   107.5   -117.5     -125    307.5   316.5405
 5   Christina Pollick               64.12   67.5      105        112.5       120         55      60       65   112.5      120   -122.5     305    323.3305
 6   Miran Park                       66.7   67.5      115       -122.5    -122.5       37.5    47.5     52.5     120      125     -130    292.5   301.0995
 7   Amy Hoybrook                    66.94   67.5      -95          100    -112.5         60      65     67.5     105      120     -130    287.5   295.3200
 8   Claire Covillion                67.22   67.5     92.5       -102.5    -107.5       62.5   -67.5    -67.5     115     -125   -127.5     270    276.4530
 9   Elizabeth Arpino     NU         64.38   67.5     -100          105      -115         50     -60      -60     110     -125     -130     265    280.2640
10   Amande Ragan                    65.96   67.5       70        -82.5     -82.5       52.5      55      -60   107.5      115      120     245    254.4325
11   Samantha Smith                   65.1   67.5     72.5           85     -97.5         30    42.5      -45      75     87.5      -95     215    225.2985
 1   Olivia Harrington    TAMU       73.06    75       170        182.5      -190       92.5    97.5    102.5     155    167.5    172.5    457.5   442.4940
 2   Gabi Guzman          NW Vista    70.9    75       165         -170      -170         90     -95      -95     150      155     -160     410    404.3420
 3   Emily Bearden                   74.56    75     132.5        142.5    -152.5        -75      75      -80   132.5    142.5     -150     360    343.6920
 4   Allison Almeida      NU         71.18    75      -130         -130       130        -80   -82.5     82.5     125    132.5   -142.5     345    339.5835
 5   Erika Myers          NU         69.92    75      -110          110       120      -62.5      65       70     115      130      150     340    338.5720
 6   Katie Mazza                      73.7    75     132.5         -140       140         75     -80       80     100    107.5    112.5    332.5   319.6323
 7   Jordan Robelot       LSU         71.4    75       120        127.5       135         60    67.5      -70   102.5    107.5     -115     310    304.2650
 8   Oyuki Ramirez        ASU        74.28    75     127.5       -142.5    -142.5         50      55    -62.5   127.5     -140     -140     310    296.7010
 1   Alexus Jackson                  75.76   82.5      170          180    -187.5     -102.5   107.5   -112.5     165     -175      175    462.5   437.1550
 2   Marcia Darbouze                  81.3   82.5    127.5        142.5    -152.5         70      75      -85     155    172.5      175    392.5   355.9975
 3   Bryanna Alba         TAMU       79.22   82.5    142.5        167.5                  120   127.5     130       65    -67.5     92.5     390    358.8780
 4   Lori McAfee                      76.3   82.5       90         97.5       110         45    52.5      -60     -90       90     97.5     260    244.5560
 -   Shelby O'Brien       SHSU       81.68   82.5   -182.5       -187.5    -187.5      -87.5
 1   Mickey Belaineh      TAMU        83.4    90     152.5        162.5      -165       77.5     85     -87.5   152.5    160      -170    407.5    364.7125
 2   Chelsea Walker                   88.4    90     122.5         -135     137.5       67.5   77.5     -82.5    135     150       160     375     326.5125
 3   Taylor Miller                    82.6    90       130        137.5     142.5       87.5   92.5     -97.5    125     135      -140     370     332.7780
 4   Lindsay Blystone                 88.4    90    -152.5        157.5     162.5         65   67.5       -70    130    137.5      140     370     322.1590
 -   Sara Ramon                       83.6    90    -152.5       -162.5    -162.5       77.5     85       -90    125    137.5     -160
 -   Mykeal Maes                      83.8    90       130          140     147.5       -100   -100      -105
 -   Ariel Parker         LSU          89     90    -227.5         -240      -240
 1   Jayla Richardson                 92.4   90+    -157.5       -157.5     157.5       97.5   107.5    115      150    157.5       165   437.5    374.0625
 2   Elizabeth Perez      TAMU        90.4   90+       150        157.5    -162.5      102.5   107.5   112.5    142.5   152.5     162.5   432.5    373.0313
 3   Lauren McCoy         LSU         97.5   90+     142.5         -150      -150        75      80      -85    137.5    145       -155   367.5    308.3693
 4   Yakira Mason                     99.2   90+       125       -137.5    -142.5        75      80     92.5     125    142.5    -162.5    360     300.4560
 -   Hannah Cherry                   107.6   90+       125          140    -152.5

                                                             Collegiate Men's Powerlifting
                                       Body    Weight            Squat                    Bench Press                     Deadlift                      Wilks
Place            Name          Team                                                                                                           Total
                                      Weight    Class   1          2        3       1         2          3        1          2       3                  Points
  1     Brandon Wynne        TAMU      51.6      52       145        155    162.5     92.5      97.5    -102.5      165       -170      170     430    425.3990
  2     Ja'Mon Williams      LATech    51.6      52       145     -157.5    157.5     87.5     -92.5     -92.5      175       -180      180     425    420.4525
  3     Ricky Hu                       51.6      52      -100        100      110      -90        90       100      130        140      145     355    351.2015
  4     Zach Newman                    50.8      52      92.5      102.5     -110     62.5        65       67.5   102.5        130    142.5    312.5   314.3125
  1     Vincent Bradbury     LSU       55.6      56       180        195      200    -120       -120       120     -170        185      195     515    472.1520
  2     Garth Sullivan       LATech    55.2      56     142.5        155      170     110     122.5        130    152.5        170      185     485    447.8005
  3     Kurt Bradbury        LSU       55.6      56       170     -182.5    182.5     115     122.5     -127.5      180     -192.5   -192.5     485    444.6480
  4     Mario Leos                     53.8      56       160      167.5    177.5     105        115       120      170        185   -187.5    482.5   457.1205
  5     Jordan Levers                  55.6      56       165       -180      180     92.5      97.5     102.5    172.5        190     -205    472.5   433.1880
  6     Lawrence Cavin                 54.8      56       130     -142.5   -142.5       95       100       105      125        155    182.5    417.5   388.2750
  1     Austin Deshane       UT        59.6      60       190        195   -207.5     110        115       120      185        195      205     520    446.2120
  2     Matt Scorsone        TAMU       59       60     157.5      167.5      175     120     127.5        135      175        185      195     505    437.4310
  3     Andrew Hoang                    59       60       175        185    192.5       85     -97.5       100      190      207.5   -227.5     500    433.1000
  4     Sidney Blecher                 58.8      60       170     -182.5   -182.5    -130        130       140      165      182.5   -197.5    492.5   427.9333
  5     Xaviar Clark         SHSU      59.4      60     147.5       -160     -165     110     117.5       -125      175      187.5      195     460    395.9680
  6     William Wilkins                59.2      60       130      147.5     -155   -87.5         90       100    137.5      182.5      195    442.5   382.0987
  7     Derek Lovely                   59.8      60       125        135      145     82.5        90       92.5     165        180   -197.5    417.5   357.1712
  -     Nelson Boutte        ULL       59.8      60
  1     James Vang                     66.4     67.5       210       225    232.5     155      -160        160      215        225      235    627.5   490.2658
  2     Ian Kelly                      66.8     67.5       200       210      220     160    -167.5      167.5      210       -220      225    612.5   476.2187
  3     Zach Divin           TAMU      66.4     67.5     227.5       240   -242.5    142.5      150       -155      210        220   -232.5     610    476.5930
  4     Andrew Watson                   67      67.5    -222.5    -222.5    222.5    132.5    137.5       -140     -240        250     -270     610    473.1160
  5     Anthony Grimaldi     NU        66.4     67.5     222.5    -227.5     -230    137.5   -142.5       -150      210      222.5      235     595    464.8735
  6     Abel Escamilla       UT        66.4     67.5       225       235      240    137.5    147.5        155      185      197.5   -217.5    592.5   462.9203
  7     Luciano Torres                 66.2     67.5       220    -227.5   -227.5    132.5    137.5     -142.5      215      227.5   -232.5     585    458.1720
  8     Justin Barnett       SHSU      66.8     67.5      -205      -205      205    142.5      150       -155     -215        225   -242.5     580    450.9500
  9     Ben Etringer                    65      67.5      -220      -220      220     130    -137.5               202.5     -212.5   -212.5    552.5   439.3480
 10     Rance Whitaker                 66.8     67.5    -202.5     207.5     -220    137.5      145       -150      200     -207.5   -207.5    552.5   429.5687
 11     Rolando Peraza                 65.6     67.5    -202.5     202.5   -212.5     105     112.5     -117.5    202.5        220     -240     535    422.1685
 12     Vincent Glorioso               65.6     67.5     187.5       195      200    102.5    112.5       -120      195        210      220    532.5   420.1957
 13     Jonathan Garcia                 67      67.5       170       180    187.5     130     137.5       -145      175      197.5   -207.5    522.5   405.2510
 14     Anthony D. Rombold             65.2     67.5    -187.5     187.5   -192.5    132.5     -135       -135    172.5        195     -210     515    408.4980
 15     Alex Hernandez       TAMU      65.8     67.5       155       165    177.5   -132.5    132.5     -137.5      190      197.5   -202.5    507.5   399.5040
 16     Eric Gonzales                  66.4     67.5       165     172.5      180    122.5      130      137.5      175        185   -192.5    502.5   392.6033
 17     Kevin Spencer                  64.6     67.5       175       185    197.5      85       120     -122.5      150        165     -170    482.5   385.6623
  -     Chace Nelson                   64.2     67.5      -170    -177.5   -177.5     82.5     87.5        -95      190      202.5     -210
  1     Jordan Dunn          LATech    73.8      75      292.5    -307.5    307.5     205      -215     -222.5      245        260   -277.5    772.5 556.7408
 2   Alex Smith            SHSU   74.4    75      -260      265   -277.5      165      175   -182.5     205      220    227.5   667.5   478.3305
 3   Kaleb Rollins         LSU    74.2    75     237.5   -247.5    247.5   -147.5    147.5      155     220    232.5    237.5    640    459.4560
 4   Travis Zinsmeyer      TAMU   73.4    75       225   -237.5   -242.5      165    172.5      175   222.5    232.5     -235   632.5   457.6138
 5   Conor Sullivan        LSU     74     75    -232.5    232.5     -245   -147.5   -147.5    147.5   232.5     -240     -255   612.5   440.5712
 6   Cameron Benner               73.8    75      -200      205    212.5    147.5      155   -162.5     220    232.5   -237.5    600    432.4200
 7   Steven Wurzlow               74.2    75     197.5    212.5   -222.5    157.5      165      170     190      205    217.5    600    430.7400
 8   Taylor Nox                    73     75    -212.5      220     -230     -150      150      155     210    222.5   -227.5   597.5   434.0240
 9   Donovan Bertrand             73.6    75     197.5      210   -217.5      145    152.5      160   197.5      215     -220    585    422.4285
10   Michael Strobo               74.8    75       190      205   -217.5    142.5      160   -172.5    -210      210      220    585    417.6315
11   Darren Waters                74.6    75     192.5   -207.5     -210      135     -140     -140   202.5      215    227.5    555    396.9360
12   Luke Eisenhardt               72     75     207.5    217.5   -227.5       95      105     -110    -195    202.5    217.5    540    396.1980
13   Kody Hernandez               72.8    75       175    187.5    202.5      120    127.5    137.5     170    182.5      195    535    389.3730
14   Joseph Porzio                73.4    75       195     -205     -215      115      125   -137.5   207.5      215   -222.5    535    387.0725
15   Robert Rogers                74.6    75     177.5   -187.5    192.5      130     -140      140   167.5    177.5      190   522.5   373.6920
16   Justin Haddadnia      NU     74.2    75       195     -200      200       95      115     -120     185      195   -202.5    510    366.1290
17   Kevin Greene                 71.6    75     197.5     -215     -215    102.5      110     -115     175      190     -195   497.5   366.5082
18   Keon Reed             NU     73.4    75       160   -162.5    162.5       95     -115     -120     215    232.5     -245    490    354.5150
19   Nicholas Hafner              74.4    75       170     -190     -195    132.5   -142.5   -142.5     185   -197.5   -212.5   487.5   349.3425
20   Joseph Cassaro               72.8    75     182.5     -190     -190      110    117.5   -122.5     160      175      185    485    352.9830
21   Christopher Ferri            72.8    75       175    182.5   -187.5    107.5    112.5    117.5     155      170    177.5   477.5   347.5245
22   Ivan Meade                   73.6    75     147.5   -167.5    167.5   -132.5    132.5   -147.5   147.5      165   -187.5    465    335.7765
 -   Rigoberto Reyes              74.4    75      -215   -237.5     -250    137.5   -147.5    147.5   212.5    227.5   -237.5
 -   Jacob Warner          LSU    74.4    75    -222.5     -235   -237.5    127.5   -132.5            222.5   -237.5
 -   Chris Martinez                74     75      -190     -190     -190      130   -137.5   -137.5     190      200    212.5
 1   Charlie Conner                82    82.5      290      305   -312.5      215      225    232.5     255      270      280   817.5   549.6870
 2   William Everhardt     LSU    80.6   82.5      260    272.5      280      170      175    177.5   242.5      250    257.5    715    485.8425
 3   Joshua Thibeaux              81.8   82.5      250    267.5   -277.5      185      200     -205   227.5   -247.5    247.5    715    481.4810
 4   Evan Miller                  81.6   82.5     -250      250     -265      200   -247.5   -247.5     250   -267.5   -267.5    700    472.0800
 5   JP Yarid                      82    82.5    262.5    277.5   -287.5      175    182.5   -187.5   212.5      225    232.5   692.5   465.6370
 6   Dylan Hanna                  80.6   82.5    227.5     -240    252.5     -185      185   -187.5   227.5      245   -257.5   682.5   463.7587
 7   Alexander Grant       TAMU   81.4   82.5    227.5    242.5    252.5      155    167.5    172.5   207.5    217.5    227.5   652.5   440.6985
 8   Jacob Williamson              81    82.5    212.5    222.5      230    182.5      190   -197.5     220      230     -240    650    440.3100
 9   Patrick Heeter                81    82.5    217.5   -232.5    232.5    132.5      140     -145   217.5      235    252.5    625    423.3750
10   Cameron Barrilleaux   ULL    81.4   82.5      235   -247.5      255    152.5      160    167.5   187.5    197.5    202.5    625    422.1250
11   Quinten Raines               81.6   82.5      195      205     -215    142.5      150   -152.5   227.5    242.5    252.5   607.5   409.6980
12   Michael Mayhew               80.6   82.5    192.5      205      220    137.5    147.5   -152.5     215    227.5    232.5    600    407.7000
13   Joseph Munno                 81.6   82.5    192.5    207.5      220      170   -182.5     -185   197.5      205     -215    595    401.2680
14   Jaron Aymond          LSU    79.2   82.5      220    227.5      235      125    132.5      140   197.5      205      215    590    405.3890
15   Mark Jones                   81.8   82.5      205    217.5    222.5    142.5    152.5   -157.5     195    207.5      215    590    397.3060
16   Matt Cassista         NU      79.8   82.5      190      200      215      120      130       140     190        210    227.5    582.5    398.3135
17   Danny Wahl            UW-P    77.2   82.5      210   -222.5      225     -115      115     122.5     210      222.5   -232.5     570     398.2590
18   Jonathan Happy                80.6   82.5    192.5     -205     -205    132.5    142.5       150     210     -227.5    227.5     570     387.3150
19   Samuel Busche                 79.8   82.5    197.5    207.5      220      120   -132.5      -135    207.5       220    227.5    567.5    388.0565
20   Brandon Skelton               76.4   82.5      220    222.5      245      125     -130       130    187.5    -197.5     -200    562.5    395.7750
21   Brok Greenawalt               79.8   82.5     -215     -215      215   -127.5    127.5    -137.5     200     -207.5    207.5     550     376.0900
22   Kurt Banker           NU      79.6   82.5     -200      200     -210     -115    122.5    -127.5     200        215   -227.5    537.5    368.1337
23   Joonho Phiyo                  81.4   82.5      175      190      195    122.5      130     137.5    177.5       195      200    532.5    359.6505
24   Greg Darnell                  79.2   82.5   -197.5    197.5     -210      120     -130      -130    192.5      -210      210    527.5    362.4452
25   Derek Hutson          LSU     81.2   82.5      175   -182.5   -192.5      130     -140       140    172.5     182.5    197.5    512.5    346.6550
 -   Anthony Munoz         UTSA    80.6   82.5    232.5    247.5      265     -215     -215    -227.5    232.5    -242.5   -242.5
 -   Matthew Stille                80.8   82.5   -272.5   -272.5   -272.5      165      175    -182.5     235      242.5
 -   Peter Van Steyn               80.4   82.5     -245     -245     -245     -160
 1   Ian Bell              UT      88.9    90     307.5    317.5      325    177.5      185   197.5         325                       847.5   544.4340
 2   James Klemick                 88.4    90     287.5    307.5   -312.5     -215     -215     215       217.5     240     252.5      775    499.4100
 3   Bottesy Bailey        LSU    89.94    90     277.5     -285   -292.5    167.5      175     180         280    297.5     -320      755    482.1430
 4   Tyler Wright                 87.72    90       260    277.5    287.5    182.5      195     205       227.5     250     257.5      750    485.2500
 5   Ryan May                     89.06    90    -257.5      265    272.5      185      195    -200       252.5     265       275     742.5   476.5365
 6   Zachary Coleman       LSU      90     90      -280    287.5     -300    172.5    182.5   187.5       237.5    247.5    257.5     732.5   467.6280
 7   Wade Amaral                   89.1    90       250    272.5    282.5      150      175   -177.5        215     250      -260     707.5   454.0028
 8   Kyle Holzem                  88.42    90     242.5      260      280      145      155   -162.5      247.5     260    -272.5      695    447.7885
 9   Ben Boatwright               89.14    90       260     -275      275   -147.5    147.5   157.5         260   -272.5   -272.5     692.5   444.2387
10   Cody Leatherwood             85.74    90       275     -290   -292.5      150      160        165    217.5    232.5      250    690      452.0190
11   Tyler Maeker                 88.06    90     247.5    262.5   -267.5      150     -165       -165    242.5    257.5    272.5    685      442.3045
12   Daniel Flowers        TAMU   88.64    90       255   -267.5    267.5      135     -145        145    237.5     245     252.5    665      427.8610
13   Andrew Rumney                88.66    90       245    257.5      265    147.5    157.5        165      210    227.5      235    665      427.8610
14   Josh Myers                   89.26    90      -230      250    272.5    162.5    167.5      172.5    192.5     215    -227.5    660      423.1260
15   Alex Baval            NU     89.16    90       215      230    237.5      160      170      182.5      205    227.5      235    655      420.1825
16   Cody McElroy                   86     90      -250      250      265     -165      165       -175     -215     215      -220    645      421.8300
17   Joshua Sandoval       TAMU   89.52    90      -225     -225      225    152.5    162.5        170    232.5     240      -245    635      406.4635
18   Billy Pepicelli       NU     85.46    90       230      240     -250      165     -175       -175    192.5    207.5      215    620      406.9060
19   Sean Landis                  85.94    90       195     -200      200    157.5    167.5       -175      210     220     227.5    595      389.3085
20   Jesse Burroughs               89.2    90       195      210     -225    137.5    142.5       -150      220     235    -247.5   587.5     376.7638
 -   Peter Martinez        UTSA    88.1    90    -272.5    292.5     -300     -175   -177.5      177.5   -272.5   -282.5   -282.5
 -   Cornelius Murchison   SHSU    87.4    90      -295     -310     -310      205      215      217.5      295   -312.5     -325
 -   Jonathan Pepper       LSU    88.62    90     217.5   -227.5   -232.5     -150     -150       -150    202.5
 1   Malcolm Richard       LSU     100    100      -320      320      330    167.5    177.5       -180      320   337.5      348    855.5     520.6573
 2   Chris Vickery         SHSU    99.2   100     337.5   -347.5   -347.5    222.5    232.5     -237.5      265    275       285     855      522.0630
 3   Patrick Sutton        LSU     96.8   100     342.5      360      365      190      200        205    252.5    270      -285     840      518.1960
 4   John Rivas                   94.8   100      305      315     -325   207.5      -215     -215     275     287.5    297.5    820    510.5320
 5   Phillip Richard              99.2   100      305     -320      320   232.5     242.5     -250     250    -267.5     -285   812.5   496.1125
 6   Daniel Howsmon       TAMU     94    100    262.5   -272.5    272.5     210     217.5    222.5     225       235    242.5   737.5   460.9375
 7   Cameron Goins                97.8   100     -260      260   -277.5   152.5       165      180     280       295   -302.5    735    451.4370
 8   Mike Krill                   98.8   100      260   -272.5    277.5    -215      -215      215    -230       230    237.5    730    446.4680
 9   Justin Garcia        UTSA    95.6   100      295      305   -317.5     165    -182.5    182.5   227.5       240     -250   727.5   451.2682
10   Grant Briggs                 99.6   100      250   -272.5   -272.5   222.5      -235     -240     225     242.5    252.5    725    441.9600
11   John Utz                     97.8   100      265     -275      275     165       175    177.5    -250      -250      250   702.5   431.4755
12   James Meador IV      ASU     98.4   100      280      295     -320   152.5       160   -162.5     230       245     -275    700    428.8200
13   Anthony Tufano               98.4   100      240      260   -272.5   157.5       160      165   237.5       260     -275    685    419.6310
14   Nicholas Skursky             92.8   100      240     -260    272.5     165      -175      175     205      -225      235   682.5   429.1560
15   Richard Covington             99    100     -240      240     -260     170       175    177.5     250      -260      260   677.5   414.0203
16   Adam Rubalcaba               95.8   100      260   -267.5   -267.5    -175      -175      175     240      -265     -265    675    418.2975
17   Tyler Abate          LSU     97.8   100    252.5    262.5    272.5     160      -165      165     210       225      235   672.5   413.0495
18   Matthew Cortez       TAMU    97.8   100    227.5    247.5      260     155     162.5    172.5     205       220      230   662.5   406.9075
19   Brandon Self                 97.8   100      205   -227.5    227.5    -175       175    182.5     215     232.5    242.5   652.5   400.7655
20   Calvin Durel         LSU     96.8   100      235      250      265   132.5    -142.5    142.5     240    -257.5   -257.5   647.5   399.4428
21   Jonathan Alexander           97.2   100      215   -227.5    227.5     140     147.5      155     220       235      245   627.5   386.4145
22   Daniel Salzetti              96.6   100      210   -222.5   -222.5    -130    -137.5    137.5     215     237.5    242.5    590    364.2660
 -   David Blessing               99.6   100     -265     -265     -265
 -   Alexander Bruno      NU      96.4   100     -240     -240               190   192.5     -200    212.5      225    -242.5
 -   Vahe Missirian       NU      96.8   100     -260     -265     -265     -150
 1   Kyle Ramsey          ULL    106.5   110   -342.5    342.5      365    227.5     240      -245    262.5    277.5      290    895    532.1670
 2   Luis Jaimes          NU     106.7   110     -330      330     -355      220     250     272.5      240     -275   -282.5   842.5   500.6977
 3   Matthew Rehan               108.8   110    287.5   -307.5    307.5      185   192.5      -200    287.5    307.5     -320   807.5   476.8287
 4   Brennan Riche               106.4   110      290     -300      300   -202.5   207.5       215   -262.5    262.5      270    785    466.9180
 5   Don Byerly                  108.8   110    257.5    267.5   -282.5     -250     250    -267.5    227.5      265     -280   782.5   462.0662
 6   Scott Dobbins        TAMU    108    110     -300      300      305    197.5    -200       200      265      275   -287.5    780    461.6820
 7   John Caruso                 103.6   110      250      260    267.5      195     215      -220      250    267.5     -290    750    450.3000
 8   Jordan Thomas               107.8   110    232.5   -257.5   -272.5    192.5   207.5    -227.5      250      265      275    715    423.4945
 9   Christopher Beach           103.8   110      240    257.5    272.5     -175     175     182.5      225   -237.5    237.5   692.5   415.5000
10   Shane Moran                 105.6   110     -210      220    242.5      195     200    -207.5      205      220   -237.5   662.5   395.1150
11   Scott McNulty               109.9   110      240      250      260      155     160      -170      205    217.5    227.5   647.5   381.1832
12   Edward Schreiner            106.5   110      230    237.5      250    157.5    -170      -170      210    227.5   -242.5    635    377.5710
13   Issac Sireci                108.6   110      225   -232.5   -232.5    147.5   152.5    -157.5      210      220    227.5    605    357.4945
14   Andy Loiacano               106.1   110    227.5    237.5     -250      155    -160    -182.5      200                     592.5   352.7745
15   Donald Ponzo                109.3   110     -215      220      230    132.5     145      -160     -210     210      -225    585    344.9745
 -   Eric Lopez           UTSA   106.5   110   -237.5   -237.5    237.5     -220    -225    -227.5      230     240    -252.5
 -   Nathaniel Primous            105    110    282.5   -307.5     -335
-   Kyrylo Olenych            UTSA       106.1   110     247.5     -255     -255     175     -180     -180    -227.5   -227.5   -227.5
-   Josh Wallace                         108.8   110    -227.5   -227.5    227.5   -182.5
-   Conor Hozey                          106.6   110      -215     -215     -215
-   Christian Freudenberger              104.4   110      -255     -255     -255     -155     -160     -160
1   Preston Turner            UT         119.4   125       325      345     -350      290      305     -320    280      297.5     -320   947.5   545.3810
2   Courtney Sharp                       122.6   125     282.5      295    307.5      250    262.5   -272.5    260        270     -275    840    480.6480
3   Collin Hughes                        111.5   125       275    292.5     -305      185      195      205    250      262.5    267.5    765    448.3665
4   Brandon Brashear                      115    125       295     -325     -325     -185      190      215    240        250     -270    760    441.6360
5   Justin Volk                          111.2   125       260      280    287.5    207.5    212.5     -220   227.5      -260     -260   727.5   426.7515
6   Connor Schaeffer                     111.6   125       250    267.5    282.5      165      175    182.5   227.5     237.5    247.5   712.5   417.5250
7   Timothy Johnson           LSU        110.6   125     237.5      250     -265      165    172.5    177.5   242.5     257.5    272.5    700    411.2500
8   Stephen King              NU          111    125       205      215    232.5      190     -195      195    205      227.5      250   677.5   397.6247
9   Aaron Steed                          115.9   125       260    272.5      280      115      130   -147.5   217.5     232.5      245    655    379.8345
-   Joseph Rich               UTSA       113.8   125    -207.5   -277.5   -277.5      160   -227.5   -227.5   227.5     232.5   -252.5
-   Andrew Mastone            NU         112.4   125     257.5     -265    267.5   -192.5     -195   -197.5    240        250    272.5
1   Arron Gonzales            SHSU        131    125+    362.5     -380   -392.5      230      240     -250    275        285    292.5    895    505.4960
2   Travis Nichols            LSU         137    125+     -340      340      355   -217.5   -217.5    217.5    255      262.5   -272.5    835    468.1845
3   Antwine McFarland         LATech     187.5   125+   -352.5   -352.5      365      185      190      195   242.5    -257.5   -277.5   802.5   429.2573
4   Ryan Carrillo             TX State    148    125+    237.5    267.5     -285    232.5    247.5    252.5    235      257.5      265    785    435.1255
5   Thomas Parsons            LSU        135.8   125+     -265      265     -280   -182.5    192.5      205   242.5     257.5      270    740    415.4360
6   Darren Harrell                       207.5   125+    242.5      260    272.5      200      215    227.5    230       -245     -245    730    388.2140
7   Julian Allison                       139.8   125+    232.5      240      250    197.5   -212.5    212.5    225        240   -247.5   702.5   392.6272
8   Clinton McAdams                      154.2   125+    262.5    277.5      290      165   -177.5   -177.5    220       -230             675    371.9925
-   Tim Watson                           132.8   125+     -335     -335     -335
