5-May-18            NE Show of Strength-Kg Results
       Name         Age   Div    BWt (Lb)   WtCls (Lb)    Wilks   Squat 1   Squat 2   Squat 3   Best Squat   Bench 1   Bench 2   Bench 3   Best Bench   Sub Total   Deadlift 1   Deadlift 2   Deadlift 3   Best Deadlift   PL Total   Coeff Score   Pl-Div-WtCl     Team

Joseph Coursey       26   M-OR    275.2       275         0.858   -342.5     342.5     365         365         200       210       215        215         580        332.5        347.5          350           350           930         797.94       1-M-OR      *Cash Award Winner
Luke Uribe           37   M-OR    242.2       242         0.885     -340      340      365         365         210     227.5     -237.5      227.5       592.5       282.5          300        -307.5          300          892.5      789.8625       2-M-OR      *Cash Award Winner
Caitlin Sullivan     27   F-OR    132.2       132         1.783   -167.5    -167.5    167.5       167.5         90      -97.5     -97.5        90        257.5         185        -197.5       -197.5          185          442.5      788.9775       1-F-OR      *Cash Award Winner
Shaun Young          31   M-OR    268.4       275        0.8612    302.5      -320     -320       302.5      197.5     -207.5                197.5        500        337.5          365         -370           365           865        744.938       3-M-OR
Chad Sabatka         36   M-OR     194        198         0.983     -265      -265     265         265         185     -192.5    -192.5       185         450        272.5         -285         -285          272.5         722.5      710.2175       4-M-OR
Nick Langer          28   M-OR     240        242        0.8874     275      292.5    307.5       307.5        190       195       205        205        512.5       272.5        -287.5       -287.5         272.5          785        696.609       5-M-OR
Samantha Cabrera     27   F-OR    181.4       181        1.4766    157.5    -167.5    167.5       167.5       87.5      97.5     102.5       102.5        270          180        192.5        -197.5         192.5         462.5      682.9275       2-F-OR
Ethan Manning        28   M-OR    362.2       SHW         0.821    332.5      365                  365         160     172.5     177.5       177.5       542.5         260        282.5        287.5          287.5          830         681.43       6-M-OR
Brandon Jacob        34   M-OR    218.8       220        0.9182     235      242.5     257.5      257.5        165     177.5      -185       177.5        435          250        272.5        292.5          292.5         727.5      667.9905       7-M-OR
Dan Tomaselo         32   M-OR     273        275         0.859     275      297.5      -305      297.5      167.5       175     -182.5       175        472.5         265          285        297.5          297.5          770         661.43       8-M-OR
Jay Petersen         27   M-OR    217.6       220        0.9202    247.5      -260     272.5      272.5      137.5       145      -150        145        417.5         270        287.5          295           295          712.5      655.6425       9-M-OR
Claire Rathjen       36   F-OR    106.8       114         2.287     97.5    -102.5    -102.5      97.5        47.5       -55       -55        47.5        145        117.5          125        137.5          137.5         282.5      646.0775       3-F-OR
Ludym Harger         29   F-OR    114.6       114         2.079     97.5      105      112.5      112.5       57.5       -60      -62.5       57.5        170          130          140         -150           140           310         644.49       4-F-OR
Zach Miller          41   M-M1    239.8       242        0.8878    227.5     247.5     252.5      252.5        120       125       130        130        382.5         210        222.5        227.5          227.5          610        541.558       1-M-M1
Cole Rhodes          30   M-OR    219.8       220        0.9162     255       -265      265        265       157.5      -170      -170       157.5       422.5         260        277.5        -282.5         277.5          700         641.34      10-M-OR
Lynette Mols         28   F-OR    175.6       181        1.4994    137.5      -150      150        150        87.5      -97.5     -97.5       87.5       237.5         175        182.5          190           190          427.5      640.9935       5-F-OR
Lance Hooper         34   M-OR    148.4       148         1.241    172.5     182.5     187.5      187.5      117.5     127.5      -130       127.5        315        177.5        197.5        -202.5         197.5         512.5      636.0125      11-M-OR
Chelsea Zimmerman    26   F-OR    129.8       132        1.8108    117.5     122.5     127.5      127.5         65        70      -77.5        70        197.5         130          140        147.5          147.5          345        624.726       6-F-OR
Elizabeth Roberts    28   F-OR    144.2       148        1.6738    132.5      145                  145          65      -72.5     -72.5        65         210        132.5        147.5        157.5          157.5         367.5      615.1215       7-F-OR
Spenser Nagel        30   M-OR     238        242          0.89    227.5      245      252.5      252.5      142.5       150      -155        150        402.5       237.5          260        272.5          272.5          675         600.75      12-M-OR
Adam Hike            31   M-OR     261        275        0.8664    237.5      250       260        260         145      -155       155        155         415          250        267.5          275           275           690        597.816      13-M-OR
Carsen Kuesel        26   M-OR    181.6       181        1.0298     195       205      217.5      217.5      -112.5    112.5     -132.5      112.5        330        227.5        242.5         -250          242.5         572.5      589.5605      14-M-OR
Andrew Harris        19   M-TF    269.8       275         0.861    177.5      195      207.5      207.5        100     102.5      -105       102.5        310          200          215         -225           215           525        452.025       2-M-TF
Megan Range          33   F-OR     148        148        1.6454   -127.5     127.5    -137.5      127.5         75      -82.5     -82.5        75        202.5         135        142.5        147.5          147.5          350         575.89       8-F-OR
Sam Lee              23   M-OR    194.6       198        0.9806   -207.5    -207.5     207.5      207.5      -127.5    127.5      -145       127.5        335        -247.5       247.5         -265          247.5         582.5      571.1995      15-M-OR
Wesley Sheely        36   M-OR    291.8       308        0.8484    202.5      215      227.5      227.5        160       170     -172.5       170        397.5         245          260        272.5          272.5          670        568.428      16-M-OR
Gregg Rhodes         55   M-M4    220.2       220        0.9154   -182.5    -182.5     182.5      182.5      122.5       130      -135        130        312.5         160        167.5        -172.5         167.5          480        439.392       1-M-M4
Lillie Lorang        25   F-OR    161.4       165        1.5646    102.5     112.5      120        120        62.5        70       -75         70         190        147.5        162.5          170           170           360        563.256       9-F-OR
Eduardo Gardea       28   M-OR     196        198        0.9768     190       200       210        210       127.5       135     -142.5       135         345         -215          225          230           230           575         561.66      17-M-OR
Geoff Getzschman     23   M-JO    181.6       181        1.0298     115      127.5      140        140         105       120     -127.5       120         260          150        167.5        177.5          177.5         437.5      450.5375       2-M-JO
Curt Winters         32   M-OR    145.2       148          1.27     125      137.5     147.5      147.5       92.5     -102.5    -102.5       92.5        240          170          185        -192.5          185           425         539.75      18-M-OR
Chace Brisby         32   M-OR     167        181        1.1062     160      167.5    -172.5      167.5      112.5     -122.5    -122.5      112.5        280        192.5        202.5         -205          202.5         482.5      533.7415      19-M-OR
Zechariah Craig      22   M-OR     189        198        1.0004     170      182.5      190        190         130     -137.5    137.5       137.5       327.5         185        197.5          205           205          532.5       532.713      20-M-OR
Randy Hall           40   M-OR    292.4       308         0.848    207.5     227.5    -242.5      227.5        150      -165      -165        150        377.5         225         -250         -250           225          602.5        510.92      21-M-OR
Stacey Heckman       35   F-OR    140.4       148        1.7034     105       115       -120       115        52.5      -57.5      -60        52.5       167.5         120        127.5        -137.5         127.5          295        502.503      10-F-OR
Angel Hernandez      29   M-OR    224.6       242        0.9084     -205      -205      205        205         110      -120      -120        110         315          235        -252.5       -252.5          235           550         499.62      22-M-OR
Christian Friend     27   M-OR    210.8       220        0.9336    157.5     182.5      195        195       112.5     127.5     -137.5      127.5       322.5       177.5          205        -227.5          205          527.5       492.474      23-M-OR
Adam Tyma            44   M-OR     302        308         0.844    192.5     207.5      215        215       142.5     -157.5    -157.5      142.5       357.5         195        207.5          220           220          577.5        487.41      24-M-OR
Erika Jacobson       29   F-OR     198        198        1.4216     105       110      117.5      117.5        -70        70        80         80        197.5         115        122.5          135           135          332.5       472.682      11-F-OR
Kyle Foster          27   M-OR    216.8       220        0.9218     160       170      177.5      177.5        110     -122.5    -122.5       110        287.5         180          200          210           210          497.5      458.5955      25-M-OR
Elizabeth Nelson     40   F-OR     194        198         1.433    112.5    -122.5     122.5      122.5       57.5      62.5        65         65        187.5         115          125        -137.5          125          312.5      447.8125      12-F-OR
Tasloach Wol         24   M-OR    192.6       198        0.9874     92.5     102.5      125        125          90     102.5     -107.5      102.5       227.5         185          195          210           210          437.5      431.9875      26-M-OR
Melissa Wacher       37   F-SM     239        SHW        1.3314     82.5     -97.5     -97.5      82.5          60        65       -70         65        147.5         125          140         -150           140          287.5      382.7775       1-F-SM
Sunny Wendt          37   F-OR    246.4       SHW        1.3198     100     -102.5     102.5      102.5         55       -60       -60         55        157.5         115        122.5        137.5          137.5          295        389.341      13-F-OR
Carol Smolsky        58   F-M4    131.4       132        1.7926      80        -85       85        85         37.5      42.5      -47.5       42.5       127.5        92.5         97.5        -102.5          97.5          225        403.335       1-F-M4
Tim Gumm             42   M-M1    219.4       220         0.917     -185      -185      185        185       -147.5     -150      -150          0          0         187.5          195         -200           195            0            0             0
Evan Welsh           25   M-OR    197.8       198        0.9704     170       175       180        180        -120     -122.5    -122.5         0          0                                                    0             0            0             0
