"",17/12/2017,"Greater London Women Qualifier (3) BwtWtClsWilksAgeSQBestBPBestSubBest(1) PL(2)PlEvents TeamDivlot#AgeSQ-1SQ-2SQ-3BP-1BP-2BP-3DL-1DL-2DL-3Age-Pl-Div- WtCls-Evt (kg)(kg)CoeffCoeffrackSQrackBPTotalDLTotalWilks PtsCodeEntered Wilks",,,,,,,,,,,,,,,,,,,,,,,,,,,,
"Flt B",Name,,,,,,,,,,,,,,,,,,,,,,,,,,,,,
A,Felicity Williams-Harris,,F-C-Sn,56.5,57,10,1.1684,,0,9,-70,70,75,75,5,-50,50,55,55,130,95,100,105,105,235,274.574,0.000,2,8-F-C-Snr-PL,PL
A,Julia Herrrera Sawai,,F-C-Sn,83.8,84,5,0.8928,,0,12,80,87.5,92.5,92.5,5,50,-55,55,55,147.5,115,125,135,135,282.5,252.216,0.000,2,9-F-C-Snr-PL,PL
A,Charlotte Doughton,,F-C-Sn,51.3,52,12,1.2597,,0,9,95,-102.5,-102.5,95,,52.5,-55,-55,52.5,147.5,115,125,-135,125,272.5,343.268,0.000,2,6-F-C-Snr-PL,PL
A,Lucy Glover,,F-C-Sn,70.5,72,4,0.99,,0,11,122.5,127.5,131,131,7,70,75,77.5,77.5,208.5,140,145,-150,145,353.5,349.965,0.000,2,5-F-C-Snr-PL,PL
A,Nancy Evbuomwan,,F-C-Sn,70.7,72,3,0.9881,,0,9,-125,125,130,130,,50,-55,-60,50,180,140,145,160,160,340,335.954,0.000,2,7-F-C-Snr-PL,PL
A,Emily Cushion,,F-C-Sn,66.5,72,2,1.0317,,0,12,110,117.5,125,125,7,75,77.5,82.5,82.5,207.5,150,155,162.5,162.5,370,381.729,0.000,2,2-F-C-Snr-PL,PL
A,Rima Baki,,F-C-Sn,62.7,63,1,1.0779,,0,9,130,137.5,142.5,142.5,,77.5,82.5,-85,82.5,225,150,160,165,165,390,420.381,0.000,2,1-F-C-Snr-PL,PL
A,Robynne Smith,,F-C-Sn,72,72,7,0.976,,0,11,115,122.5,127.5,127.5,7,75,80,-85,80,207.5,155,162.5,170,170,377.5,368.440,0.000,2,4-F-C-Snr-PL,PL
A,Chloe Whylie,,F-C-Sn,83,84,9,0.8972,,0,14,150,-160,-160,150,4,75,-80,80,80,230,180,185,190,190,420,376.824,0.000,2,3-F-C-Snr-PL,PL
A,Will Cornisieanu,M-C-Se,73.5,74,14,0.7228,,0,13,130,137.5,145,145,,85,92.5,100,100,245,165,182.5,-195,182.5,427.5,308.997,0.000,2,2-M-C-Sen-PL,PL,
Lenny Oseni,M-C-Se,97.6,105,13,0.6147,,0,15,-240,250,,250,9,-160,160,165,165,415,280,-300,-300,280,695,427.217,0.000,2,1-M-C-Sen-PL,PL,,
"",Name,Team,Div,"Bwt (kg)","WtCls (kg)",lot#,"Wilks Coeff",Age,"Age Coeff","SQ rack",SQ-1,SQ-2,SQ-3,"Best SQ","BP rack",BP-1,BP-2,BP-3,"Best BP","Sub Total",DL-1,DL-2,DL-3,"Best DL","(1) PL Total","(2) Wilks Pts","(3)  Age- Wilks","Pl Code",Pl-Div- WtCls-Evt,"Events Entered",
A,Felicity Williams-Harris,,F-C-Sn,56.5,57,10,1.1684,,0,9,-70,70,75,75,5,-50,50,55,55,130,95,100,105,105,235,274.574,0.000,2,8-F-C-Snr-PL,PL,
A,Julia Herrrera Sawai,,F-C-Sn,83.8,84,5,0.8928,,0,12,80,87.5,92.5,92.5,5,50,-55,55,55,147.5,115,125,135,135,282.5,252.216,0.000,2,9-F-C-Snr-PL,PL,
A,Charlotte Doughton,,F-C-Sn,51.3,52,12,1.2597,,0,9,95,-102.5,-102.5,95,,52.5,-55,-55,52.5,147.5,115,125,-135,125,272.5,343.268,0.000,2,6-F-C-Snr-PL,PL,
A,Lucy Glover,,F-C-Sn,70.5,72,4,0.99,,0,11,122.5,127.5,131,131,7,70,75,77.5,77.5,208.5,140,145,-150,145,353.5,349.965,0.000,2,5-F-C-Snr-PL,PL,
A,Nancy Evbuomwan,,F-C-Sn,70.7,72,3,0.9881,,0,9,-125,125,130,130,,50,-55,-60,50,180,140,145,160,160,340,335.954,0.000,2,7-F-C-Snr-PL,PL,
A,Emily Cushion,,F-C-Sn,66.5,72,2,1.0317,,0,12,110,117.5,125,125,7,75,77.5,82.5,82.5,207.5,150,155,162.5,162.5,370,381.729,0.000,2,2-F-C-Snr-PL,PL,
A,Rima Baki,,F-C-Sn,62.7,63,1,1.0779,,0,9,130,137.5,142.5,142.5,,77.5,82.5,-85,82.5,225,150,160,165,165,390,420.381,0.000,2,1-F-C-Snr-PL,PL,
A,Robynne Smith,,F-C-Sn,72,72,7,0.976,,0,11,115,122.5,127.5,127.5,7,75,80,-85,80,207.5,155,162.5,170,170,377.5,368.440,0.000,2,4-F-C-Snr-PL,PL,
A,Chloe Whylie,,F-C-Sn,83,84,9,0.8972,,0,14,150,-160,-160,150,4,75,-80,80,80,230,180,185,190,190,420,376.824,0.000,2,3-F-C-Snr-PL,PL,
A,Will Cornisieanu,M-C-Se,73.5,74,14,0.7228,,0,13,130,137.5,145,145,,85,92.5,100,100,245,165,182.5,-195,182.5,427.5,308.997,0.000,2,2-M-C-Sen-PL,PL,,
