    World Championships 2010
    Trnava, Slovakia
R. Name        Lastname       Country   Age   Weight   Devision Class   Squat1        Squat2        Squat3        Squat4      Bench1        Bench2        Bench3        Bench4      Deadlift1        Deadlift2        Deadlift3        Deadlift4     Total        Reshel McCullough
Women
 1 Julianna    Kiss            HUN      17     60,0    T16-17     60     110,0         115,0         120,0         125,0 wr     60,0          70,0          70,0                       105,0            115,0            122,5    wr      122,5 wr   295,0        525,985
 1 Monika      Petrovská       SVK      19     64,9    T18-19    67,5    100,0 wr      100,0 wr      100,0 wr                   50,0   wr     57,5   wr     60,0   wr                  110,0    wr      120,0    wr      130,0    wr                 280,0   wr   472,080
 1 Chantal     Rostagnat       FRA      43     60,0    M40-44     60     100,0         100,0                                    75,0   er     78,0   wr     78,0   wr                  135,0    er      135,0    er      135,0    er                 310,0        552,730   568,206
 1 Jodi        Parkhurst       USA      41     90,0    M40-44     90     105,0 wr      125,0 wr      125,0 wr                   65,0   wr     75,0   wr     85,0   wr     90,0 wr       80,0    wr      100,0    wr      115,0    wr      115,0 wr   280,0   wr   397,600   399,588
 1 Karin       Heindl          AUT      54     49,3    M50-54     52      80,0          95,0         100,0                      47,5          52,5          55,0                        90,0            105,0            113,0    wr                 260,5        580,915   713,364
 1 Ilona       Gehringer       GER      58     58,7    M55-59     60     105,0 er      110,0 wr      117,5 wr                   77,5   er     77,5   wr     82,5   wr                  110,0    er      117,0    er      122,5    er      127,0 wr   322,5   wr   587,273   776,374
 1 Zsuzsanna Németh            HUN      55     66,5    M55-59    67,5     75,0          85,0          92,5                      77,5          85,0          87,5   wr     90,0 wr      115,0            125,0            132,5    wr      132,5 wr   302,5        500,638   625,797
 1 Katalin     Rohrmann        HUN      57     74,8    M55-59     75     100,0         110,0         116,0 wr                   85,0          90,0   wr     92,5   wr     92,5 wr      140,0            145,0    wr      150,0    wr                 356,0   wr   550,376   713,838
 1 Hana        Nachtigalová    CZE      32     47,4     Open      48      80,0          92,5                                    40,0          45,0          52,5                       100,0            110,0            110,0                       225,0        532,575
 1 Monika      Rovná           CZE      27     64,7     Open     67,5    180,0         180,0         200,0                      80,0          87,5          95,0                       140,0            157,5                                        407,5        688,675
 1 Sandra      Mokrá           SVK      31     71,4     Open      75     160,0         170,0         175,0                     102,5         110,0         115,0                       155,0            167,5            177,5                       462,5        734,913
Teenager, Junior
 1 Artur       Sokolowski      POL      17     59,9    T16-17      60    110,0   wr    120,0   wr    130,0   wr                 65,0          70,0          75,0                       137,5 wr         150,0 wr         170,0 wr                    355,0   wr   508,360
 1 Péter       Mürkl           HUN      17     64,7    T16-17    67,5    140,0         155,0         170,0                     100,0         110,0         113,0 wr                    130,0            145,0            160,0                       413,0        536,900
 2 Martin      Švirec          SVK      17     63,9    T16-17    67,5    110,0         125,0         125,0                      85,0          95,0          95,0                       130,0            140,0            150,0                       360,0        474,120
 1 Grzegorz    Glowacki        POL      16     68,6    T16-17      75    120,0         135,0         150,0                      67,5          75,0          80,0                       140,0            140,0            150,0                       365,0        444,935
 1 Peter       Kóti            HUN      16    104,2    T16-17     110    180,0         190,0         200,0                     110,0         115,0         115,0                       190,0            205,0            215,0                       530,0        477,530
 2 Marcel      Dobiš           SVK      17    106,2    T16-17     110    140,0         140,0         140,0                      95,0         105,0         110,0                       160,0            175,0            195,0                       420,0        375,900
 1 Gergö       Ács             HUN      17    115,6    T16-17     125    240,0         250,0   er    260,0   er                150,0 er      160,0 er      170,0 er                    230,0            240,0            250,0 er                    670,0   er   584,240
 1 Dániel      Györfi          HUN      18     66,8    T18-19    67,5    185,0         200,0   er    200,0   er                115,0         123,0 wr      125,0 wr                    185,0            200,0 er         200,0 er                    493,0   er   617,236
 2 Amos        Walcher         AUT      19     65,2    T18-19    67,5    100,0         115,0         120,0                      65,0          72,5          77,5                       135,0            145,0            145,0                       327,5        422,475
 1 Gábor       Ilyés           HUN      19     81,0    T18-19    82,5    230,0         240,0         253,0   wr                140,0         150,0         155,0                       190,0            210,0            220,0            232,0 wr   623,0        650,412
 2 Ákos        Gidai           HUN      19     82,5    T18-19    82,5    190,0         200,0         200,0                     110,0         120,0         127,5                       190,0            205,0            215,0                       535,0        550,515
 1 Slavomír    Struhár         SVK      19    109,9    T18-19     110    200,0         220,0         240,0                     140,0         150,0         160,0                       210,0            230,0            240,0                       610,0        539,850
 - Nico        Gollnick        GER      19    137,5    T18-19     140    245,0         250,0         255,0                                                                               0,0                                                           0,0          0,000
 1 Daniel      Dömötor         HUN      18    153,2    T18-19    140+    210,0   er    230,0   er    240,0   er                110,0 er      120,0 er      125,0 er                    215,0 er         243,0 wr         243,0 wr         243,0 wr   580,0   er   480,240
 1 Alexander Markovič          SVK      21     74,4    Junior      75    260,0   wr    275,0   wr    290,0   wr                135,0         150,0 wr      160,0 wr                    230,0            245,0 wr         255,0 wr                    680,0   wr   767,040
 1 Hannes      Walder          AUT      22     79,9    Junior    82,5    220,0         240,0         260,0                     130,0         150,0         160,0                       230,0            250,0 wr         262,5 wr                    682,5   wr   721,403
 2 David       Stojaspal       SVK      20     79,5    Junior    82,5    220,0         230,0                                   115,0         122,5         130,0                       190,0            215,0            230,0                       557,5        590,950
 - Kevin       Dufrenoy        FRA      21     80,0    Junior    82,5    270,0   wr    270,0   wr    270,0 wr                    0,0                                                     0,0                                                           0,0          0,000
 1 Andras      Gado            HUN      23     89,3    Junior      90    240,0         250,0         260,0                     160,0         170,0         175,0                       220,0            235,0            240,0                       675,0        657,450
 2 Adam        Kovács          SVK      20     86,9    Junior      90    140,0         150,0         160,0                     130,0         140,0         150,0                       180,0            200,0            210,0                       510,0        505,920
 - Adam        Chapelier       FRA      23     87,3    Junior      90    313,0   wr    313,0   wr    313,0 wr                    0,0                                                     0,0                                                           0,0          0,000
 1 Márk        Susovits        HUN      23     97,0    Junior     100    250,0         260,0         275,0                     170,0         180,0         190,0                       250,0            265,0            276,0 wr         285,0 wr   741,0   wr   686,907
 2 Marek       Toman           SVK      21     98,3    Junior     100    280,0         305,0         305,0                     160,0         160,0         170,0                       200,0            210,0            210,0                       660,0        608,520
 3 Erik        Karvai          SVK      23     94,3    Junior     100    225,0         240,0         240,0                     170,0         180,0         180,0                       210,0            220,0            220,0                       625,0        588,125
 1 Matúš       Sobota          SVK      22    104,3    Junior     110    310,0         340,0   wr    340,0 wr                  245,0         255,0         265,0 wr                    255,0            277,5            285,0                       852,5   wr   767,250
 2 Boris       Nižňanský       SVK      23    106,5    Junior     110    250,0         270,0                                   200,0         215,0         225,0                       220,0            240,0            250,0                       735,0        657,090
 3 Mario       Weichlinger     AUT      21    104,2    Junior     110    160,0         180,0         200,0                     140,0         150,0         160,0                       220,0            232,5            240,0                       570,0        513,570
Master
 1 Martin      Heindl          AUT      54     67,5    M50-54   67,5     170,0         180,0         180,0                     105,0         107,5         110,0                       190,0            210,0            220,0                       490,0        606,130   744,328
 1 Hans        Wickel          GER      58     65,2    M55-59   67,5     125,0         140,0                                    80,0          85,0                                     125,0            145,0                                        350,0        451,500   596,883
 1 Ulrich      Mielich         GER      71     66,0    M70-74   67,5      70,0          80,0          82,5                      60,0          65,0          67,5                       115,0 wr         122,5 wr         125,0 wr                    275,0        348,700   606,738
 1 Vladimir    Lapynin         RUS      40     74,8    M40-44   75       220,0         230,0         240,0                     170,0 wr      185,0   wr    195,0   wr                  210,0            235,0            235,0            246,0 wr   660,0 wr     739,200   739,200
 2 Zoltán      Kató            HUN      41     73,4    M40-44   75       155,0         165,0         170,0                     135,0         145,0         145,0                       190,0            200,0            205,0                       505,0        577,215   580,101
 1 István      Verebi          HUN      59     74,6    M55-59   75       155,0         165,0         170,0                     125,0         135,0   wr    135,0   wr                  155,0            160,0            165,0                       460,0        517,040   698,004
 2 František   Albert          SVK      58     74,7    M55-59   75       105,0         115,0         122,5                      85,0          92,5          97,5                       120,0            135,0            140,0                       360,0        404,640   534,934
 1 Burkhard    Steffen         GER      60     72,5    M60-64   75       160,0         170,0         180,0                     110,0         115,0         117,5   er                  145,0            152,5                                        447,5        516,863   713,270
 1 Csaba       Keszthelyi      HUN      76     74,2    M75-79   75       110,0         110,0         117,5 wr                   80,0          85,0   er     87,5   er                  125,0            132,5            135,0                       337,5 er     382,050   741,177
 1 Petr        Chvátal         CZE      47     81,1    M45-49   82,5     170,0         180,0         190,0                     120,0         130,0         135,0                       200,0            220,0            226,0 er                    530,0        553,320   606,439
 1 Ronnie      Baker           USA      52     81,6    M50-54   82,5     205,0         242,5         242,5                      60,0         150,0         165,0                       185,0            210,0            231,5 wr                    580,0        602,620   715,310
 1 Józef       Bejgrowicz      POL      58     82,5    M55-59   82,5     150,0         180,0         180,0                      80,0          92,5          92,5                       220,0            241,0 wr                                     492,5        506,783   669,966
 1 Steffen     Reisbach        GER      42     90,0    M40-44   90       160,0         230,0         240,0                     130,0         165,0         175,0                       170,0            170,0            205,0                       600,0        581,400   589,540
 1 Zbigniew    Turowski        POL      46     88,2    M45-49   90       280,0         300,0         320,0         332,5 wr    160,0         180,0         180,0                       250,0            270,0            287,5                       770,0        756,910   815,949
 2 Sándor      Jungwirth       HUN      45     86,1    M45-49   90       170,0         185,0         190,0                     120,0         140,0         150,0                       160,0            175,0            190,0                       530,0        528,940   560,676
 1 Volodymyr Chernobai         UKR      50     89,5    M50-54   90       250,0         265,0         275,0                     130,0         140,0         140,0                       230,0            247,5            255,0                       662,5        643,950   740,543
 2 Sergio      Bianchi         ITA      50     89,1    M50-54   90       240,0         255,0         255,0                     125,0         130,0         132,5                       200,0            210,0                                        597,5        583,160   670,634
 1 Joszef      Sztanke         HUN      56     90,0    M55-59   90       240,0         272,5 wr      285,0 wr                  190,0         210,0         210,0                       210,0            230,0            240,5 wr                    703,0        681,207   867,177
 1 Joachim     Flett           GER      52    100,0    M50-54   100      235,0         245,0         250,0                     242,5 wr      247,5   wr    250,0   wr                  215,0            230,0            242,5                       740,0        677,100   803,718
 2 Ondrej      Döme            SVK      54     94,9    M50-54   100      150,0         150,0         155,0                     140,0         145,0                                     150,0            160,0            165,0                       455,0        426,790   524,098
   World Championships 2010
   Trnava, Slovakia
R. Name       Lastname       Country   Age   Weight   Devision Class   Squat1      Squat2      Squat3      Squat4   Bench1        Bench2        Bench3      Bench4   Deadlift1     Deadlift2     Deadlift3     Deadlift4      Total      Reshel McCullough
 1 Jozef      Sokolowski      POL      55     96,3    M55-59   100      270,0 wr    290,0 wr    300,0 wr             160,0         160,0         170,0                  280,0 wr      290,0 wr      300,0 wr                  760,0 wr   707,560   884,450
 1 Frieder    Hachenberger    GER      67     98,0    M65-69   100      220,0       235,0 wr    235,0 wr             150,0         155,5 wr                             190,0         200,0         205,5 wr                  575,5      531,187   848,305
 1 Viktor     Kudi            CZE      44    106,1    M40-44   110      290,0       290,0       310,5 wr             220,0         240,0         250,5 wr               240,0         260,0         270,5 er                  823,0 wr   736,585   768,995
 1 Atilla     Sándor          HUN      59    106,5    M55-59   110      200,0       215,0                            160,0         172,5 wr      180,0 wr               180,0         200,0         210,0                     605,0      540,870   730,175
 1 Robert     Glowacki        POL      43    115,7    M40-44   125      250,0       265,0       275,0                100,0         105,0         110,0                  240,0         260,0         280,0                     665,0      579,880   596,117
 1 Didier     Michelon        FRA      46    110,5    M45-49   125      210,0       210,0       210,0                250,0 wr                                           140,0         170,0         192,5                     652,5      576,158   621,098
 1 Dušan      Piačka          SVK      53    110,9    M50-54   125      115,0       140,0       150,0                 95,0         105,0                                145,0         162,5         170,0                     390,0      344,370   415,655
 1 Boris      Švirec          SVK      46    126,6    M45-49   140      150,0       160,0       170,0                140,0                                              170,0         180,0         200,0                     510,0      436,560   470,612
 1 Hubert     Dörer           AUT      44    144,8    M40-44   140+     250,0       280,0       305,0 er             180,0         200,0         212,5                  240,0         265,0                                   757,5 er   633,270   661,134
Submaster, Open
 1 Denis      Buschke         GER      38     88,2     Subm       90    300,0       310,0       310,0                150,0         155,0         160,0                  240,0         255,0         260,0                     715,0      702,845
 2 Didier     Lebrun          FRA      38     87,5     Subm       90    180,0       180,0       200,0                137,5         160,0         160,0                  180,0         195,0         212,5                     512,5      505,838
 1 Markus     Schreiber       AUT      36     97,2     Subm      100    250,0       280,0       290,0                150,0         175,0         180,0                  240,0         260,0         275,0                     740,0      685,980
 2 Niclas     Friberg         SWE      36     96,8     Subm      100    200,0                                        212,5   er    217,5   er    207,5 er               200,0         250,0         300,5 wr                  662,5      614,800
 1 Markus     Rücker          GER      36    100,1     Subm      110    285,0       300,0       300,0                190,0         197,5         197,5                  260,0         280,0         290,0                     777,5      711,413
 2 Marco      Lamprecht       GER      37    109,1     Subm      110    290,0       320,0       340,0                160,0         160,0         160,0                  262,5         280,0         300,0                     760,0      674,120
 3 Norbert    Hablicsek       HUN      36    108,8     Subm      110    260,0       275,0       290,0                180,0         190,0         200,0                  260,0         275,0         280,0                     740,0      657,120
 4 Viktor     Szabó           SVK      35    104,8     Subm      110    280,0       295,0       305,0                160,0         170,0         180,0                  240,0         260,0         275,0                     705,0      633,795
 1 Róbert     Németh          HUN      35     124      Subm      125    330,0       340,0                            230,0         250,5   wr    260,0 wr               260,0         280,0         302,5                     870,0      747,330
 2 Stephen    Parkhust        USA      36    117,3     Subm      125    250,0       272,5                            210,0         235,5   ar                           250,0         272,5                                   755,0      655,340
 1 Danny      Schmalz         GER      36    126,1     Subm      140    370,0 wr    380,0 wr                         232,5   wr    255,0   wr                           265,0         290,0         300,0                     912,5      782,013
 1 Marcel     Mette           GER      34     66,7     Open     67,5    262,5       280,0       300,5 wr             125,0         125,0         130,0                  210,0         225,0         230,0                     640,0      804,480
 2 Ján        Habardík        SVK      24      67      Open     67,5    250,0       250,0       260,0                137,5         142,5         142,5                  220,0         235,0         255,0 wr                  622,5      775,635
 1 Jeffrey    Podszuweit      GER      33     73,8     Open       75    302,5       320,0       330,5 wr             218,0   wr    226,0   wr    230,5 wr               260,0         280,0 er      290,0                     808,5      918,456
 2 Marek      Hradský         SVK      32     73,8     Open       75    210,0       210,0       210,0                115,0         120,0         120,0                  220,0         227,5         227,5                     552,5      627,640
 3 Saverio    Manuardi         ITA     34     73,2     Open       75    200,0       210,0       230,0                110,0         115,0         117,5                  210,0         225,0         232,5                     550,0      630,850
 4 Clemens    Edinger         AUT      24     73,7     Open       75    150,0       170,0       180,0                100,0         100,0         110,0                  150,0         170,0         190,0                     450,0      512,550
 1 Daniel     Tatarka         SVK      26     79,2     Open     82,5    275,0       285,0       300,0                160,0         180,0         180,0                  230,0         245,0         245,0                     685,0      730,210
 2 Roman      Medvedchuk      UKR      29     79,8     Open     82,5    230,0       255,0       275,0                130,0         142,5         150,0                  225,0         240,0         250,0                     657,5      694,978
 3 Jonas      Anderbring      SWE      31     80,4     Open     82,5    275,0       282,5       282,5                155,0         155,0         162,5                  210,0         220,0         232,5                     657,5      691,033
 4 Stefan     Hörndl          AUT      25     77,1     Open     82,5    240,0       260,0       260,0                110,0         120,0         130,0                  190,0         205,0         220,0                     595,0      648,550
 5 Miklós     Boda            HUN      31     75,5     Open     82,5    210,0       220,0       220,0                150,0         160,0         160,0                  200,0         210,0         225,0                     580,0      643,800
 1 Bryan      Beanland        USA      29     88,9     Open       90    320,0       340,0       340,0                200,0         207,5         207,5                  272,5         290,0         310,0 ar                  830,0      811,740
 2 Milan      Gejdoš          SVK      30      90      Open       90    320,0       320,0       353,0 wr             205,0         215,0         220,0                  260,0         270,0                                   800,0      775,200
 3 Serhii     Zakharchuk      UKR      26     88,6     Open       90    230,0       250,0       270,0                160,0         170,0         180,0                  220,0         240,0         250,0                     670,0      655,930
 4 Martin     Steiner         AUT      26     84,2     Open       90    180,0       200,0       200,0                112,5         120,0         120,0                  180,0         200,0         220,0                     500,0      507,500
 - Patrik     Halai           SVK      33      89      Open       90    290,0       315,0       315,0                  0,0           0,0           0,0                    0,0                                                   0,0        0,000
 1 Jaromír    Kratochvíl      CZE      32     99,8     Open      100    350,0       360,0                            240,0         250,0         255,0                  270,0         277,5         290,0                     900,0      824,400
 2 Peter      Lincmaier       SVK      26      99      Open      100    300,0       320,0       340,0                200,0         215,0         220,0                  285,0         300,0         306,0 wr      306,0 wr    860,0      790,340
 3 Erik       Knoefler        GER      29     97,3     Open      100    290,0       315,0       325,0                200,0         200,0         207,5                  260,0         275,0         282,5                     807,5      747,745
 4 Atilla     Szücs           HUN      34     99,3     Open      100    305,0       305,0       330,0                140,0         160,0         200,0                  240,0         260,0         275,0                     765,0      702,270
 5 Sven       Lorenz          GER      31     99,3     Open      100    300,0       310,0       310,0                190,0         210,0         215,0                  260,0         270,0         270,0                     760,0      697,680
 6 Andrej     Smutný          SVK      33     95,6     Open      100    270,0       270,0       270,0                220,0         225,0         230,0                  240,0         250,0         257,5                     752,5      702,835
 7 Štefan     Elek            SVK      27     99,8     Open      100    270,0       290,0       290,0                190,0         200,0         212,5                  250,0         270,0         285,0                     752,5      689,290
 8 Sergii     Didovik         UKR      32     99,8     Open      100    205,0                                        275,0   wr    285,0   wr    285,0 wr               225,0         245,0         260,0                     725,0      664,100
 1 Andriy     Yaremus         UKR      33    109,3     Open      110    330,0       350,0       365,0                220,0         220,0         230,0                  300,0         320,0         330,0 wr                  900,0      798,300
 2 Jaromír    Šruc            CZE      29    101,7     Open      110    330,0       350,0       360,0                200,0         215,0         237,5                  240,0         260,0         275,0                     840,0      763,560
 3 Jozef      Kopálek         SVK      28    102,1     Open      110    270,0       280,0       290,0                140,0         200,0         200,0                  260,0         270,0         275,0                     750,0      681,750
 4 Stanislav  Nikolaenko      UKR      32    108,7     Open      110    240,0       250,0       260,0                225,0         225,0         225,0                  240,0         250,0                                   725,0      644,525
 5 Vladimír   Hess            SVK      27    105,7     Open      110    270,0       270,0       270,0                205,0         210,0         217,5                  240,0         250,0         250,0                     720,0      645,840
 6 Zoltán     Minihoffer      HUN      33    100,9     Open      110    200,0       220,0       250,0                180,0         195,0         200,0                  200,0         212,5         217,5                     667,5      608,760
 7 Didier     Michelon        FRA      46     110      Open      110    215,0       215,0                            252,5   wr    302,5   wr    302,5 wr               160,0         185,0         200,0                     652,5      577,463
 1 Artem      Stepanenko      UKR      28    114,5     Open      125    310,0       330,0       340,0                185,0         200,0         205,0                  230,0         245,0         250,0                     775,0      676,575
 2 Jozef      Svitok          SVK      25    117,4     Open      125    300,0       310,0       310,0                200,0         215,0                                260,0         260,0         260,0                     775,0      672,700
 3 Hannes     Possegger       AUT      33     121      Open      125    250,0       270,0       290,0                160,0         180,0         185,0                  250,0         265,0         270,0                     720,0      620,640
 - Richard    Haberl          AUT      39    122,9     Open      125    305,0       365,0       365,0                230,0         230,0         230,0                                                                          0,0        0,000
 - Martin     Košnar          CZE      32    124,2     Open      125    400,0       420,0       440,0 wr             320,0         320,0         320,0                                                                          0,0        0,000
 1 Serhiy     Oleolenko       UKR      32    149,3     Open     140+    430,0 wr    430,0 wr    430,0 wr             260,0         270,0         275,0 wr               350,0         390,0 wr      410,0 wr                 1050,0      872,550
 2 Martin     Vaško           CZE      33    151,5     Open     140+    330,0       355,0       370,0                210,0         225,0         230,0                  270,0         290,0         300,0                     870,0      721,230

   © AWPC-Slovakia
   www.awpc-slovakia.com
    World Championships 2010
    Trnava, Slovakia
                                                                                                                                                    K          K
R. Name         Lastname          Country   Age   Weight   Devision    Class    Bench1        Bench2        Bench3        Bench4      Total         o   Reshel o McCullough
Women
1   Joana       Tkocz              POL      16     55,2     T16-17         56     50,0          55,0          57,5                      55,0            106,810
1   Magdalena   Splawinska         POL      16     71,0     T16-17         75     60,0   wr     62,5 wr                                 60,0             95,520
1   Chantal     Rostagnat          FRA      43     59,7     M40-44         60     73,0   wr     75,0 wr       75,0 wr       80,0 wr     75,0   wr       134,625     138,395
1   Viola       Kongehl            GER      42     65,5     M40-44       67,5     60,0                                                  60,0            100,320     101,724
1   Marzena     Wysocka            POL      41     98,6     M40-44       90+     115,0   wr    120,0   wr    120,0   wr    127,5 wr    120,0   wr       164,520     165,343
1   Libuše      Lieblová           CZE      49     80,1     M45-49       82,5    120,0         131,0   wr    135,0   wr                131,0   wr       196,107     221,993
2   Heide       Geber              GER      47     77,0     M45-49       82,5     60,0          65,0          70,0                      65,0             99,060     108,570
1   Ilona       Gehringer          GER      58     58,0     M55-59         60     77,5   wr     82,5   wr     85,0   wr                 82,5   wr       151,635     200,461
1   Zsuzsanna   Németh             HUN      55     66,9     M55-59       67,5     72,5          77,5          82,5          88,0 wr     82,5            136,208     170,259
2   Christine   Ebering            GER      59     66,0     M55-59       67,5     60,0          65,0          67,5                      67,5            112,320     151,632
1   Katalin     Rohrmann           HUN      57     74,0     M55-59         75     80,0          85,0          90,0   wr                 90,0   wr       139,950     181,515
1   Sigrid      Tietz              GER      61     55,0     M60-64         56     57,5          63,0   wr     65,0   wr                 63,0   wr       122,346     172,508
1   Christel    Schubert           GER      65     61,0     M65-69       67,5     35,0   wr     40,0   wr     42,5   wr                 40,0   wr        70,280     107,739
1   Ilona       Birkás             HUN      37     55,6    Submaster       56     65,0          70,0          76,0   wr     76,0 wr     70,0            134,610
1   Rita        Nagy               HUN      36     58,8    Submaster       60    105,0         110,0         112,5         121,0 wr    112,5            204,188
1   Piroska     Horvath            HUN      39     67,5    Submaster     67,5    122,5         127,5         130,0         133,5 wr    130,0            213,070
1   Aldona      Kaczan             POL      38     92,0    Submaster     90+      75,0          75,0          80,0                      75,0            105,600
1   Irina       Hoppner-Schmalz    GER      34     54,8      Open          56     62,5          67,5          67,5                      62,5            122,063
1   Kseniya     Panchenko          UKR      34     59,9      Open          60     45,0          45,0          50,0                      50,0             89,450
1   Kerstin     Sacks              GER      32     65,0      Open        67,5     60,0          62,5          65,0                      62,5            105,063
2   Vita        Zatvarska          UKR      31     65,2      Open        67,5     55,0          62,5                                    55,0             92,455
1   Sandra      Mokrá              SVK      31     71,2      Open          75    102,5         107,5         112,5                     112,5            179,100
2   Jolanta     Wrona              POL      25     74,2      Open          75     70,0          70,0          72,5                      70,0            108,850
1   Kararzyna   Chaciewicz         POL      30     77,1      Open        82,5     75,0          75,0          80,0                      75,0            114,300
Teenager, Junior
1   Michal      Kretosz            POL      17     59,8     T16-17      60       112,5         116,0 wr      120,0   wr    120,0 wr    116,0 wr         166,112
1   Adrian      Kopania            POL      17     66,7     T16-17     67,5      130,0         135,0 wr      135,0   wr    145,0 wr    135,0            169,695
2   Martin      Švirec             SVK      17     64,4     T16-17     67,5       80,0          90,0         100,0                      90,0            117,540
1   Mateusz     Kalinowski         POL      17     68,7     T16-17      75       120,0         130,0         130,0                     130,0            158,470
2   Miroslav    Čaba               SVK      17     71,7     T16-17      75       120,0         130,0         130,0                     120,0            140,400
1   David       Meszáros           HUN      17     89,2     T16-17      90       180,0         185,0         193,0   wr    193,0 wr    185,0            180,560
2   Richárd     Buda               HUN      17     84,1     T16-17      90       180,0         185,0         185,0                     180,0            182,700
1   Matúš       Muránsky           SVK      17     96,4     T16-17     100       150,0         150,0         157,5         165,0 wr    157,5            146,633
1   Lukasz      Siawluk            POL      18     58,2     T18-19      60        70,0          80,0          87,5                      80,0            119,760
1   Dániel      Égei               HUN      18     66,5     T18-19     67,5      140,0         150,0         157,0   wr    160,0 wr    157,0 wr         197,349
2   Pawel       Miginko            POL      19     65,6     T18-19     67,5      130,0         156,0 wr      156,0   wr    158,0 wr    130,0            166,270
1   Mariusz     Warowny            POL      19     74,3     T18-19      75       160,0         170,0         181,0   wr                181,0 wr         204,168
2   Pawel       Czempiel           POL      18     70,8     T18-19      75       115,0         115,0         120,0                     115,0            135,930
1   Károly      Szabó              HUN      19     76,7     T18-19     82,5      190,0         190,0         196,0   wr                190,0            208,240
2   Marek       Vorčák             SVK      18     81,9     T18-19     82,5      125,0         135,0         135,0                     135,0            139,860
3   Matúš       Metes              SVK      18     78,2     T18-19     82,5      125,0         125,0         135,0                     125,0            134,750
     World Championships 2010
     Trnava, Slovakia
                                                                                                                                               K           K
R.Name          Lastname    Country   Age   Weight   Devision   Class   Bench1         Bench2         Bench3         Bench4      Total         o    Reshel o McCullough
1 Gábor         Katona       HUN       19    92,5     T18-19     100      250,0   wr     250,0   wr     270,0   wr                250,0   wr       237,750
2 Szilágyi      Máté         HUN       19    92,8     T18-19     100      235,0          240,0          240,0                     240,0            228,000
3 Krisztián     Konrád       HUN       19    97,7     T18-19     100      190,0          200,0          210,0                     210,0            194,250
1 Radoslav      Tomašovič    SVK       18   100,1     T18-19     110      180,0          180,0          190,0   wr    200,0 wr    190,0   wr       173,850
1 Nico          Gollnick     GER       19   136,7     T18-19     140      200,0   wr     215,0   wr     222,0   wr                215,0   wr       181,460
1 Marcin        Wandel       POL       22    60,0     Junior      60      100,0          121,0   wr     130,0   wr                121,0   wr       172,183
1 Lukasz        Kretosz      POL       20    64,5     Junior     67,5     150,0   wr     150,0   wr     152,0   wr    155,0 wr    150,0   wr       195,000
2 Manuel        Wolf         GER       21    67,1     Junior     67,5     145,0          147,5   wr     150,0   wr                147,5            183,785
1 Sergej        Lisenko      GER       22    72,9     Junior      75      160,0          160,0          162,5                     162,5            187,038
2 Filip         Stanko       SVK       20    70,2     Junior      75      145,0          155,0          160,0                     160,0            191,040
3 Tomasz        Lipka        POL       20    68,7     Junior      75      110,0          150,0          150,0                     150,0            182,850
4 Peter         Matovič      SVK       21    73,9     Junior      75      130,0          135,0          150,0                     135,0            153,360
1 Tomáš         Bugáň        SVK       20    82,2     Junior     82,5     190,0          190,0          192,5                     192,5            199,045
2 Robert        Kasjaniuk    POL       21    82,5     Junior     82,5     192,5          200,0          200,0                     192,5            198,083
3 Daniel        Maľa         SVK       23    78,1     Junior     82,5     165,0          170,0          175,0                     175,0            188,650
4 Róbert        Kohút        SVK       20    82,5     Junior     82,5     150,0          160,0          160,0                     160,0            164,640
1 Oláh          Ákos         HUN       21    86,7     Junior      90      225,0          230,0          235,0                     235,0            233,590
2 Zoltán        Hachbold     HUN       23    83,8     Junior      90      220,0          230,0          232,5                     220,0            223,740
3 Damian        Furga        POL       21    90,0     Junior      90      175,0          175,0          202,5                     175,0            169,575
4 Vladimír      Metes        SVK       20    83,7     Junior      90      150,0          160,0          170,0                     160,0            163,040
1 Jozef         Suplicz      SVK       23   100,0     Junior     100      250,0          260,0   wr     260,0   wr                260,0   wr       237,900
2 Jozef         Čambál       SVK       22    93,1     Junior     100      205,0          215,0          225,0                     215,0            203,820
1 Norbert       Stranszki    HUN       23   120,4     Junior     125      240,0          252,5   wr     260,0   wr                252,5   wr       218,160
2 Sergiy        Oliynyk      UKR       22   114,0     Junior     125      200,0                                                   200,0            175,000
  Ľubomír       Gréger       SVK       23   115,9     Junior     125      280,0   wr     280,0 wr                                   0,0              0,000
1 Peter         Puszér       SVK       21   139,4     Junior     140      200,0          200,0          225,0 wr      225,0 wr    200,0            168,200
Master
1    Rupert     Wick         GER      44     57,2    M40-44      60       150,0          157,5          162,5   wr    162,5 wr    157,5            243,023      253,715
1    Vladimir   Lapynin      RUS      40     74,4    M40-44      75       170,0 wr       185,0 wr       195,0   wr                185,0 wr         208,680      208,680
1    Zygmunt    Wysocki      POL      44     82,3    M40-44     82,5      160,0          196,0 wr       196,0   wr                160,0            164,960      172,218
1    László     Kupcsik      HUN      43     89,3    M40-44      90       245,0          255,0          265,0                     265,0            258,110      265,337
2    Steffen    Reisbach     GER      42     89,4    M40-44      90       170,0          175,0          177,5                     175,0            170,450      172,836
1    Uwe        Hofmann      GER      44     90,8    M40-44     100       170,0          180,0          190,0                     190,0            182,970      191,021
2    Roman      Vida         SVK      40     99,6    M40-44     100       172,5          177,5          182,5                     182,5            167,353      167,353
3    Joachim    Krebs        AUT      42     96,8    M40-44     100       165,0          170,0          177,5                     170,0            157,760      159,969
1    Ferenc     Balázs       HUN      40    106,4    M40-44     110       250,0          260,0 wr       260,0   wr    270,0 wr    260,0 wr         232,440      232,440
2    Istvan     Macz         HUN      41    109,8    M40-44     110       230,0          230,0          230,0                     230,0            203,550      204,568
1    Igor       Pober        UKR      42    120,7    M40-44     125       240,0          245,0          250,0                     245,0            211,435      214,395
2    Roman      Capák        SVK      40    112,7    M40-44     125       190,0          200,0          200,0                     190,0            166,820      166,820
     Béla       Kling        HUN      42    117,9    M40-44     125       200,0          205,0          205,0                       0,0              0,000        0,000
     World Championships 2010
     Trnava, Slovakia
                                                                                                                                                   K           K
R.   Name          Lastname     Country   Age   Weight   Devision   Class   Bench1         Bench2         Bench3         Bench4      Total         o    Reshel o McCullough
1    Tomáš         Veselý        CZE       43   135,8     M40-44     140      240,0          250,0          261,0   wr                240,0            202,800      208,478
2    Kai-Uwe       Werner        GER       40   126,7     M40-44     140      225,0          225,0          225,0                     225,0            192,600      192,600
1    Werner        Rampler       AUT       45    65,7     M45-49     67,5     105,0          110,0          117,5                     110,0            140,690      149,131
1    Michael       Gust          GER       46    86,6     M45-49      90       95,0          100,0          105,0                     100,0             99,400      107,153
1    Kenneth       Millrany      USA       47   109,0     M45-49     110      301,0   wr     306,0   wr     326,0   wr                306,0   wr       271,422      297,479
2    Tamás         Brauner       HUN       49   107,4     M45-49     110      220,0          240,0          245,0                     245,0            218,540      247,387
3    Dušan         Brenkus       SVK       46   109,0     M45-49     110      180,0          190,0          200,0                     190,0            168,530      181,675
1    Didier        Michelon      FRA       46   111,3     M45-49     125      310,0   wr     310,0   wr     315,0   wr                310,0   wr       273,110      294,413
2    Peter         Ihlenfeld     GER       47   112,8     M45-49     125      195,0          200,0          205,0                     205,0            179,990      197,269
     William       Welch         USA       49   122,5     M45-49     125      282,5          282,5          282,5                       0,0              0,000         0,000
1    Karol         Repiský       SVK       46   127,3     M45-49     140      205,0          215,0          215,0                     205,0            175,275      188,946
2    Andrzej       Koziel        POL       48   130,3     M45-49     140      160,0          170,0          170,0                     160,0            136,160      151,682
     Boris         Švirec        SVK       46   126,5     M45-49     140      220,0          220,0          220,0                       0,0              0,000         0,000
1    Martin        Heindl        AUT       54    66,6     M50-54     67,5     105,0          110,0          110,0                     105,0            131,985      162,078
1    Sylvio        Dölz          GER       51    74,8     M50-54      75      135,0          140,0          145,0   wr    150,0 wr    145,0            162,400      189,683
     Uwe           Herfort       GER       50    74,2     M50-54      75      160,0          162,5          162,5                       0,0              0,000         0,000
1    Thomas        Wagner        GER       54    79,8     M50-54     82,5     115,0          117,5          117,5                     115,0            121,555      149,270
1    Peter Horst   Rathke        GER       50    88,6     M50-54      90      200,0          207,5          207,5                     200,0            195,800      225,170
2    Franciszek    Szabluk       POL       54    90,0     M50-54      90      190,0          202,5          212,0   wr                190,0            184,110      226,087
3    Jozef         Belica        SVK       54    89,9     M50-54      90      140,0          150,0          155,0                     150,0            145,500      178,674
1    Wieslaw       Wróbel        POL       53    96,0     M50-54     100      180,0          185,0          190,0                     185,0            172,420      208,111
2    Ulfert        Rinas         GER       51    99,7     M50-54     100      185,0          190,0          190,0                     185,0            169,645      198,145
3    Adam          Csupori       SVK       53    96,8     M50-54     100      170,0          180,0          187,5                     180,0            167,040      201,617
1    Uwe           Eckert        GER       52   105,4     M50-54     110      200,0          210,0          212,5   wr    220,0 wr    212,5   wr       190,825      226,509
2    Tibor         Koczó         HUN       53   103,4     M50-54     110      170,0          180,0          180,0                     180,0            162,720      196,403
     William       Graham        USA       54   108,5     M50-54     110      200,0          200,0          211,0   wr                  0,0              0,000         0,000
1    Václav        Vimmer        CZE       50   117,0     M50-54     125      170,0          192,5          207,5                     192,5            167,283      192,375
2    Romeo         Lamprecht     AUT       51   114,7     M50-54     125      180,0          190,0          200,0                     190,0            165,870      193,736
3    Lutz          Dürre         GER       50   121,3     M50-54     125      180,0          187,5          207,5                     187,5            161,625      185,869
     László        Kolozsvári    HUN       53   116,3     M50-54     125      100,0          100,0          100,0                       0,0              0,000         0,000
1    Gábor         Menyes        HUN       50   141,1     M50-54    140+      240,0   wr     270,0   wr     270,0   wr                240,0   wr       201,360      231,564
2    Peter         Mihály        SVK       52   146,0     M50-54    140+      240,0   wr     250,0   wr     250,0   wr                240,0            200,160      237,590
1    Rudolf        Dávid         HUN       57    69,2     M55-59      75      125,0          125,0          130,0                     130,0            157,300      204,018
2    Uwe           Ebering       SVK       59    72,9     M55-59      75      110,0          112,5          115,0                     112,5            129,488      174,808
1    Bernard       Hojka         POL       57    79,1     M55-59     82,5     130,0          140,0          140,0                     130,0            138,580      179,738
2    Ireneusz      Czupryn       POL       55    82,5     M55-59     82,5      95,0           95,0          120,0   er                 95,0             97,755      122,194
1    Ferenc        Kelemen       HUN       55    88,7     M55-59      90      130,0          150,0          155,0         155,0 wr    150,0            146,850      183,563
2    Armin Heinz   Bunzel        GER       58    88,3     M55-59      90      145,0          150,0          150,0                     145,0            142,245      188,048
1    Axel          Gersdorf      GER       59    97,8     M55-59     100      215,0          215,0          221,0   wr    221,0 wr    215,0            198,660      268,191
2    Krzysztof     Kolodziej     POL       56    90,6     M55-59     100      160,0          160,0          170,0                     160,0            154,400      196,551
    World Championships 2010
    Trnava, Slovakia
                                                                                                                                                 K           K
R. Name         Lastname      Country   Age   Weight   Devision    Class    Bench1         Bench2         Bench3       Bench4      Total         o    Reshel o McCullough
1 Karel         Leibl          CZE       55   103,9     M55-59      110       160,0          170,0          170,0                   160,0            144,320      180,400
   Jozef        Péter          SVK       59   124,4     M55-59      125       190,0          190,0          190,0                     0,0              0,000         0,000
1 Reinhold      Sack           GER       64    74,5     M60-64       75       150,0   wr     155,0   wr     157,5 wr                157,5   wr       177,030      265,722
1 Franz         Haar           AUT       63    76,8     M60-64      82,5      112,5          120,0          122,5                   122,5            133,893      196,822
1 Wolfgang      Loof           GER       62    91,7     M60-64      100       150,0          157,5          162,5                   157,5            150,885      217,274
2 Michal        Juriš          SVK       62    92,5     M60-64      100       110,0          115,0          120,0                   120,0            114,120      164,333
1 Joachim       Euelenstein    GER       64   109,2     M60-64      110       150,0          175,0          180,0 wr                175,0            155,225      232,993
1 Simon         Reitzle        GER       61   112,7     M60-64      125       171,0   wr     172,0   wr     175,0 wr    177,5 wr    175,0   wr       153,650      225,866
1 Norbert       Schade         GER       62   130,7     M60-64      140       200,0   wr     205,0   wr                             200,0   wr       170,200      245,088
1 Ulrich        Mielich        GER       70    66,2     M70-74      67,5       60,0           65,0           67,5                    67,5             85,590      145,503
1 József        Baranyai       HUN       70    73,6     M70-74       75       100,0   wr     107,5   wr     112,5 wr    112,5 wr    107,5            122,443      208,152
2 Bernhard      Gromadecky     GER       73    74,8     M70-74       75        82,5           87,5           90,0                    87,5             98,000      178,360
1 Elmar         Mathis         AUT       72    82,0     M70-74      82,5      105,0          115,0          115,0                   115,0            118,910      211,660
1 Franz         Krivanek       AUT       70    88,0     M70-74       90        70,0           72,5           75,0                    75,0             73,725      125,333
1 Roland        Schubert       GER       70    90,5     M70-74      100       127,5   wr     127,5   wr     135,0 wr                127,5   wr       123,038      209,164
Submaster, Open
1   Zbigniew    Gulajski       POL      39     67,0    Submaster     67,5     147,5          152,5 wr       152,5 wr    155,0 wr    152,5 wr         190,015
1   Marcin      Herok          POL      35     74,0    Submaster       75     150,0          160,0          167,5                   160,0            181,120
2   Michel      Diez           FRA      39     73,2    Submaster       75     110,0          140,0          145,0                   110,0            126,170
1   Vladimír    Urban          SVK      37     89,2    Submaster       90     250,0          262,5 wr       270,0 wr                262,5 wr         256,200
2   Ladislav    Hricišče       SVK      39     90,0    Submaster       90     155,0          165,0          170,0                   170,0            164,730
3   Didier      LeBrun         FRA      38     87,0    Submaster       90     135,0          160,0          160,0                   135,0            133,650
1   Arkadiusz   Herold         POL      37     95,0    Submaster      100     212,5          220,0          230,0                   230,0            215,510
2   Artur       Herold         POL      38     94,8    Submaster      100     210,0          215,0          220,0                   215,0            201,670
3   Juliusz     Zbierski       POL      36     95,2    Submaster      100     207,5          215,0          217,5                   207,5            194,428
1   Jankó       Endre          HUN      38    107,3    Submaster      110     260,0          265,0          265,0                   260,0            231,920
2   Henrich     Hekš           SVK      39    109,3    Submaster      110     250,0          262,5          262,5                   250,0            221,750
3   Sebastian   Balner         POL      37    101,3    Submaster      110     210,0          220,0          230,0                   230,0            209,300
1   Franz       Seewald        AUT      39    123,5    Submaster      125     230,0          260,0          260,0                   230,0            197,800
1   Adam        Kozlowski      POL      37    137,5    Submaster      140     270,0          270,0          277,5                   277,5            233,933
2   Andrzej     Swierszcz      POL      38    132,3    Submaster      140     260,0          260,0          275,0                   275,0            233,475
3   Danny       Schmalz        GER      36    126,6    Submaster      140     245,0          267,5          267,5                   245,0            209,720
1   Karel       Koldovský      CZE      38    140,7    Submaster    140+      270,0          282,5          301,5 wr                282,5            237,300
2   Radek       Šacler         CZE      37    171,5    Submaster    140+      200,0          200,0          212,5                   212,5            173,613
3   Ozor        Szabó          HUN      37    155,0    Submaster    140+      190,0          202,5          210,0                   202,5            167,468
     World Championships 2010
     Trnava, Slovakia
                                                                                                                                         K           K
R.   Name        Lastname       Country   Age   Weight   Devision   Class Bench1       Bench2         Bench3       Bench4      Total     o    Reshel o McCullough
1    Rupert      Wick            GER       44    57,2     Open          60  150,0        161,0   wr     165,0 wr                165,0 wr     254,595      265,797
1    Viktor      Piskunov        UKR       29    67,4     Open        67,5  190,0        195,0   wr     200,0 wr                200,0        248,400
2    Sandro      Kreller         GER       29    66,1     Open        67,5  155,0        155,0          165,0                   155,0        196,540
3    Pawel       Miginko         POL       19    65,3     Open        67,5  140,0        157,5   wr                             140,0        179,760
1    Erik        Bačinský        SVK       32    74,3     Open          75  205,0        215,0          220,0                   215,0        242,520
1    Igor        Povazhniuk      UKR       35    73,9     Open          75  165,0        175,0          175,0                   175,0        198,800
2    Krzysztof   Jeziorowski     POL       27    73,0     Open          75  140,0        145,0          150,0                   150,0        172,050
1    Istvan      Juhasz          HUN       34    82,3     Open        82,5  260,0 wr     270,0   wr     270,0 wr    270,0 wr    260,0 wr     268,060
2    Lukasz      Kozlowski       POL       25    81,8     Open        82,5  210,0        220,0          222,5                   222,5        230,510
3    Dawid       Deptuch         POL       23    82,5     Open        82,5  207,5        207,5          207,5                   207,5        213,518
1    Roman       Maršálek        CZE       33    90,0     Open          90  220,0        240,0          240,0                   240,0        232,560
2    Mariusz     Kominek         POL       26    89,6     Open          90  195,0        205,0          222,5                   205,0        199,260
3    Lukasz      Marcinkowski    POL       24    89,5     Open          90  185,0        202,5          220,0                   202,5        196,830
4    Oleg        Vykhovanets     UKR       38    90,0     Open          90  150,0        150,0          150,0                   150,0        145,350
1    Vladimír    Flimel          SVK       33    99,4     Open         100  280,0        285,0          285,0                   280,0        257,040
2    Piotr       Herold          POL       26    98,7     Open         100  260,0        275,0          280,0                   275,0        253,275
3    Sergii      Didovyk         UKR       32    99,9     Open         100  275,0        282,5          282,5                   275,0        251,900
4    Krzysztof   Zakrzewski      POL       32    96,9     Open         100  235,0        242,5          250,0                   242,5        225,040
5    Patrik      Peciar          SVK       24    96,3     Open         100  220,0        230,0          242,5                   230,0        214,130
6    Róbert      Csetényi        HUN       33    98,6     Open         100  200,0        210,0          217,5                   217,5        200,318
7    Peter       Lincmaier       SVK       26    98,8     Open         100  200,0        215,0          230,0                   215,0        197,800
8    Heiko       Fritzsch        GER       31    91,2     Open         100  200,0        215,0                                  200,0        192,200
     Zsolt       Hetyési         HUN       25    93,3     Open         100  270,0        280,0                                    0,0          0,000
     Daniel      Kaufmann        GER       34    97,7     Open         100  250,0        250,0          262,5                     0,0          0,000
     Pavlo       Chumak          UKR       34    94,5     Open         100  200,0        200,0                                    0,0          0,000
1    Rafal       Zawadzki        POL       34   103,4     Open         110  290,0        300,0          311,5 wr                300,0        271,200
2    Jozef       Kopálek         SVK       28   103,9     Open         110  205,0        215,0          215,0                   205,0        184,910
3    William     Graham          USA       54   109,0     Open         110  175,0        210,0          220,0                   175,0        155,225      190,616
     Didier      Michelon        FRA       46   110,0     Open         110  311,5 wr     311,5   wr                               0,0          0,000         0,000
     Kenneth     Millrany        USA       47   108,5     Open         110  300,0        320,0          320,0                     0,0          0,000         0,000
1    Sandor      Voros           SVK       34   117,3     Open         125  245,0        255,0          262,5                   262,5        227,850
2    William     Welch           USA       49   124,4     Open         125  250,0        262,5          267,5                   262,5        225,488      255,252
3    Peter       Funtík          SVK       31   122,4     Open         125  242,5        252,5          257,5                   252,5        217,403
4    Csaba       Kovács          HUN       30   111,7     Open         125  240,0        250,0          262,5                   240,0        211,440
5    Alexander   Szoboszlai      SVK       34   117,3     Open         125  230,0        240,0          245,0                   230,0        199,640
6    René        Amann           AUT       25   117,4     Open         125  230,0        250,0          250,0                   230,0        199,640
1    László      Meszáros        HUN       41   126,0     Open         140  330,0        342,5   wr     360,0 wr                342,5        293,523      294,990
2    Dragan      Janosevic       AUT       30   130,5     Open         140  220,0        235,0          245,0                   245,0        208,495
1    Milan       Šuľan           SVK       26   140,1     Open       140+   220,0        240,0          242,5                   220,0        184,800

     © AWPC-Slovakia
     www.awpc-slovakia.com
