5-Dec-15       War of the Demigods-Lb Results
                         BWt     WtCls   Schwartz/M                                       Best       Coeff
      Name     Age   Div                   alone
                                                      Bench 1 Bench 2 Bench 3 Bench 4                         Pl-Div-WtCl
                         (Lb)    (Lb)                                                    Bench       Score
Leah Foss          F-JR   133     148     0.8579      137.79 159.83 170.86 176.37       170.8565   66.48725   1-F-JR-148
Danny Walker       M-OR 253.4     275     0.5324      451.94 -485.01 -485.01 0           451.943    109.142   1-M-OR-275
John MacBean     M-M4R-AD252.1    275     0.5319      402.34 407.85 -418.87  0           407.851    98.4015   1-M-M4R-AD-275
5-Dec-15                War of the Demigods-Lb Results
                                         BWt     WtCls   Schwartz/M                                  Best                                   Best         Sub     Deadlift Deadlift Deadlift Deadlift  Best                    Coeff
         Name           Age     Div                        alone
                                                                      Squat 1 Squat 2 Squat 3                Bench 1 Bench 2 Bench 3 Bench 4                                                                    PL Total                Pl-Div-WtCl
                                         (Lb)    (Lb)                                               Squat                                  Bench        Total      1        2        3        4      Deadlift                 Score
Jessica Fresh                  F-JR-AD   122.9    123     0.9167       242.51    264.55   -275.58   264.55    148.81 154.32 159.83 165.35 159.83        424.39    270.06    281.09    292.11 303.13   292.11     716.495     297.9275   1-F-JR-AD-123 *Raw Women's Tn/Jr Best Lifter
Brianna Niemoth               F-OR-AD    146.8    148     0.7887       253.53    275.58    -286.6   275.58    132.28 -143.3 -143.3    0    132.28       407.85    292.11    325.18     336.2   0       336.2     744.0525   266.18625   1-F-OR-AD-148 *Raw Women's Open Best Lifter
Delight Curtis                F-M1R-AD   127.3    132     0.8902       165.35    181.88     192.9    192.9    110.23 121.25 126.76    0    126.76       319.67     192.9    214.95    231.48   0      231.48      551.15      222.55    1-F-M1R-AD-132
Alisha Osegvera                  F-JR    158.6    165     0.7445      -198.41    198.41    225.97   225.97   -93.696 104.72 -121.25   0    104.72       330.69    242.51    275.58    303.13   0      303.13     633.8225   214.04375    1-F-JR-165
Haleigh Shreffler               F-T3R    129.8    132      0.875        192.9    198.41    209.44   209.44    104.72 115.74 -126.76   0    115.74       325.18    220.46    242.51   -253.53   0      242.51     567.6845    225.3125   1-F-T3R-132
Levi Maxwell                    F-T2R     160     165     0.7394       203.93    231.48   -253.53   231.48   -132.28 137.79 -154.32   0    137.79       369.27   -253.53    253.53    281.09   0      281.09     650.357     218.123    1-F-T2R-165
Elicia Southern                 F-T1R    138.6    148      0.828       181.88    203.93    225.97   225.97    93.696 104.72 110.23 115.74 110.23         336.2    275.58    292.11    303.13   0      303.13     639.334      240.12    1-F-T1R-148
Arthur McCusker               M-T3R-AD   163.8    165     0.6694       352.74    374.78    385.81   385.81    264.55 -281.09 281.09   0    281.09       666.89    468.48    485.01    501.55 512.57   501.55     1168.438    354.782    1-M-T3R-AD-165
James Reavy                   M-T3R-AD   178.2    181     0.6284       402.34    424.39     429.9    429.9   -253.53 253.53 264.55    0    264.55       694.45    485.01    490.52   -507.06   0      490.52    1184.9725    337.765    1-M-T3R-AD-181
Dillon Gesisher               M-T3R-AD   254.2    275     0.5311       402.34    -429.9    -429.9   402.34    281.09 297.62 -314.16   0    297.62       699.96    490.52     529.1   -584.22   0       529.1    1229.0645   296.08825   1-M-T3R-AD-275
Nino Giganti                    M-T3R    177.7    181     0.6295       352.74    374.78    385.81   385.81    264.55 286.6 303.13 -314.16 303.13        688.94    457.45    485.01    518.08 -529.1   518.08    1207.0185   344.65125   1-M-T3R-181
Logan Armstrong                 M-T3R    195.6    198     0.5905       314.16    330.69    358.25   358.25    225.97 242.51 -259.04   0    242.51       600.75    407.85     429.9    451.94   0      451.94    1052.6965   281.96375   1-M-T3R-198
Austin Schutz                   M-T3R    272.5    275      0.523      -385.81   -385.81   -385.81      0      -336.2    0       0     0       0            0      501.55     529.1   -540.13   0       529.1        0           0            0
Carson Allen                  M-T2R-AD   164.1    165     0.6687       -429.9    457.45    490.52   490.52    259.04 -275.58 275.58   0    275.58        766.1    457.45   -485.01    507.06   0      507.06    1273.1565   386.17425   1-M-T2R-AD-165
Andrew Ickler                 M-T2R-AD   153.5    165     0.7066       352.74   -369.27   -369.27   352.74    225.97 231.48 242.51 -253.53 242.51       595.24    402.34    413.36    424.39   0      424.39    1019.6275    326.8025   2-M-T2R-AD-165
Caleb Carpenter               M-T2R-AD   162.8    165      0.673       341.71   -369.27    369.27   369.27    198.41 209.44 214.95    0    214.95       584.22    380.29    402.34   -413.36   0      402.34     986.5585    301.1675   3-M-T2R-AD-165
Zachary Barnette              M-T2R-AD   187.2    198     0.6122      -424.39    451.94    473.99   473.99    -286.6  286.6 -308.64   0     286.6       760.59    363.76    407.85       0     0      407.85     1168.438    324.466    1-M-T2R-AD-198
Joshua Aneteunci              M-T2R-AD    226     242     0.5485       435.41    440.92    485.01   485.01    292.11 303.13 325.18    0    325.18       810.19    413.36    451.94    468.48   0      468.48     1278.668     318.13    1-M-T2R-AD-242
Jay Fresh                     M-OR-AD    164.6    165     0.6666      -523.59    523.59   -540.13   523.59    264.55 -275.58 -275.58  0    264.55       788.14    523.59    534.62   -540.13   0      534.62     1322.76      399.96    1-M-OR-AD-165
Chris McFarland               M-OR-AD    181.4    181     0.6203       363.76    385.81    407.85   407.85    225.97 236.99 248.02    0    248.02       655.87     429.9    457.45   -473.99   0      457.45     1113.323    313.2515   1-M-OR-AD-181
Patrick Thompson              M-OR-AD    178.2    181     0.6284       385.81    407.85   -440.92   407.85    264.55 281.09 303.13 -314.16 303.13       710.98   -407.85       0         0     0         0          0           0            0
Ryan D I Pompeo                 M-OR     181.4    181     0.6203       424.39   -473.99    473.99   473.99    303.13 314.16 -325.18   0    314.16       788.14   -540.13    540.13   -584.22   0      540.13    1328.2715   373.73075   1-M-OR-181
Robert Brys                     M-OR     190.6    198       0.6        275.58    308.64   -325.18   308.64     192.9 203.93 -242.51   0    203.93       512.57    385.81   -418.87   -418.87   0      385.81     898.3745     244.5     1-M-OR-198
Ryleigh Clark                   M-OR     211.8    220     0.5645      -600.75    628.31   -683.43   628.31    374.78 402.34 -418.87   0    402.34       1030.7    551.15    600.75    -622.8   0      600.75     1631.404     417.73    1-M-OR-220
Alexander Acosta                M-OR     215.3    220     0.5599       407.85    435.41    468.48   468.48    314.16 -336.2 -336.2    0    314.16       782.63    540.13    578.71   -600.75   0      578.71    1361.3405   345.73825   2-M-OR-220
Matthew Barnette                M-OR     241.5    242     0.5371       639.33      0          0     639.33    380.29 413.36     0     0    413.36       1052.7    650.36   -683.43       0     0      650.36    1703.0535   414.90975   1-M-OR-242

Matthew Barnette (MT)          M-TR      241.5    242     0.5371      639.33       0        0       639.33   380.29 413.36    0          0     413.36   1052.7   650.36 -683.43   0            0      650.36 1703.0535 414.90975 1-M-OR-242 *Raw Men's Tn/Jr Best Lifter
Christian Mayen                M-OR      240.8    242     0.5375      485.01     529.1    551.15    551.15   341.71 -352.74 352.74       0     352.74   903.89   496.04 540.13 -556.66         0      540.13 1444.013 352.0625 2-M-OR-242
Byron Hicks                    M-OR      248.1    275     0.5337      303.13    352.74    385.81    385.81   325.18 358.25 -380.29       0     358.25   744.05   534.62 573.2 -606.27          0       573.2 1317.2485 318.88575 1-M-OR-275

Daniel Bell                    M-OR      307.3    308      0.504 749.56 804.68            854.28    854.28 440.92 485.01 496.04          0     496.04   1350.3 749.56 804.68           0       0      804.68 2154.9965       492.66     1-M-OR-308 *Raw Men's Open Best Lifter
Anthony Suriano                M-O        226     242     0.5485 -710.98 710.98           -766.1    710.98 -534.62 -534.62 -556.66       0       0        0    -551.15  0              0       0        0        0             0             0

Todd Curtis                   M-M4R-AD   304.5    308     0.5055 -485.01 529.1 -551.15 529.1 275.58                    286.6    297.62   0     297.62   826.73 457.45 490.52 523.59            0      523.59 1350.3175 309.61875 1-M-M4R-AD-308
Frank Ritter                    M-M3R    272.3    275     0.5231 606.27 650.36 -677.91 650.36 396.83                  418.87    435.41   0     435.41   1085.8 -468.48 468.48 501.55           0      501.55 1587.312 376.632 1-M-M3R-275
Frank Gaudio                    M-M2R    261.9    275     0.5281 275.58 292.11 314.16 314.16 275.58                   303.13   -325.18   0     303.13   617.29 374.78 407.85 429.9             0       429.9 1047.185 250.8475 1-M-M2R-275
Stanton Schneider             M-M2R-AD    179     181     0.6262 473.99 523.59 -556.66 523.59 319.67                  341.71   -358.25   0     341.71   865.31 402.34 479.5     0              0       479.5 1344.806 381.982 1-M-M2R-AD-181
Mario Pineda                    M-M1R    261.4    275     0.5283 -529.1  529.1 562.17 562.17 319.67                    336.2   -352.74   0      336.2   898.37 529.1 556.66 -562.17            0      556.66 1455.036 348.678 1-M-M1R-275
Daniel Thornton                 M-M1R     305     308     0.5053 396.83 485.01 -540.13 485.01 275.58                 -319.67    363.76   0     363.76   848.77 462.97 507.06 562.17            0      562.17 1410.944 323.392 1-M-M1R-308
Micah Borop                    M-JR-AD    213     220      0.563 440.92 468.48 496.04 496.04 -319.67                   336.2    358.25   0     358.25   854.28 534.62 567.68 600.75            0      600.75 1455.036    371.58 1-M-JR-AD-220

Maximilian Finnegan             M-JR      152     165      0.722 363.76 -385.81 -385.81 363.76 303.13 -314.16 -314.16                    0     303.13   666.89 407.85 446.43 -468.48           0      446.43    1113.323     364.61     1-M-JR-165
Jordan Likens                   M-JR     160.8    165     0.6874 -402.34 -402.34 -402.34  0    -253.53   0       0                       0       0        0    -584.22  0       0              0        0          0           0             0
