подготовил Сергей РыжукII
    Чемпионат Украины среди юниорок и юниоров
г. Коломыя, 14 - 16 марта, 1992 года.

ЮНИОРКИ
 -44,00 кг.
 1. Примакова Ольга/81		 33,60	Глухов			 50,0	 35,0	 60,0	145,0
 -48,00 кг.
 1. Шаповал Виктория/73		 46,50	Черкассы		 85,0	 50,0	107,5	242,5
 2. Корниенко Ольга/70		 48,00	Киев			 77,5	 42,5	100,0	232,5
 3. Старовойтова Елена/69	 47,60	Кривой Рог		 70,0	 37,5	122,5	230,0
 -  Тубтин Оксана/77		 48,00	Коломыя			---,-	---,-	---,-	    0
 -52,00 кг.
 1. Синькевич Людмила/70	 51,00	Кировоград		110,0	 55,5	142,5	307,5
 2. Пиргат Екатерина/74		 50,80	Богуслав		 80,0	 40,0	110,0	230,0
 3. Гудыменко Наталья/78	 51,80	Кривой Рог		 82,5	 40,0	 97,5	220,0
 -56,00 кг.
 1. Овсиенко Валентина/74	 53,90	Чернигов		 90,0	 47,5	115,0	252,5
 2. Гонцова Светлана/74		 53,70	Глухов			 70,0	 42,5	120,0	232,5
 3. Булах Татьяна/69		 55,55	Львов			 82,5	 52,5	 90,0	225,0
 4. Грицун Юлия/72		 53,75	Чернигов		 80,0	 37,5	 80,0	197,5
 -  Ищенко Елена/76		 55,20	Кривой Рог		---,-	---,-	---,-	    0
 -60,00 кг.
 1. Фурдуй Ярослава/71		 59,90	Кировоград		130,0	 67,5	172,5	370,0
 2. Клычкова Наталья/72		 59,20	Харьков			100,0	 45,0	130,0	270,0
 3. Краснощек Светлана/74	 59,50	Глухов			 72,5	 42,5	107,5	222,5
 4. Маликова Ирина/72		 59,00	Токмак			 72,5	 37,5	 95,0	205,0
 -67,50 кг.
 1. Сухорук Елена/72		 65,50	Кировоград		150,0	 70,0	180,0	400,0
 2. Трофимцова Ксения/69	 64,00	Киев			107,5	 65,0	135,0	307,5
 3. Завадская Жанна/72		 65,30	Горловка		115,0	 50,0	142,5	307,5
 4. Туранская Анна/72		 66,20	Ивано-Франковск		102,5	 62,5	140,0	305,0
 5. Бойко Виктория/69		 63,00	Черкассы		110,0	 57,5	135,0	302,5
 6. Червякова Наталья/72	 63,00	Днепропетровск		100,0	 50,0	110,0	260,0
 7. Горбачева Жанна/75		 63,30	Харьков			105,0	 40,0	115,0	260,0
 8. Приходько Надежда/73	 64,00	Харьков			 95,0	 47,5	115,0	257,5
 -  Савяченко Инна/70		 64,50	Киев			 97,5	 62,5	---,-	    0
 -75,00 кг.
 1. Конобрицкая Светлана/71	 71,60	Корсунь-Шевченковский	107,5	 55,0	130,0	292,5
 2. Жукова Лариса/72		 70,00	Харьков			 97,5	 60,0	120,0	277,5
 3. Полий Наталья/76		 69,50	Снятин			102,5	 47,5	117,5	257,5
 -  Ганенко Анна/75		 74,40	Мариуполь		---,-	---,-	---,-	    0
 -82,50 кг.
 1. Оробец Инна/71		 77,50	Коломыя			160,0	 92,5	150,0	402,5
 2. Чиннова Елена/70		 75,60	Феодосия		102,5	 45,0	140,0	287,5
 +90,00 кг.
 1. Спивакова Виктория/71	 95,60	Кировоград		110,0	 40,0	135,0	285,0
 
ЮНИОРЫ
 -52,00 кг.
 1. Шкуринский Николай/76	 51,40	Горловка		135,0	 77,5	170,0	382,5
 2. Галицкий Роман/75		 51,20	Горловка		120,0	 67,5	165,0	352,5
 3. Громов Александр/75		 51,90	Ялта			112,5	 82,5	145,0	340,0
 4. Пташенчук Алексей/76	 50,00	Кировоград		130,0	 65,0	120,0	315,0
 5. Мекшун Сергей/78		 41,00	Чернигов		 75,0	 37,5	 82,5	195,0
 -56,00 кг.
 1. Овчаренко Степан/76		 56,00	Ялта			155,0	 85,0	173,0	412,5
 2. Тайц Евгений/74		 53,20	Шостка			125,0	 92,5	147,5	365,0
 3. Булеца Михаил/77		 54,70	Чернигов		115,0	 72,5	120,0	307,5
 -  Чиркин Александр/73		 55,70	Мариуполь		160,0	 90,0	---,-	    0
 -60,00 кг.
 1. Петраков Владимир/72	 59,50	Горловка		185,0	122,5	213,0	517,5
 2. Чернышенко Юрий/72		 59,40	Канев			150,0	 90,0	192,5	432,5
 3. Фролов Александр/70		 59,90	Феодосия		170,0	 90,0	172,5	432,5
 4. Крикун Андрей/74		 58,70	Кировоград		140,0	 95,0	170,0	405,0
 5. Балашов Алексей/75		 59,00	Белая Церковь		155,0	 90,0	160,0	405,0
 6. Гудкевич Евгений/69		 60,00	Львов			135,0	 92,5	165,0	392,5
 7. Дорошенко Александр/77	 60,00	Чернигов		135,0	 75,0	160,0	370,0
 8. Гудыменко Сергей/75		 59,70	Кривой Рог		125,0	100,0	140,0	365,0
 9. Полихун Сергей/77		 57,20	Винница			120,0	 92,5	120,0	332,5
 -  Колотило Григорий/73	 59,40	Коломыя			110,0	---,-	---,-	    0
 -  Садовой Вячеслав/71		 56,40	Бердянск		127,5	---,-	---,-	    0
 -67,50 кг.
 1. Спахи Владимир/74		 67,10	Мариуполь		210,0	100,0	210,0	522,5
 2. Молокоедов Олег/70		 67,30	Черкассы		180,0	132,5	200,0	512,5
 3. Корымов Николай/76		 67,00	Макеевка		190,0	107,5	182,5	480,0
 4. Иванченко Игорь/75		 66,30	Черкассы		145,0	100,0	200,0	445,0
 5. Кемербек Андрей/74		 67,35	Бердянск		162,5	 80,0	190,0	432,5
 6. Самушин Владимир/76		 65,30	Львов			115,0	 85,0	150,0	350,0
 -  Корсункий Александр/75	 62,35	Кривой Рог		172,5	---,-	---,-	    0
 -75,00 кг.
 1. Зузук Роман/71		 74,80	Ивано-Франковск		247,5	167,5	260,0	675,0
									    4-я 265,0
 2. Капшук Геннадий/74		 74,50	Горловка		235,0	140,0	257,5	632,5
 3. Романенко Сергей/72		 74,50	Токмак			245,0	137,5	250,0	632,5
 4. Скорык Сергей/70		 74,50	Днепропетровск		245,0	145,0	240,0	630,0
 5. Зарипов Ринат/70		 74,80	Измаил			220,0	150,0	255,0	625,0
 6. Прохоров Вячеслав/74	 74,70	Макеевка		225,0	115,0	222,5	562,5
 7. Макотра Евгений/75		 74,60	Светловодск		195,0	122,5	230,0	547,5
 8. Закладной Геннадий/76	 73,40	Токмак			190,0	147,5	207,5	545,0
 9. Краевский Алексей/74	 69,00	Киев			200,0	127,5	215,0	542,5
10. Карый Сергей/73		 75,00	Винница			200,0	125,0	215,0	540,0
11. Еременко Александр/72	 74,20	Бердянск		195,0	105,0	210,0	510,0
12. Пика Дмитрий/73		 74,50	Шостка			167,5	112,5	202,5	482,5
13. Степченко Сергей/69		 74,20	Глухов			155,0	105,0	215,0	475,0
14. Чернышенко Вячеслав/74	 74,90	Канев			170,0	 90,0	195,0	455,0
15. Дутов Артур/74		 72,00	Токмак			135,0	115,0	195,0	445,0
16. Мовчан Олег/75		 73,70	Черкассы		147,5	112,5	175,0	435,0
17. Гончаров Александр/69	 71,50	Харьков			130,0	 90,0	165,0	395,0
 -  Аленин Сергей/70		 74,00	Мариуполь		---,-	---,-	---,-	    0
 -82,50 кг.
 1. Сирмамыих Виктор/69		 81,80	Першотравневе		245,0	140,0	250,5	635,0
 2. Игнатенко Олег/72		 81,60	Винница			225,0	160,0	235,0	620,0
 3. Долина Эдуард/73		 80,30	Макеевка		232,5	130,0	240,0	602,5
 4. Братусь Вадим/73		 80,20	Борисполь		195,0	150,0	237,5	582,5
 5. Витковский Олег/71		 81,10	Львов			220,0	135,0	225,0	580,0
 6. Кошунько Александр/71	 81,50	Винница			230,0	120,0	230,0	580,0
 7. Ляшук Сергей/71		 77,30	Кировоград		195,0	130,0	240,0	565,0
 8. Каниболоцкий Владимир/72	 82,50	Бердянск		200,0	120,0	230,0	550,0
 9. Савяк Сергей/76		 78,70	Ивано-Франковск		220,5	112,5	215,0	547,5
10. Коц Анатолий/73		 82,00	Харьков			195,0	135,0	205,0	535,0
11. Лазарев Александр/75	 81,40	Новоднестровск		165,0	140,0	215,0	520,0
12. Трискиба Иван/74		 76,80	Бердянск		165,0	115,0	225,0	505,0
13. Лялюк Виталий/71		 80,00	Харьков			175,0	120,0	210,0	505,0
14. Сыпеев Николай/70		 81,00	Глухов			162,5	127,5	210,0	500,0
15. Оноприенко Александр/72	 80,50	Черкассы		145,0	102,5	200,0	447,5
 -  Нечаев Сергей/73		 80,60	Ялта			165,0	110,0	---,-	    0
 -  Сафошин Андрей/69		 81,10	Першотравневе		---,-	---,-	---,-	    0
 -  Крехно Александр/69		 82,40	Харьков			---,-	---,-	---,-	    0
 -90,00 кг.
 1. Соломин Михаил/71		 87,30	Львов			285,0	185,0	257,5	727,5
 2. Соловьев Алексей/75		 87,25	Киев			255,0	170,0	257,5	682,5
 3. Улятовский Игорь/69		 89,10	Измаил			240,0	172,5	270,0	682,5
 4. Литвинов Игорь/69		 90,00	Кировоград		220,0	150,0	250,0	620,0
 5. Капелюшный Александр/73	 87,00	Черкассы		195,0	140,0	222,5	557,5
 6. Коваленко Игорь/72		 86,00	Харьков			190,0	135,0	230,0	555,0
 7. Лукьяненко Юрий/72		 87,10	Феодосия		200,0	125,0	220,0	545,0
 8. Сильниченко Владимир/74	 84,00	Белая Церковь		207,5	112,5	215,0	535,0
 -  Петринчук Иван/71		 90,00	Ивано-Франковск		---,-	---,-	---,-	    0
-100,00 кг.
 1. Королев Олег/71		 98,70	Днепропетровск		290,0	185,0	280,0	755,0
 2. Войцеховский Валерий/72	 95,50	Львов			280,5	172,5	265,0	717,5
 3. Старов Михаил/73		 94,00	Харьков			281,0	145,0	240,0	665,0
 4. Трепухалов Александр/75	 94,20	Кривой Рог		210,0	140,0	250,0	600,0
 5. Траченко Дмитрий/73		 95,90	Винница			200,0	155,0	240,0	595,0
 6. Погорелов Олег/71		 94,00	Бердянск		220,0	125,0	240,0	585,0
 7. Крутенко Юрий/73		 98,65	Черкассы		205,0	145,0	220,0	570,0
 -  Медведев Александр/69	 94,90	Мариуполь		---,-	---,-	---,-	    0
-110,00 кг.
 1. Белый Дмитрий/71		105,60	Кировоград		252,5	180,0	282,5	715,0
							    4-я 265,5
 2. Будник Андрей/71		107,90	Днепропетровск		260,0	175,0	265,0	700,0
 3. Войцеховский Альберт/70	100,50	Львов			272,5	142,5	280,0	695,0
 4. Жуков Виталий/74		101,50	Киев			230,0	130,0	240,0	600,0
 5. Терещенко Валерий/74	105,40	Чернигов		200,0	122,5	220,0	532,5
-125,00 кг.
 1. Радченко Андрей/73		110,50	Горловка		272,5	155,0	280,0	707,5





















© 2000 Сергей
    Рыжук.
    Авторские права  принадлежат
Федерации пауэрлифтинга
    Украины.
    Все права защищены. 

Пишите
    по поводу размещения рекламы на сайте ФПУ
Enquire about advertising on the UPF
    website

© 2000 Sergiy
    Ryzhuk.
    Copyright by
Ukrainian Powerlifting Federation.
    All rights reserved.







