                                  BWt    WtCls                                             Best                                    Best     Sub                                        Best                      Coeff
       Name           Age    Div                 Schwartz   Squat 1   Squat 2   Squat 3            Bench 1   Bench 2   Bench 3                   Deadlift 1   Deadlift 2 Deadlift 3               PL Total               Pl-Div-WtCl
                                  (Lb)    (Lb)                                            Squat                                  Bench     Total                                      Deadlift                  Score
Alicia Sternenberg    29     FOR 173.8    181    0.6399     170.86    225.97    259.04    259.04   110.23    137.79    159.83    159.83   418.87 225.97       264.55     308.64       308.64      727.518      211.167     1-FOR
Ericka Roach          26     FOR  168     181    0.6563     198.41    -220.46   -225.97   198.41   121.25    126.76    -137.79   126.76   325.18 231.48       253.53     275.58       275.58      600.7535   178.84175     2-FOR
Kat Broderick         34    FSMR 131.4    132    0.8185     181.88    209.44    -225.97   209.44   132.28     143.3    -154.32    143.3   352.74 242.51       275.58     292.11       292.11      644.8455   239.41125    1-FSMR
Sean Schafer          23     MJR 173.8    181    0.6399     325.18    369.27    407.85    407.85   225.97    253.53    275.58    275.58   683.43 407.85       457.45     -473.99      457.45     1140.8805   331.14825     1-MJR
Tyler Werbin          21     MJR 159.6    165    0.6835      286.6    314.16    352.74    352.74   137.79    165.35    -198.41   165.35   518.08 275.58       314.16     352.74       352.74      870.817     269.9825     2-MJR
Jalen Grassman        18    MHSR 212.8    220    0.5633     407.85    451.94    -518.08   451.94   242.51    264.55    -281.09   264.55    716.5  457.45      496.04     -540.13      496.04      1212.53      309.815    1-MHSR
James Congdon         16    MHSR 175.2    181    0.6358     231.48    242.51    270.06    270.06   170.86    187.39    -198.41   187.39   457.45 319.67       352.74     -380.29      352.74      810.1905    233.6565    2-MHSR
Nick Fisher           23    MJOR 331.6   SHW     0.4925     771.61    832.24    -859.79   832.24   518.08    556.66    -578.71   556.66   1388.9 694.45       722.01     755.08       755.08     2143.9735   478.95625    1-MJOR
Michael Stoedter      29     MOR 229.4    242    0.5454     644.85    705.47    722.01    722.01   440.92     479.5    -490.52    479.5   1201.5 655.87       699.96     710.98       710.98     1912.4905    473.1345     1-MOR
Zachery Maples        30     MOR 238.4    242    0.5389     584.22    677.91    705.47    705.47   374.78    407.85     -429.9   407.85   1113.3 584.22       677.91     710.98       710.98     1824.3065   445.93975     2-MOR
Mani Morrell          25     MOR 240.2    242    0.5377     600.75    650.36    705.47    705.47   391.32    407.85     -429.9   407.85   1113.3   622.8      677.91      -716.5      677.91     1791.2375   436.88125     3-MOR
Khoi Le               28     MOR 148.2    148    0.7287     396.83    424.39    462.97    462.97   275.58    292.11    -303.13   292.11   755.08 473.99       501.55     540.13       540.13     1295.2025   428.11125     4-MOR
Thomas Lott           25     MOR 257.4    275    0.5298     556.66    611.78     -622.8   611.78   402.34    -424.39   -424.39   402.34   1014.1 556.66       589.73     617.29       617.29      1631.404     392.052     5-MOR
Tim O'Malley          43     MOR 197.2    198    0.5877     418.87    440.92    485.01    485.01   352.74    369.27    -402.34   369.27   854.28 402.34       451.94     501.55       501.55      1355.829    361.4355     6-MOR
Dalton Gendron        24     MOR 191.4    198    0.5986     407.85    451.94    -501.55   451.94   231.48    264.55    -303.13   264.55    716.5  451.94      501.55     551.15       551.15      1267.645     344.195     7-MOR
Dan Simpson           41    MMOR 220.2    220    0.5568     545.64    611.78    617.29    617.29   275.58    341.71    -402.34   341.71     959   545.64      562.17      573.2        573.2      1532.197     386.976    1-MMOR
Sam Schultz           60    MM2R 267.8    275    0.5255     451.94    507.06    551.15    551.15   275.58    319.67     336.2     336.2   887.35 407.85       451.94     501.55       501.55      1388.898     331.065    1-MM2R
Karl Treichler        55    MM2R 197.8    198    0.5865     303.13    380.29    -418.87   380.29   203.93    281.09     336.2     336.2    716.5  303.13      363.76     418.87       418.87      1135.369    302.0475    2-MM2R
Mark Clark            71    MM2R 175.8    181    0.6347     -181.88   181.88    203.93    203.93   187.39    225.97    -236.99   225.97    429.9  363.76      402.34     -413.36      402.34      832.2365   239.59925    3-MM2R
Chris Clonch          39    MSMR  216     220    0.5591     578.71    -600.75   -600.75   578.71   363.76    380.29    -402.34   380.29     959  -556.66      556.66     584.22       584.22      1543.22       391.37    1-MSMR
Brandon Lyons         35    MSMR 291.8    308    0.5121     534.62    600.75    633.82    633.82   341.71    374.78    -385.81   374.78   1008.6 501.55       545.64     578.71       578.71      1587.312     368.712    2-MSMR
Ethan Buck            36    MSMR 213.8    220    0.5619     402.34    435.41    473.99    473.99   225.97    264.55    292.11    292.11    766.1  402.34      440.92     462.97       462.97     1229.0645   313.25925    3-MSMR
Sean Nolan            21    MSMR 199.8    220     0.583     385.81    407.85     429.9     429.9   264.55     286.6    -303.13    286.6    716.5  407.85       429.9     451.94       451.94      1168.438      308.99    4-MSMR
Ray Moore             34    MSMR 158.8    165    0.6867     236.99    275.58    -319.67   275.58   137.79    176.37    -203.93   176.37   451.94 363.76       402.34     424.39       424.39      876.3285   272.96325    5-MSMR
Joaquin Diaz DeLeon   44    MEM1 335.6   SHW     0.4907     435.41    501.55    -534.62   501.55   374.78    407.85        0     407.85    909.4  407.85      451.94     -501.55      451.94     1361.3405   303.00725        0
16-Mar-19       Shamrock Showdown-Lb Results
                              BWt    WtCls                                             Best                                    Best      Push Pull     Coeff
        Name    Age   Div                    Schwartz   Bench 1   Bench 2   Bench 3          Deadlift 1 Deadlift 2 Deadlift 3
                              (Lb)    (Lb)                                            Bench                                   Deadlift     Total       Score
Allison Smith   44    FM1R   164.4    165    0.6673     115.74    -121.25   -121.25   115.74 209.44 225.97 253.53 253.53                 369.2705    111.77275
16-Mar-19        Shamrock Showdown-Lb Results
                               BWt    WtCls                                              Best       Coeff
       Name      Age   Div                    Schwartz   Bench 1   Bench 2   Bench 3
                               (Lb)    (Lb)                                             Bench       Score
Damien Kidalee   25    MOR    163.8    165    0.6694     242.51    253.53    270.06    270.0635    82.0015
George Merrill   52    MM2R   241.2    242    0.5372     424.39    -440.92   -440.92   424.3855    103.411
John Babbitt     36    MM1R   243.6    275    0.5359     225.97    259.04     -286.6   259.0405   62.96825
