
					Resultlist 		
		
	Western European Cup 2004 		
	24th of July 2004, Sauda, Norway 		
Place 	M/W 	Nbr 	Class 	BW 	Name 	Nation 	SQUAT 	SQ 	  	BENCH PRESS 	BP 	Sub. 	DEADLIFT 	DL 	Tot. 	Points 	Place 	SQ 	BP 	DL
  	  	  	1. 	2. 	3. 	  	Result 	  	1. 	2. 	3. 	  	Result 	Tot. 	1. 	2. 	3. 	  	Result 	Result 	  	  	4. 	4. 	4.
1. 	M 	1 	52 	51,40 	Pat Constantine 	GBR 	175,0 	190,0 	200,0 	200,0 	200,0 		95,0 	100,0 	105,0 	105,0 	105,0 	305,0 	200,0 	215,0 	225,0 	215,0 	215,0 	520,0 	516,52 	1. 		
								0,0 				0,0 									
1. 	M 	2 	75 	74,70 	Joakim Bjerke 	NOR II 	230,0 	240,0 	250,0 	240,0 	240,0 		185,0 	192,5 	192,5 	192,5 	192,5 	432,5 	220,0 	230,0 	237,5 	237,5 	237,5 	670,0 	478,78 	1. 		211,0 	
								0,0 				0,0 									
1. 	M 	6 	82,5 	81,20 	Shane Brody 	IRL 	265,0 	275,0 	280,0 	275,0 	275,0 		157,5 	165,0 	170,0 	170,0 	170,0 	445,0 	265,0 	272,5 	272,5 	265,0 	265,0 	710,0 	480,24 	1. 		
2. 	M 	5 	82,5 	82,50 	Geir Bedin 	NOR II 	270,0 	285,0 	292,5 	292,5 	292,5 		145,0 	150,0 	152,5 	150,0 	150,0 	442,5 	260,0 	270,0 	270,0 	260,0 	260,0 	702,5 	470,60 	2. 		
3. 	M 	4 	82,5 	82,00 	Thomas Loitelsberger 	AUT 	222,5 	227,5 	235,0 	235,0 	235,0 		160,0 	160,0 	165,0 	165,0 	165,0 	400,0 	235,0 	240,0 	245,0 	240,0 	240,0 	640,0 	430,34 	3. 		
4. 	M 	3 	82,5 	81,80 	Helmut Moeth 	AUT 	230,0 	240,0 	250,0 	240,0 	240,0 		140,0 	145,0 	150,0 	145,0 	145,0 	385,0 	235,0 	245,0 	255,0 	245,0 	245,0 	630,0 	424,24 	4. 		
								0,0 				0,0 									
1. 	M 	11 	90 	89,00 	Alexander Kirketeig 	NOR I 	300,0 	312,5 	320,0 	312,5 	312,5 		192,5 	200,0 	205,0 	200,0 	200,0 	512,5 	270,0 	282,5 	287,5 	287,5 	287,5 	800,0 	513,68 	1. 		
2. 	M 	9 	90 	89,00 	Paulo Jorge Duarte 	POR 	275,0 	285,0 	292,5 	292,5 	292,5 		175,0 	185,0 		175,0 	175,0 	467,5 	265,0 	275,0 	285,0 	285,0 	285,0 	752,5 	483,18 	2. 		
3. 	M 	8 	90 	89,90 	Arild Bokneberg 	NOR II 	250,0 	260,0 	260,0 	260,0 	260,0 		167,5 	175,0 	180,0 	180,0 	180,0 	440,0 	240,0 	255,0 	260,0 	260,0 	260,0 	700,0 	447,16 	3. 		
-- 	M 	7 	90 	89,80 	Fredrik Green 	SWE 	280,0 	300,0 	300,0 	 ----- 	 ----- 			 ----- 	 ----- 	Disq 		 ----- 	 ----- 	Disq 				
					
1. 	M 	14 	100 	98,00 	Anibal Coimbra 	LUX 	330,0 	342,5 	347,5 	347,5 	347,5 		212,5 	222,5 	225,0 	225,0 	225,0 	572,5 	325,0 	332,5 	337,5 	332,5 	332,5 	905,0 	555,31 	1. 		
2. 	M 	13 	100 	99,60 	Andreas Hjelmtveit 	NOR I 	310,0 	320,0 	335,0 	335,0 	335,0 		180,0 	190,0 	190,0 	180,0 	180,0 	515,0 	320,0 	340,0 	350,0 	340,0 	340,0 	855,0 	521,21 	2. 		
3. 	M 	15 	100 	99,80 	Frode Fjogstad 	NOR I 	280,0 	290,0 	290,0 	290,0 	290,0 		210,0 	217,5 	217,5 	210,0 	210,0 	500,0 	270,0 	270,0 	270,0 	270,0 	270,0 	770,0 	469,01 	3. 		
4. 	M 	12 	100 	99,20 	Kim D. Hansen 	DEN 	252,5 	252,5 	265,0 	252,5 	252,5 		190,0 	200,0 	207,5 	200,0 	200,0 	452,5 	270,0 	280,0 	287,5 	280,0 	280,0 	732,5 	447,26 	4. 		
5. 	M 	16 	100 	98,60 	Steen Hansen 	DEN 	250,0 	250,0 	270,0 	270,0 	270,0 		160,0 	170,0 	175,0 	170,0 	170,0 	440,0 	270,0 	290,0 	300,0 	290,0 	290,0 	730,0 	446,83 	5. 		
								0,0 				0,0 									
1. 	M 	19 	110 	108,00 	Tor Hermann Omland 	NOR I 	340,0 	350,0 	360,0 	350,0 	350,0 		230,0 	237,5 	240,0 	240,0 	240,0 	590,0 	305,0 	315,0 	315,0 	315,0 	315,0 	905,0 	535,67 	1. 		
2. 	M 	20 	110 	108,30 	Jorge Rodrigues 	POR 	315,0 	325,0 		325,0 	325,0 		145,0 	145,0 	155,0 	155,0 	155,0 	480,0 	315,0 	327,5 	337,5 	337,5 	337,5 	817,5 	483,47 	2. 		
3. 	M 	18 	110 	109,70 	Andy Rodney 	GBR 	290,0 	310,0 	317,5 	317,5 	317,5 		180,0 	190,0 	190,0 	190,0 	190,0 	507,5 	290,0 	310,0 	320,0 	310,0 	310,0 	817,5 	481,51 	3. 		
4. 	M 	17 	110 	109,30 	Marco Oliva 	LUX 	245,0 	252,5 	260,0 	260,0 	260,0 		130,0 	135,0 	137,5 	130,0 	130,0 	390,0 	255,0 	265,0 	272,5 	272,5 	272,5 	662,5 	390,68 	4. 		
								0,0 				0,0 									
1. 	M 	23 	125 	124,60 	Dean Bowring 	GBR 	310,0 	330,0 	345,0 	345,0 	345,0 		265,0 	265,0 	285,0 	265,0 	265,0 	610,0 	290,0 	320,0 	332,5 	320,0 	320,0 	930,0 	530,29 	1. 		
2. 	M 	21 	125 	120,30 	Andy Hawkins 	GBR 	280,0 	290,0 	290,0 	290,0 	290,0 		222,5 	227,5 	227,5 	222,5 	222,5 	512,5 	230,0 	265,0 	287,5 	287,5 	287,5 	800,0 	459,68 	2. 		
								0,0 				0,0 									
1. 	M 	24 	+125 	126,40 	Knut Hulbakviken 	NOR II 	310,0 	330,0 	340,0 	340,0 	340,0 		200,0 	220,0 	230,0 	230,0 	230,0 	570,0 	320,0 	330,0 	330,0 	330,0 	330,0 	900,0 	511,74 	1. 		
2. 	M 	25 	+125 	126,00 	Mick Ashurst 	GBR 	320,0 	330,0 	342,5 	342,5 	342,5 		185,0 	192,5 	197,5 	197,5 	197,5 	540,0 	310,0 	325,0 	335,0 	335,0 	335,0 	875,0 	497,79 	2. 		
	
		
		
		
		
		
		
		
		
		
		
