
Place 	M/W 	Nbr 	Class 	BW 	Name 	Nation 	SQUAT 	SQ 	  	BENCH PRESS 	BP 	Sub. 	DEADLIFT 	DL 	Tot. 	Points 	Place 	SQ 	BP 	DL
  	  	  	1. 	2. 	3. 	  	Result 	  	1. 	2. 	3. 	  	Result 	Tot. 	1. 	2. 	3. 	  	Result 	Result 	  	  	4. 	4. 	4.
1. 	W 	1 	52 	51,60 	Karin Hollaus 	AUT 	115,0 	120,0 	127,5 	120,0 	120,0 		65,0 	70,0 	72,5 	70,0 	70,0 	190,0 	130,0 	137,5 	142,5 	137,5 	137,5 	327,5 	410,72 	1. 		
					0,0 				0,0 				0,0 						
1. 	W 	2 	56 	55,50 	Alison Seabright 	GBR 	115,0 	122,5 	130,0 	130,0 	130,0 		72,5 	77,5 	77,5 	77,5 	77,5 	207,5 	120,0 	130,0 	135,0 	135,0 	135,0 	342,5 	405,83 	1. 		
					0,0 				0,0 				0,0 						
1. 	W 	3 	60 	59,00 	Linda H๘iland 	NOR I 	152,5 	160,0 	162,5 	162,5 	162,5 		75,0 	80,0 	82,5 	82,5 	82,5 	245,0 	165,0 	175,0 	180,0 	175,0 	175,0 	420,0 	474,39 	1. 		
2. 	W 	4 	60 	59,70 	Bente Restad 	NOR II 	110,0 	120,0 	125,0 	120,0 	120,0 		75,0 	80,0 	82,5 	80,0 	80,0 	200,0 	130,0 	137,5 	142,5 	137,5 	137,5 	337,5 	377,73 	2. 		
					0,0 				0,0 				0,0 						
1. 	W 	9 	67,5 	63,4 	Isabel Garcia 	ESP 	160,0 	170,0 	175,0 	170,0 	170,0 		95,0 	95,0 	100,0 	95,0 	95,0 	265,0 	180,0 	190,0 	195,0 	195,0 	195,0 	460,0 	491,65 	1. 		
2. 	W 	10 	67,5 	66,7 	Gillian Wright 	GBR 	150,0 	160,0 	160,0 	160,0 	160,0 		100,0 	105,0 	105,0 	100,0 	100,0 	260,0 	180,0 	190,0 	195,0 	195,0 	195,0 	455,0 	468,38 	2. 		
3. 	W 	6 	67,5 	67,4 	Bente Arntsen 	NOR I 	160,0 	165,0 	167,5 	165,0 	165,0 		117,5 	122,5 	122,5 	117,5 	117,5 	282,5 	165,0 	170,0 	170,0 	165,0 	165,0 	447,5 	457,21 	3. 		
4. 	W 	7 	67,5 	67,1 	Grete Ness๘ 	NOR II 	135,0 	145,0 	152,5 	145,0 	145,0 		80,0 	80,0 	85,0 	85,0 	85,0 	230,0 	140,0 	155,0 	162,5 	155,0 	155,0 	385,0 	394,63 	4. 		
					0,0 						
1. 	W 	12 	75 	72,50 	Inger Blikra 	NOR I 	200,0 	215,0 	220,0 	220,0 	220,0 		110,0 	120,0 	122,5 	122,5 	122,5 	342,5 	200,0 	215,0 	217,5 	215,0 	215,0 	557,5 	541,67 	1. 		
2. 	W 	13 	75 	71,80 	Linda Kristensen 	NOR I 	172,5 	182,5 	190,0 	190,0 	190,0 		100,0 	100,0 	110,0 	100,0 	100,0 	290,0 	172,5 	182,5 	187,5 	182,5 	182,5 	472,5 	462,06 	2. 		
3. 	W 	11 	75 	69,70 	Jackie Blasbury 	GBR 	145,0 	157,5 	167,5 	167,5 	167,5 		90,0 	97,5 	102,5 	102,5 	102,5 	270,0 	170,0 	182,5 	190,0 	190,0 	190,0 	460,0 	458,99 	3. 		
								0,0 				0,0 				0,0 						
1. 	W 	16 	82,5 	80,10 	Heidi Hille Arnesen 	NOR II 	180,0 	190,0 	195,0 	195,0 	195,0 		102,5 	105,0 	107,5 	107,5 	107,5 	302,5 	180,0 	182,5 	192,5 	182,5 	182,5 	485,0 	443,48 	1. 		
2. 	W 	15 	82,5 	82,00 	Jean Maton 	GBR 	145,0 	152,5 	160,0 	160,0 	160,0 		100,0 	107,5 	110,0 	110,0 	110,0 	270,0 	150,0 	170,0 	180,0 	170,0 	170,0 	440,0 	397,23 	2. 		
3. 	W 	14 	82,5 	75,20 	Anita Sๆb๘ 	NOR II 	165,0 	172,5 	172,5 	165,0 	165,0 		95,0 	100,0 	105,0 	105,0 	105,0 	270,0 	150,0 	157,5 	160,0 	157,5 	157,5 	427,5 	405,74 	3. 		
					0,0 				0,0 				0,0 						
1. 	W 	18 	90 	84,80 	Rosemarie Beer 	AUT 	160,0 	170,0 	180,0 	180,0 	180,0 		110,0 	115,0 	120,0 	120,0 	120,0 	300,0 	165,0 	175,0 	185,0 	185,0 	185,0 	485,0 	430,49 	1. 		
2. 	W 	17 	90 	85,00 	Anna Gimeno 	ESP 	120,0 	130,0 	132,5 	132,5 	132,5 		70,0 	77,5 	82,5 	82,5 	82,5 	215,0 	105,0 	120,0 	130,0 	120,0 	120,0 	335,0 	297,01 	2. 		
					0,0 						
1. 	W 	19 	+90 	114,40 	Hildeborg J. Hugdal 	NOR I 	242,5 	252,5 	257,5 	257,5 	257,5 		132,5 	135,0 	137,5 	137,5 	137,5 	395,0 	180,0 	185,0 	190,0 	190,0 	190,0 	585,0 	471,92 	1. 		
2. 	W 	20 	+90 	115,20 	Sue Last 	GBR 	180,0 	190,0 	195,0 	195,0 	195,0 		105,0 	112,5 	117,5 	112,5 	112,5 	307,5 	160,0 	175,0 	182,5 	182,5 	182,5 	490,0 	394,74 	2. 		
	
		
		
		
		
		