3 Lift

Sub-Junior Men	DOB	Bodyweight	Squat 1	Squat 2	Squat 3	Bench 1	Bench 2	Bench 3	Deadlift 1	Deadlift 2	Deadlift 3	Total	Place
-74
Jaskaran Singh	2005	73.75	-140	140	-145	-100	107.5	-112.5	170	180	190	437.5	1
-83
Thomas Scanlon	2005	80.3	225	235	242.5	142.5	-150	152.5	275	285	-300	680	1
Kevmoney Nak	2006	82.2	180	195	-205	105	115	115	200	210	215	510	2
Leo Scott	2005	77.75	160	172.5	180	105	112.5	-117.5	175	190	200	492.5	3
-93
Kyle Mischewski	2006	86.3	200	210	-220	120	125	130	240	250	-260	590	1
Alex Timmins	2005	90.1	195	-202.5	207.5	122.5	130	-135	205	-212.5	215	552.5	2
Meyer Mostert	2007	91.7	95	-105	-105	-60	65	70	135	145	155	320	3
120+kg
Tyrese Whitu	2006	154.95	220	230	240	-160	170	-180	260	265	270	675	1

Junior Men
-83
Lewis Fernando	2002	78.95	140	-150	160	105	110	-117.5	200	215	-220	485	1
Hamish McWilliam	2000	82.1	160	-170	-170	105	110	112.5	100	-102.5	-102.5	372.5	2
-93
Oliver Surridge	2003	92.05	-195	200	-210	-130	135	-140	245	255	-265	590	1
-105
Heath Graham	2002	104.7	275	287.5	300	180	187.5	-191	285	300	-313.5	787.5	1
Kyle Grainger	2002	101.15	207.5	217.5	-227.5	135	142.5	147.5	230	245	255	620	2
Lachie McWilliam	2000	103.9	202.5	212.5	222.5	122.5	130	135	245	-260	-260	602.5	3

Open Men
-59
David Rach	1998	57.05	110	-122.5	-135	90	-107.5	107.5	160	177.5	185	410	1
-74
Nick Collins	1995	71.95	175	177.5	182.5	110	115	117.5	180	-192.5	-207.5	480	1
-83
Nukumai Wallace	1994	82.6	182.5	195	205	130	-137.5	-137.5	225	240	255	590	1
-93
Jeffert Brayshaw	1994	88.3	130	137.5	142.5	92.5	97.5	100	167.5	175	182.5	425	1
-105
Cassius Read	1992	103.25	222.5	230	237.5	145	150	-155	260	280	290	677.5	1
Terrance McOnie	1994	104.35	220	230	-235	150	160	165	230	240	250	645	2
Luke Allison	1996	103.4	205	217.5	230	130	-137.5	-142.5	235	250	-265	610	3
-120
Nik Kosenko	1998	107.5	-217.5	227.5	235	137.5	145	150	270	285	-295	670	1
120+kg
Connor Stanfield	1997	152	-265	265	-267.5	200	210	220	265	-267.5	-267.5	750	1

Master Men I 40-49
-66
Delfin Fincham	1975	64.4	150	162.5	170	105	107.5	110	180	190	-200	470	1
-120
Hosea Taani	1980	112.2	180	-200	210	160	-175	185	200	220	250	645	1
120+kg
Daniel Nemani	1981	160.75	250	282.5	300	145	155	162.5	240	255	265	727.5	1

Master Men IV 70+
-74
Tony McKenna	1952	73.9	120	-122.5	-122.5	80	90	90	140	150	-152.5	360	1
Bazza Patchett	1945	72.35	75	80	85	70	72.5	75	100	110	120	280	2

Junior Women
-69
Zali Taylor	2003	64.5	115	120	-125	67.5	76	-80	130	140	145	341	1

Open Women
-63
Chi Leng Ha	1997	60.83	-115	120	125	45	50	52.5	125	130	135	312.5	1
-69
Em Hanrahan	1998	66.45	130	135	140	77.5	80	83.5	150	157.5	162.5	386	1
Merinda Latham	1998	68.9	90	95	100	62.5	65	-67.5	105	112.5	120	285	2
-76
Kiri Hema	1988	75.55	130	140	-145	82.5	87.5	90	160	175	182	412	1
-84
Krista Thom	1987	81.35	120	125	130	70	-72.5	-72.5	140	147.5	-155	347.5	1
84+kg
Milli Korach	1994	95.35	135	145	-152.5	75	80	82.5	170	182.5	-192.5	410	1

Master Women I 40-49
-84
Cassie Moreland	1981	82.6	147.5	155	160	65	67.5	-70	160	170	175	402.5	1
Sela Kingi	1977	77.05	105	112.5	117.5	77.5	85	-90	115	125	130	332.5	2
84+kg
Lee-Ann O'Callaghan	1981	122.5	110	-115	115	65	-75	-75	145	150	-161.5	330	1
Emma Butler	1978	94.6	82.5	87.5	-92.5	42.5	45	47.5	127.5	125	-140	270	2

Master Women II 50-59
-63
Anna Clarke	1968	58.05	97.5	105	107.5	57.5	62.5	65	130	140	-142.5	312.5	1

Master Women III 60+
-63
Karen Humphreys	1963	62.05	90	95	100	57.5	60	63	100	105	110	273	1

Bench Only

Master Men II 50-59
-105
Malone Horn	1970	104.1				175	180	-190					1

Open Women
-63
Traleenah Bentley	1997	62.55				67.5	72.5	77.5					1

Master Women II 50-59
-76
Delwyn Evans	1964	74.65				70	72.5	75					1
