CPF National Amateur Pro/Raw
3-Jun-12
                                                                                     BWt     WtCls                  Squat    Squat    Squat    Squat    Best                                          Bench    Best    Sub                                                                    Coeff    Age  &
Name                           Age                        Div                                        Glossbrenner                                               RH BP   Bench 1   Bench 2   Bench 3                            Deadlift 1   Deadlift 2   Deadlift 3   Deadlift 4   PL Total                     Pl-Div   Events
                                                                                     (Kg)    (Kg)                   1        2        3        4        Squat                                         4        Bench   Total                                                                  Score    Coeff
Grace Ryba                     18                         F19R                       66.1    67.5    0.9145         -92.5    92.5     -97.5             92.5    1       50        55        -60                55      147.5   102.5        107.5        -112.5                    255.0      233.20   247.19   1-F19R   PL
Megan Chipman                  22                         FJRR                       93.5    SHW     0.7353         80       95       105               105     2       42.5      47.5      55                 55      160     92.5         115          122.5                     282.5      207.72   209.80   1-FJRR   PL
Jodi Spivak                    31                         FOR                        87.5    90      0.7594         120      127.5    -132.5            127.5   2       60        65        -67.5              65      192.5   130          145          150                       342.5      260.09   260.09   1-FOR    PL
Leah Gitterman                 34                         FSMR                       49.6    52      1.1495         87.5     -97.5    -97.5             87.5    2       42.5      45        47.5               47.5    135     115          125          -127.5                    260.0      298.87   298.87   1-FSMR   PL
Hilda Siegel                   35                         FSMR                       63.7    67.5    0.9416         85       95       -100              95      2       65        69        -70                69      164     110          122.5        127.5        127.5        291.5      274.46   274.46   2-FSMR   PL
Chris Armes                    21                         MJR                        131.9   140     0.5391         -380     380      -400              380     3       252.5     -275      -275               252.5   632.5   -250         250          272.5                     905.0      487.84   497.60   1-MJR    PL
Cody Buchaneauer               21                         MJRR                       88.7    90      0.6169         202.5    215      227.5    232.5    227.5   3       125       135       142.5     145      142.5   370     232.5        250          262.5        272.5        632.5      390.16   397.96   1-MJRR   PL
Daniel Lee                     20                         MJRR                       64      67.5    0.7841         -167.5   167.5    170               170     1       110       113       -116               113     283     195          -205         -205                      478.0      374.80   386.04   2-MJRR   PL
Cameron Harvey                 23                         MJRR                       109.2   110     0.5637         190      200      205               205     3       160       167       170                170     375     225          -240         240                       615.0      346.64   346.64   3-MJRR   PL
Brad Gold                      20                         MJRR                       92.2    100     0.6040         150      165      -180              165     3       105       112.5     120                120     285     225          237.5        -245                      522.5      315.59   325.06   4-MJRR   PL
Alfred Chow                    22                         MJRR                       82.4    82.5    0.6451         127.5    150      -165              150     2       85        92.5      -97.5              92.5    242.5   172.5        182.5        192.5                     435.0      280.62   283.42   5-MJRR   PL
Francis Nitsch                 22                         MJRR                       97.3    100     0.5883         147.5    157.5    165               165     3       102.5     110       -115               110     275     160          172.5        190                       465.0      273.54   276.27   6-MJRR   PL
Danny Yiu                      23                         MJRR                       65.2    67.5    0.7712         117.5    122.5    -127.5            122.5   3       72.5      77.5      80                 80      202.5   -122.5       125          130                       332.5      256.42   256.42   7-MJRR   PL
Cory Leavins                   42                         MM1                        109.2   110     0.5637         250      -265     -265              250     3       185       192.5     200       -204     200     450     210          220          227.5        230          677.5      381.87   389.51   1-MM1    PL
Jim Kozey                      40                         MM1                        89.2    90      0.6149         205      227.5    232.5    -237.5   232.5   3       132.5     140       -145               140     372.5   192.5        215          227.5                     600.0      368.94   368.94   2-MM1    PL
Jeff "Beaker" Williams         41                         MM1                        121.1   125     0.5498         340      -350     -350              340     4       75        95        -162.5             95      435     205          227.5        -235                      662.5      364.24   367.88   3-MM1    PL
Brad Lentini                   43                         MM1                        104.4   110     0.5718         210      230      237.5             237.5   3       155       -215      -215               155     392.5   195          205          215                       607.5      347.37   358.14   4-MM1    PL
Sean Kelly                     45                         MM2R                       74.1    75      0.6947         -185     185      -202.5            185     3       115       -127.5    -127.5             115     300     212.5        -227.5       -227.5                    512.5      356.03   375.62   1-MM2R   PL
Tim Pearce                     51                         MM3R                       89      90      0.6157         135      160.5    170               170     2       85        -97.5     -105               85      255     165          -190         192.5        195          447.5      275.53   316.03   1-MM3R   PL
Mike Milton                    61                         MM5                        80.9    82.5    0.6557         155      -165     -165              155     2       125       -135      135       -137.5   135     290     147.5        167.5        -180                      457.5      299.98   409.78   1-MM5    PL
Denis Pronin                   24                         MO                         81.8    82.5    0.6482         -262.5   262.5    -272.5            262.5   2       -215      -215      -215                               182.5                                                                                     PL
Alastair MacNicol              25                         MOR                        97.1    100     0.5889         225      230      -235              230     3       140       147.5     -152.5             147.5   377.5   275          -295         -295                      652.5      384.22   384.22   1-MOR    PL
Andrew Kueber                  27                         MOR                        75      75      0.6886         195      -217.5   -217.5            195     1       110       130.5     132.5     -136.5   132.5   327.5   205          220          230          -240         557.5      383.87   383.87   2-MOR    PL
Michael Labovsky               30                         MOR                        67.3    67.5    0.7504         150      -165     165               165     2       115       120       -125               120     285     160          175          -177.5                    460.0      345.16   345.16   3-MOR    PL
Ruslan Sanya                   37                         MOR                        94.4    100     0.5968         200      -207.5                     200     2       150       -160      -160               150     350     160          180          200                       550.0      328.21   328.21   4-MOR    PL
Tavis Harris                   31                         MOR                        134.1   140     0.5364         -177.5   177.5    182.5             182.5   2       120       125       -137.5             125     307.5   210          220          230                       537.5      288.29   288.29   4-MOR    PL
Ruslan Sanya                   37                         MSMR                       94.4    100     0.5968         200      -207.5                             2       150       -160      -160                               160          180          200                       550.0      328.21   328.21   1-MSMR   PL
Pamela Geer                    38                         FSMR                       43.5    48      1.2684                                                                                                                    -75          80           92.5         100          92.5       117.33   117.33   1-FSMR   DL
Richard Singh                  23                         MJR                        143.9   SHW     0.5284                                                     3       262.5     272.5     -282.5             272.5                                                               272.5      143.99   143.99   1-MJR    BP
Mike Parsons                   23                         MJRR                       139.3   140     0.5317                                                     2       177.5     -190      -190               177.5                                                               177.5      94.38    94.38    1-MJRR   BP
Scott McDiarmid                44                         MM1                        103.5   110     0.5736                                                     2       -258      -258      -258                                                                                                                         BP
Scott McDiarmid                44                         MM1R                       103.5   110     0.5736                                                     3       132.5     142.5                        142.5                                                               142.5      81.73    85.25    1-MM1R   BP
John Dietrich                  46                         MM2                        94.6    100     0.5962                                                     2       182.5     190       -192.5             190                                                                 190.0      113.27   120.97   1-MM2    BP
Mike Milton                    61                         MM4R                       80.9    82.5    0.6557                                                     2       115                                    115                                                                 115.0      75.41    103.00   1-MM4R   BP
Clint Harwood                  39                         MSM                        139.2   140     0.5318                                                     3       -375      -375      -390                                                                                                                         BP
Chief Referee                  Side Referee               Side Referee
________________________       ________________________   ________________________
________________________       ________________________   ________________________
