Heavyweights
Istvan Arvai              124,70 275   440,00   275,00       715,00 385,00              1100,00         2425,060 1
Oleksiy Solovyov          108,20 242   410,00   300,00       710,00 362,50              1072,50         2364,434 2
Sergej Moser              122,70 275   425,00   280,00       705,00 362,50              1067,50         2353,411 3
Oleksiy Vishnitskiy       108,20 242   410,00   260,00       670,00 370,00              1040,00         2292,784 4
Eero Jalko                108,50 242   365,00   255,00       620,00 320,00               940,00         2072,324 5
Super Heavyweights
Andrew Bolton             156,70 SHW 520,00     287,50       807,50 427,50              1235,00         2722,681 1
Donnie Thompson           170,70 SHW 477,50     355,00       832,50 340,00              1172,50         2584,894 2
Vladislav Alhazou         152,00 SHW 530,00     250,00       780,00 365,00              1145,00         2524,267 3
Kari Kalliola             151,70 SHW 470,00     327,50       797,50 302,50              1100,00         2425,060 4
Meszaros Tibor            157,30 SHW 380,00     235,00       615,00 370,00               985,00         2171,531 5
Benedikt Magnusson        158,50 SHW 130,00     130,00       260,00 440,00               700,00         1543,220
OUT
Jacksonville                                                                                                                 April 2, 2005
          Lightweights
           Oleksandr Kutcher    75,00   165   385,00     243,00     628,00    355,00     983,00      2167,122   1
           Vasilsiy Tzvetkov    74,70   165   330,00     190,00     520,00    262,50     782,50      1725,100   2
           Sakari Selkainaho    75,00   165   315,00     195,00     510,00    265,00     775,00      1708,565   3
           Marcel Mette         75,00   165   295,00     177,50     472,50    260,00     732,50      1614,870   4
           Toni Haaparanta      67,20   148   312,50     160,00     472,50    242,50     715,00      1576,289   5
           Mihail Savarovs      48,70   132   210,00     115,00     325,00    200,00     525,00      1157,415
           Middleweights
           Juha Someroja       100,00   220   390,00     290,00     680,00    330,00    1010,00      2226,646   1
           Shawn Frankl         90,00   198   387,50     307,50     695,00    305,00    1000,00      2204,600   2
           Harald Selsam        99,40   220   410,00     230,00     640,00    330,00     970,00      2138,462   3
           Ilkka Mursu          95,70   220   365,00     272,50     637,50    327,50     965,00      2127,439   4
           Pauli Rantanen       98,40   220   370,00     255,00     625,00    330,00     955,00      2105,393   5
           Tatu Avola           91,50   220   370,00     235,00     605,00    335,00     940,00      2072,324
           Dmytro Solovyov      82,40   181   320,00     210,00     530,00    325,50     855,50      1886,035
           Guest                               0,00       0,00        0,00     0,00        0,00         0,000
           Becca Swanson       110,80 242 365,00         240,50     605,50 315,00        920,50      2029,334
           OUT                             0,00           0,00        0,00  0,00           0,00         0,000
           Arto Rajala         100,00 220 405,00         220,00     625,00  0,00         625,00      1377,875
           Ilya Kororev         71,70 165  0,00          200,00     200,00 270,00        470,00      1036,162
           Edgars Reksne        94,80 220  0,00          230,00     230,00 340,00        570,00      1256,622
           Chris Jenkins        90,00 198 340,00         200,00     540,00  0,00         540,00      1190,484
                                           0,00           0,00        0,00  0,00           0,00         0,000
