                                                                                Squat                        Bench Press                                Deadlift
Group               Lifters        Gender   EQ   Age    WC     BW       1st      2nd       3rd        1st        2nd         3rd     Subtotal    1st      2nd        3rd     Total    Wilks
     1   Rebecca Heath             Female               47     45.5    92.5      97.5     102.5       55         57.5         60      162.5     112.5    117.5      122.5     285    392.22
     1   Katalynna Vicerra         Female               47     46.6     60        65        70       27.5         30         32.5     102.5       65      72.5       77.5     180    243.57
     1   Rachel Smith              Female               52     51.4     70        75      (77.5)     37.5        (40)          0      112.5      100      105        110     222.5   279.87
     1   Ruthana Christofides      Female               52     50.7     65       72.5       80        35        (37.5)       37.5     117.5       75       80         85     202.5   257.40
     1   Ragheidur Siturardottir   Female               57     55.3    105       110      (115)       65         (70)        (70)      175       135      140      (142.5)    315    374.30
     1   Nina Vicera               Female               57     56.5    87.5      92.5       95        60         62.5         65       160       100      110        115      275    321.32
     1   Pelin Baykal              Female               57     56.6    100       110       115       57.5         60         62.5     177.5      135      145       152.5     330    385.05
     1   Louise Sinnah- Burr       Female               57     53.4    82.5       87        95        60          65         67.5     162.5      130     142.5     (152.5)    305    372.46
     2   Rebecca Lynn-Nicholson    Female               63     60.3   112.5      120       125        55          60        (62.5)     185       120      130      (137.5)    315    349.84
     2   Bee Karimi (Guest)        Female               63     67.8     85        90        95       47.5        52.5        (55)     147.5       90      100      (107.5)   247.5   251.80
     2   Leah Grant                Female               63     62.2   117.5     122.5      125        60          62          65       190       135      140        145      335    363.29
     2   Julia Gawel               Female               63     61.9    82.5     (87.5)     87.5      (55)        (55)         55      142.5      100      110        120     262.5   285.72
     2   Kazia Wozniak             Female               63     60.9    67.5      72.5       75        35         37.5        (40)     112.5       90       95        97.5     210    231.45
     2   Emma Harrison             Female               72     68.5     90       97.5     (105)      32.5         40         (45)     137.5      110      120       122.5     260    262.60
     2   Tammy Parlour             Female               72     70.4     55        60      (62.5)     37.5        42.5         45       105        95     102.5       110      215    213.06
     2   Emily Williams            Female               72     70.4   107.5     117.5      125       52.5         55         57.5     182.5      115      125        135     317.5   314.63
     2   Sarah Griffiths           Female               72     71.9     80        85       (90)      37.5        (40)        (40)     122.5       95      100      (102.5)   222.5   217.37
     2   Diana Mellinger           Female               72     69.9   117.5     122.5     127.5       65         67.5         70      197.5      135      140       147.5     345    343.56
     2   Laura Porter              Female               72     70.6     90      (100)      100        50          55        (57.5)     155       115     (125)       125      280    276.93
     2   Orla Kaye (Guest)         Female               72     73.1     90        95       100        60         62.5         65       165       100      105        110      275    265.75
     2   Sonia Onisszczuk          Female               72     68.2   (92.5)     92.5       95        40         42.5         45       140       115      120       (125)     260    263.42
     3   Eva Bonin                 Female              84+     85.7   (115)     (115)      115        50         52.5         55       170       110      120        130      300    264.93
     3   Anna Macnab               Female              84+    106.4   172.5     182.5      190       72.5        77.5         80       270       170     187.5       200      470    384.99
     3   Ellie Rahmini             Female               84     83.1    100       105       110        50        (52.5)      (52.5)     160       125      135       (145)     295    264.50
     3   Sophie Aminu Edu          Female               84     76.5     80       87.5       95        30         37.5        (40)     132.5      115      125       (135)    257.5   241.82
     3   Sylvia Osei-Tu            Female              84+    115.1    110      117.5      125       82.5         85         87.5     212.5      140      150      (152.5)   362.5   292.09
     3   Radha Balani              Female               84      82     105       110       115       47.5         50         52.5     167.5      115      125        135     302.5   273.11
     3   Paulo Roccuzzo            Female              84+     94.1    125      132.5     137.5       70          75        (77.5)    212.5      135     142.5      147.5     360    305.74
     3   Pete Barrett               Male                66      64      95       100      (105)      62.5        67.5        (70)     167.5      145      160        175     342.5   275.94
     3   Jed Kelly                  Male                74     73.8     90       100       110       82.5         90          95       205       130      140       152.5    357.5   257.65
     3   Kia Sitmour                Male                74      71     115       120       125        85          90          95       220       145      150        155      375    278.02
     3   Jessi Cekrezi              Male                74      74     130       135       145       87.5         95        (97.5)     240       180      190        200      440    316.50
     4   Ed Karim                   Male                83     81.8    185       200      (205)      165       (172.5)     (172.5)     365       200      215        225      590    397.28
     4   Todd Kelly                 Male                83     82.2    135      142.5     (150)       80          90         (95)     232.5      145      160        170     402.5   270.23
     4   Peter Keleher              Male                83     80.4   152.5     162.5      170        90           0           0       260      172.5     180        195      455    309.66
     4   Matt Knight                Male                83     82.9   132.5      140       145        90         97.5       102.5     247.5     152.5    162.5       170     417.5   278.88
     4   Will Hayman                Male                83     81.8    200       210      (220)     132.5       137.5       (140)     347.5      190      200        210     557.5   375.40
     4   Michael Strezrceort        Male                83     81.4   147.5      155       160       120         125       (127.5)     285       190      200        210      495    334.31
     4   James Mcdonald             Male                83     78.4    125       135     (142.5)      95         100           0       235       180      195       197.5    432.5   299.11
     4   Robert Cole                Male                83     75.1    (90)       95       100        70         77.5        (85)     177.5      110      120        130     307.5   218.91
     5   Elliott Rolfe              Male                93     90.3    125       135       145        75         (85)        (85)      220       145      160       (170)     380    242.18
     5   Eric Bassett               Male                93     91.6    165      (175)      175       120         125       (127.5)     300       180      190        200      500    316.40
     5   Hussein Kasim              Male                93     92.2   177.5      185      (190)    (127.5)     (127.5)     (127.5)     57.5     217.5      0          0        0      0.00
     5   Antonio Shinebourne        Male                93     89.8    185       195      202.5      120         130        (135)     332.5      200      210        220     552.5   353.11
     5   Adam Hayesmore             Male                93     84.9    175       190       200       105         115        117.5     317.5     182.5     205        220     537.5   354.09
     5   Ivan Otim                  Male                93     91.1    175       185       190       115         120       (122.5)     310       240      255        270      580    368.02
     5   Alex Petrenco              Male                93      93     185     (197.5)   (197.5)      95        (100)          0       280       195      210      (217.5)    490    307.81
     5   Frederick Annan            Male                93     86.1    200       210       215       57.5       162.5       (165)     377.5     (255)     255      (287.5)   632.5   413.41
     5   Jason Caultman             Male                93     91.8    220       230      242.5      135         145        152.5      395       245      260       272.5    667.5   421.94
     5   Jon Jones                  Male                93     90.9    170       180       185       125         135        (140)      320       205      225       (230)     545    346.19
     5   John Carter                Male                93     91.3    180       190      202.5      92.5        100           0      302.5      235      245        255     557.5   353.36
     5   Ben Carley                 Male                93     87.4    190       200       205      (130)        135         140       345       230      245       (285)     590    382.48
     6   Thomas Celestine           Male               105    102.6    230       235       240      122.5        125       (127.5)     365       280     307.5      312.5    677.5   408.25
     6   Reece Smith                Male               105    104.4    220       230       235       155        157.5        160       395       255      275         0       670    401.17
     6   Tim Wheeler                Male               105    102.3    200       210       215      107.5       112.5        115       330       225     242.5       255      585    352.90
     6   Hugo Duarte                Male               105    104.4    235      (245)      245       140         145        147.5     392.5      260      280        285     677.5   405.66
     6   Richard Lewis              Male               105    103.1      0        0          0      167.5       (175)          0      167.5       0        0          0        0      0.00
     6   Elliot Davies              Male               120    117.7    200      212.5      220       125        132.5      (137.5)    352.5      220      240       (250)    592.5   342.23
     6   Dominic Patmore            Male               120    119.3    230       240       245      162.5       (170)          0      407.5      270      285      (292.5)   692.5   398.68
     6   Azif Ahmed                 Male               120+   123.1    250       270      (275)      140        (150)       (150)      410       260      280       (290)     690    394.45
