Flt                                                  BWt WtCls Squat     Squat    Squat    Squat    Best                                      Best   Sub Deadlift Deadlift   Deadlift Deadlift Best
                Name                    Age    Div                                                        Bench 1   Bench 2 Bench 3 Bench 4                                                            PL Total
 3                                                   (Kg) (Kg)     1       2        3        4      Squat                                    Bench   Total   1       2          3        4    Deadlift
 3          Troy Bramer                 21       M-J 99.75 100   -320    -332.5   332.5             332.5 227.5     -237.5   -237.5          227.5    560  -205     205      -237.5   -237.5    205       0
 3    Dennis Campeau - Bench Only       51    M-MBR3 95.85 100                                         0   152.5      155    157.5      160  157.5      0                                         0       0
 3        Aaron Rubin                   37      M-O  80.45 82.5   225     -250     -255              225   -167.5   167.5    -167.5   -167.5    0       0                                         0       0
 3      Kirk Dobrowolski                41    M-MR1 78.3 82.5 117.5        140     162.5            162.5    95       110     -120            110    272.5  150     170      182.5             182.5      0
 3       Craig Johnston                 27     M-OR    90   90   -155      170     182.5            182.5   110      -115     -115            110    292.5  170    177.5       185              185       0
 3         Brad Priore                  38     M-OR   78.1  75    135    142.5     -150             142.5   97.5    -102.5   -102.5           97.5    240   175    182.5       195              195       0
 3       Travis Pereira                 38     M-OR   81.1 82.5   170      175      185              185    120       125     -130            125     310  182.5    190        200              200       0
 3        Kevin Phillips                29     M-OR 78.95 82.5    115      150    -182.5             150   102.5     -125     -125           102.5   252.5  125    182.5       210              210       0
 3         Adam Price                   36     M-OR   98.1 100    235     -245      245    -250.5    245    140       150      155            155     400   230     235        240              240       0
 3         Jason Cook                   27      M-O   81.7 82.5  -365     -365      365              365    165     -172.5   -172.5           165     530   250   -262.5     -262.5             250       0
 3      Andrew Fitzgerald               22       M-J  94.4 100  227.5    252.5     272.5            272.5 122.5      -135     -135           122.5    395   215     240       -265              240       0
 3        Steve Sidhu                   26      M-O   95.6 100    250      275    -292.5             275    125       140     -155            140     415  227.5    250      -267.5             250       0
 3       Ben Guenther                   30     M-OR   94.7 100    205      220     -230              220    140       145      150            150     370   250     265      272.5             272.5      0
 3        Andy Fisher                   46     M-M2 89.85   90  -242.5   242.5      275              275    150       165     -175            165     440   260    272.5      -280             272.5      0
 3       Brian Johnston                 46     M-M2   98.5 100    375      411     -415              411    165     182.5    202.5           202.5   613.5 227.5    280       -310              280       0
 3         Rob Morao                    28      M-O   97.3 100   -335     -335      335              335   -232.5   -232.5   -232.5             0       0                                         0       0
 3         Bruce Perry                  28      M-O   96.9 100 -282.5    -282.5   -282.5               0    150       160    172.5           172.5      0                                         0       0
 3    Eric Rasku - Bench Only           37    M-OBR 81.4 82.5                                          0    115      -125     -125            115       0                                         0       0
 3    Dave Breker - Bench Only          29     M-OB 98.45 100                                          0    260       280     -300            280       0                                         0       0
 3    Kevin Phillips - Bench Only       29     M-OB        82.5                                        0                                        0       0                                         0       0
 1         Alicia Pereira               24      F-JR 53.25  56     55      57.5     -65              57.5    30       37.5    -42.5           37.5     95    70     72.5       77.5             77.5      0
 1      Frances MacMillan               29      F-OR 64.95 67.5  -72.5     -80      -80                0     50        55      -60             55       0  -82.5    82.5      -92.5             82.5      0
 1           Erika Lutz                 24      F-OR  58.8  60    72.5    -82.5    82.5              82.5    50        55      -60             55    137.5   85      95       -105               95       0
 1       Monica Johnston                61     F-MR5 67.35  75     40       45       50               50    37.5       40      42.5     43    42.5    92.5  87.5     90        92.5    95       92.5      0
 1       Sarah Jo Buffalo               26      F-OR  65.1 67.5  -87.5     87.5      95               95     40        45      -50             45     140   100     110      117.5             117.5      0
 1           Bill Hurley                30     M-OR   58.5  60    110    -127.5    -130              110    67.5     -72.5     72.5           72.5   182.5  105     110        115              115       0
 1         Steve Baylin                 60     M-M5 69.95   75    100     -110      115              115     60       67.5      75             75     190   110    142.5     152.5             152.5      0
 1          Terry Hinds                 47      F-M2 59.05  60  112.5     -120     -130             112.5   62.5       70     -77.5            70    182.5  115    -125        127              127       0
 1         Bernice Fuss                 54     M-M3   70.1  75  147.5    167.5      180              180   -122.5     123    127.5    -132.5 127.5   307.5  120    157.5     167.5             167.5      0
 1        Lindsy Doering                31      F-OR  80.4 82.5   92.5    -115     -115              92.5    60       67.5     72.5           72.5    165   125     145      152.5             152.5      0
 1       Michelle Senger                44      F-M1 64.05 67.5   150     -170      175              175     60      -87.5      90             90     265   125    142.5     -147.5            142.5      0
 1       Allison Lockhart               29      F-OR  73.8  75    110    -127.5   -127.5             110    77.5       85      -90             85     195  132.5    145        150    157.5     150       0
 1      Andrea McDougall                38      F-OR 61.65 67.5   160     -170     -180              160     85       -95      -95             85     245  142.5    150        155     160      155       0
 1          Tara Green                  21       F-J  76.8 82.5  -215      215    -227.5             215    110      -120      120     -130   120     335  142.5 152.5       167.5    -182.5   167.5      0
 1            Tri Tran                  36     M-OR   64.7 67.5   125    127.5     132.5            132.5 102.5       110    112.5      113  112.5    245   145     150        155              155       0
 1      Wolfgang Janssen                19     M-YR   74.5  75  122.5     -130    -132.5            122.5   82.5       85      87.5     -94   87.5    210  167.5    170        175    -177.5    175       0
 1      Birchmans Pereira               64    M-MR5 74.2    75    195      210      215              215     75        80      87.5           87.5   302.5 232.5    240        245    -247.5    245       0
 1    Alicia Pereira - Bench Only       24     F-JBR 53.25  56                                         0     30       37.5    -42.5           37.5      0                                         0       0
 1    Adrienne Nickerson - Bench Only   44    F-MBR1 49.2   52                                         0     35       37.5     42.5           42.5      0                                         0       0
 1    Monica Johnston - Bench Only      61    F-MBR5 67.35  75                                         0    37.5       40      42.5     43    42.5      0                                         0       0
 1    Tri Tran - Bench Only             36    M-OBR 64.7 67.5                                          0   102.5      110    112.5      113  112.5      0                                         0       0
 2         Glenn Stiller                46    M-MR3 124.9 125     165    172.5    182.5             182.5 112.5       125      130            130    312.5  170     190       -200              190       0
 2       Andrew Harding                 29     M-OR 101.4 110 -142.5     142.5    -170              142.5    95     102.5      110            110    252.5  175    197.5     202.5             202.5      0
 2         Patrick Thera                48     M-M2 122.3 125     250    -265     -265               250   207.5      215     -220            215     465   195    212.5      -220             212.5      0
 2       Kevin Fuglewicz                24     M-OR 120.8 125     155    -185     -185               155    105       120    -132.5           120     275   205    227.5     237.5             237.5      0
 2         Paul Binnette                22      M-JR  106  110  182.5     210      230               230   122.5     -140     -140           122.5   352.5  205    237.5     252.5             252.5      0
 2      Rod Onoferychuk                 40    M-MR1 106.9 110     205     225     247.5             247.5   125       135     -145            135    382.5  205     225        240              240       0
 2        Kris Sunneson                 25     M-OR 112.8 125     190    227.5     235               235    105       115    -122.5           115     350   210     235        250              250       0
 2        Richard Taylor                44    M-MR1 106.9 110     205     215      225               225    150       160    162.5           162.5   387.5  215     225      232.5             232.5      0
 2      Joshua Kennedy                  21      M-JR 112.6 125  142.5    182.5    -190              182.5    85     102.5     -120           102.5    285  227.5    250       -255              250       0
 2          TJ Piattelli                22       M-J 108.7 110    320    337.5     365               365    165     -192.5   -227.5           165     530  227.5 257.5         275              275       0
 2         Brian Bailey                 40     M-M1   134  140   -410    -410      410               410   247.5      265    272.5           272.5   682.5 247.5    265      -272.5             265       0
 2     Cameron Wharram                  22      M-JR 131.7 140  272.5     290      305               305    150     162.5      170            170     475  -265    277.5     287.5             287.5      0
 2        Trevor Andrus                 45     M-M2 102.5 110    -315     315     -350               315     90       100                     100     415   265   -292.5     -292.5             265       0
 2         Cory Velting                 53     M-M3 109.5 110     280     320                        320    130     147.5     -160           147.5   467.5  275     300       -310              300       0
 2     Kevin McNaughton                 31     M-OR 122.2 125     240     250     -262.5             250    175       185    192.5           192.5   442.5  275     290       -300              290       0
 2          Matt Arter                  31      M-O  107.2 110   -380     380      -400              380    245     -262.5   -262.5           245     625   300     320       -330    -330      320       0
 2    Paul Mangat - Bench Only          32    M-OBR 105.3 110                                          0    160      -170     -175            160       0                                         0       0
 2    Tim Shaw - Bench Only             46    M-MB2 104.5 110                                          0    170      -180      180            180       0                                         0       0
 2    Kevin McNaughton - Bench Only     31    M-OBR 122.2 125                                          0    175       185    192.5           192.5      0                                         0       0
 2    Peter Jakobowski - Bench Only     50    M-MB3 110    110                                         0    230      -245     -245            230       0                                         0       0
 2         Mike Webber                  40     M-M1 122.8 125    -410    -410     -410                 0    215     227.5     -250           227.5      0                                         0       0
 2    Chad Shiel - Bench Only           30     M-OR 136.3 140                                          0   227.5    -237.5                   227.5      0                                         0       0
