1    43    2000   41.7    80      -90     -90     55     62.5    -70.5    100   105     107.5     80     62.5    107.5   250.0   43kg
2    52    2001   50.4    95     100      105     45      50      55      -95   100      110     105      55     110     270.0   52kg
3    57    2003   54.1    -85     -95     95      40      45     47.5     85     95     -100      95     47.5     95     237.5   57kg
4    63    2002   62.25   100    107.5   112.5    47.5   52.5    -57.5    120   132.5   -143     112.5   52.5    132.5   297.5   63kg




12   53    1999   52.3    120    140     -160     90     100     -110     120   140      160     140     100     160     400.0   53kg
14   59    1999    59     200    210      220     -180   180     -200.5   200   210     -220.5   220     180     210     610.0   59kg
13   59    2000   55.55   170    -180    -180     110    -120     120     165   -175    -190     170     120     165     455.0   59kg
15   59    2000   57.7    150    160     -175     100    112.5   -125     150   160     -170     160     112.5   160     432.5   59kg
4    66    1999    64     190    200     -215     90      95     -100     165   175     -190     200      95     175     470.0   66kg
3    66    2000   65.15   140    150     157.5    85      95      100     150   155     -160     157.5   100     155     412.5   66kg
2    66    1999   64.25   -145   145     -150     80      -90     -90     165   170     -175     145      80     170     395.0   66kg
5    74    1999    74     170    190      200     120    130     -135     140   160      170     200     130     170     500.0   74kg
6    74    2000   72.3    150    160     -172.5   105    112.5    120     165   175     -185     160     120     175     455.0   74kg
14   83    2001   81.85   190    200      210     -150   -150     150     180   195      205     210     150     205     565.0   88kg
16   83    1999   79.2    170    180      195     130    140     -145     160   170      185     195     140     185     520.0   88kg
17   83    1999    82     -190   190     -195     105    -110     110     205   220     -225     190     110     220     520.0   88kg
15   83    1999   79.75   160    175      185     125    130     -137.5   180   192.5   -207.5   185     130     192.5   507.5   88kg
19   93    1999    86     160    235     247.5    90     142.5   -150     280   -290    -300     247.5   142.5   280     670.0   93kg
18   93    1999   91.95   190    200      210     100    110      120     195   215     -220     210     120     215     545.0   93kg
20   105   1999   98.9    190    -215     215     -145   145     -150     185   200      205     215     145     205     565.0   105kg
5    47    1995   46.75   117.5   127.5    132.5     85     87.5      -90     130      135     145.5    132.5   87.5    145.5   365.5             47kg
6    47    1998   46.75   125      130      135      80      85      -87.5    120      130     -137.5   135      85      130    350.0    TXP      47kg
7    47    1997   46.65    90      100     107.5     50      55       60       95      105      110     107.5    60      110    277.5             47kg
8    52    1998   50.6    135      145     152.5     65      70       75      110      120     127.5    152.5    75     127.5   355.0             52kg
9    57    1994   56.45   145     -150      150      80      -85      85      130      140     145.5    150      85     145.5   380.5             57kg
10   57    1998   56.75   120     -132.5   -135      40     -67.5    -67.5    110     127.5     140     120      40      140    300.0             57kg
11   63    1997   59.45   155      165      170      -90     90      92.5     120      130     -135     170     92.5     130    392.5    TXP      63kg




17   53    1995   52.8    185     -195     -195     105     112.5    117.5    180      196     200.5    185     117.5   200.5   503.0             53kg
16   53    1995   52.45   150     -170      180      60      105     112.5    160      180     -210.5   180     112.5    180    472.5             53kg
20   59    1996   58.8    230     242.5     250     145      160      165     220      235     245.5    250     165     245.5   660.5             59kg
18   59    1996   58.3    205     212.5    217.5    107.5   112.5    117.5    197.5   -207.5   -207.5   217.5   117.5   197.5   532.5             59kg
19   59    1998   57.6    190     -205     -205     120     -125     -125     185      200     -222.5   190     120      200    510.0             59kg
8    66    1996   65.55   250     262.5    267.5    150      165     -170     250      270     277.5    267.5   165     277.5   710.0             66kg
9    66    1995   65.95   -210     210      220     150     -160      160     200      210     -215     220     160      210    590.0             66kg
7    66    1995   65.9    195      205      210     130      140     -145     200      205     -207.5   210     140      205    555.0             66kg
13   74    1997   73.4    225      235     242.5    175      185      190     205      215      225     242.5   190      225    657.5             74kg
11   74    1998    73     210      220      230     160     -170     -170     220     222.5     240     230     160      240    630.0             74kg
10   74    1995   73.85   215      225      235     155     -165      165     195      205     212.5    235     165     212.5   612.5             74kg
22   83    1996   82.7    255      265     -267.5   140     -145     -145     235      255     -260     265     140      255    660.0             83kg
21   83    1996   82.25   250      260     -265     165     172.5     180     205     217.5    -222.5   260     180     217.5   657.5             83kg
23   93    1997   89.1    245      255      265     150     157.5    162.5    215      225      230     265     162.5    230    657.5             93kg
24   93    1996   92.5    230      240     -250     150      160     -165     230     -240     -240     240     160      230    630.0             93kg
25   105   1997   96.85   270      285     -300     -180     180     -212.5   230     -250     -250     285     180      230    695.0             105kg
26   120   1994   111.7   -240     240      255     230     -245.5   -245.5   220      240     -255     255     230      240    725.0   K’s GYM   120kg




                                                                                                                        今大会ベストレフリー
                                                                                                                        （採点発表：JPA技術委員会、以下敬称略）
                                                                                                                        ・林　耕平（大阪2級）
                                                                                                                        ・両角　保宏（長野2級）
                                                                                                                        ・相馬　満信（新潟2級）


第16回全日本サブジュニアパワーリフティング選手権大会
2017.5.28白馬村多目的研修集会施設
女子
L〇t.Na,階級,氏,名,年齢,検量,SQ1,SQ2,SQ3,BP1,BP2,BP3,DL1,DL2,DL3,スクワット,ぐンチブレス,テ，ット，リフト,1'•一タル,所属,順位
1,43,浜田,華澄,2000,41.7,80,-90,-90,55,62.5,70 5,100,105,107.5,80,62.5,107.5,250.0,厚木商業高校,43kg
2,52,田ケ谷,花恋,2001,50.4,95,100,105,45,50,55,-95,100,110,105,55,110,270.0,東京成徳大学深谷高等学校,52kg 級
3,57,森角,春陽,2003,54.1,-85,-95,95,40,45,47.5,85,95,100,95,47.5,95,237.5,パワーハウスかみかわ,57kg 級
4,63,藤原,志帆,2002,62.25,100,107.5,112.5,47.5,52.5,57 5,120,132.5,■443,112.5,52.5,132.5,297.5,国士館中学校■高等学校,63kg
男子
Lot.N〇.,階級,氏名,年齢,検置,SQ1,SQ2,SQ3,BP1,BP2,BP3,DL1,DL2,DL3,スクワッ卜,ぐンチフ。レス,亍•ット♦リフ卜,1タル,所属,順位
12,53,松崎涼,1999,52.3,120,140,_160,90,100,_110,120,140,160,140,100,160,400.0,浦和学院高等学校,53kg
14,59,田村陽,1999,59,200,210,220,_180,180,,200,210,-220.5,220,180,210,610.0,厚木商業高校,59kg 級
13,59,土屋潤人,2000,55.55,170,180,180,110,■420,120,165,-175,190,170,120,165,455.0,岡崎城西高校,59kg 級
15,59,濱砂水喜,2000,57.7,150,160,-475,100,112.5,■425,150,160,■470,160,112.5,160,432.5,春日部共栄高等学校,59kg 級
4,66,安井力斗,1999,64,190,200,■25,90,95,100,165,175,190,200,95,175,470.0,関西福祉大学金光藤蔭高等学校,66kg 級
3,66,村井海仁,2000,65.15,140,150,157.5,85,95,100,150,155,160,157.5,100,155,412.5,関西福祉大学金光藤蔭高等学校,66kg 級
2,66,天野克哉,1999,64.25,■445,145,150,80,-90,-90,165,170,-175,145,80,170,395.0,東京成徳大学深谷高等学校,66kg 級
5,74,林海渡,1999,74,170,190,200,120,130,■435,140,160,170,200,130,170,500.0,春日部共栄高等学校,74kg 級
6,74,鈴木聖也,2000,72.3,150,160,■4725,105,112.5,120,165,175,185,160,120,175,455.0,浦和学院高等学校,74kg 級
14,83,富田慎之介,2001,81.85,190,200,210,150,150,150,180,195,205,210,150,205,565.0,浦和学院高等学校,88kg 級
16,83,井上修斗,1999,79.2,170,180,195,130,140,■44§,160,170,185,195,140,185,520.0,関西福祉大学金光藤蔭高等学校,88kg 級
17,83,新井凌,1999,82,,190,_195,105,_110,110,205,220,-225,190,110,220,520.0,東京成徳大学深谷高等学校,88kg 級
15,83,前所佑汰,1999,79.75,160,175,185,125,130,■4375,180,192.5,-207.5,185,130,192.5,507.5,関西福祉大学金光藤蔭高等学校,88kg 級
19,93,シルパ英樹,1999,86,160,235,247.5,90,142.5,150,280,290,300,247.5,142.5,280,670.0,個人,93kg 級
18,93,河村拓海,1999,91.95,190,200,210,100,110,120,195,215,-220,210,120,215,545.0,東京成徳大学深谷高等学校,93kg 級
20,105,山田将弘,1999,98.9,190,■25,215,■445,145,150,185,200,205,215,145,205,565.0,浦和学院高等学校,105kg
日本記録更新
43,浜田華澄,SJ,BP,62.5
43,浜田華澄,SJ,DL,107.5
59,田村陽,SJ,BP,180.0
59,田村陽,SJ,S-BP,180.0
59,田村陽,高校,BP,180.0
93,シルパ英樹,SJ,DL,280.0
93,シルバ英樹,SJ,TOT,670.0
クラブ対抗戦
1位東京成徳大学深谷高等学校	26点
第36回全日本ジュニアパワーリフティング選手権大会
2017.5.28白馬村多目的研修集会施設
女子
Lot.Na,階級,氏名,年齢,検量,SQ1,SQ2,SQ3,BP1,BP2,BP3,DL1,DL2,Dし3,スクワット,へ♦ンチ:7。レス,デッドリフト,卜一タル,所属,順位
5,47,早川琴果,1995,46.75,117.5,127.5,132.5,85,87.5,-90,130,135,145.5,132.5,87.5,145.5,365.5,阪南大学体育会ウェイ卜卜レーニング部,47kg
6,47,菊池雅,1998,46.75,125,130,135,80,85,-87.5,120,130,•4375,135,85,130,350.0,TXP,47kg
7,47,植村茉由,1997,46.65,90,100,107.5,50,55,60,95,105,110,107.5,60,110,277.5,青山学院大学,47kg 級
8,52,澤山あおい,1998,50.6,135,145,152.5,65,70,75,110,120,127.5,152.5,75,127.5,355.0,パワーハウス,52kg 級
9,57,藤浪瑠璃,1994,56.45,145,150,150,80,-85,85,130,140,145.5,150,85,145.5,380.5,パワ一ハウス,57kg 級
10,57,来栖彩,1998,56.75,120,,■435,40,-67.5,-675,110,127.5,140,120,40,140,300.0,青山学院大学,57kg 級
11,63,小林展代,1997,59.45,155,165,170,-90,90,92.5,120,130,-135,170,92.5,130,392.5,TXP,63kg
男子
Lot.Na,階級,氏名,年齢,検量,SQ1,SQ2,SQ3,BP1,BP2,BP3,DL1,DL2,Dし3,スクワット,へ•ンチブレス,テ•ッ卜♦リフト,卜一タル,所属,順位
17,53,森脇淠人,1995,52.8,185,_195,_195,105,112.5,117.5,180,196,200.5,185,117.5,200.5,503.0,個人,53kg 級
16,53,新井一真,1995,52.45,150,■470,180,60,105,112.5,160,180,-2105,180,112.5,180,472.5,農友会ボディビル■パワーリフティング部,53kg 級
20,59,佐竹優典,1996,58.8,230,242.5,250,145,160,165,220,235,245.5,250,165,245.5,660.5,青山学院大学,59kg 級
18,59,河野彰吾,1996,58.3,205,212.5,217.5,107.5,112.5,117.5,197.5,-207.5,-207.5,217.5,117.5,197.5,532.5,学習院大学ウェイ卜卜レーニング部,59kg 級
19,59,ファ糾アブドウルアスv-ス‘,1998,57.6,190,205,205,120,-125,-125,185,200,222 C,190,120,200,510.0,靑山学院大学,59kg 級
8,66,木内陽介,1996,65.55,250,262.5,267.5,150,165,-170,250,270,277.5,267.5,165,277.5,710.0,青山学院大学,66kg 級
9,66,東真彦,1995,65.95,-240,210,220,150,160,160,200,210,-2^,220,160,210,590.0,慶応義塾大学,66kg 級
7,66,溝内剛,1995,65.9,195,205,210,130,140,-145,200,205,-207.5,210,140,205,555.0,岡山大学ウェイ卜卜レ一ニング部,66kg
13,74,石川裕士,1997,73.4,225,235,242.5,175,185,190,205,215,225,242.5,190,225,657.5,青山学院大学,74kg 級
11,74,村上翔太,1998,73,210,220,230,160,-170,-170,220,222.5,240,230,160,240,630.0,東洋大学,74kg 級
10,74,条裕,1995,73.85,215,225,235,155,165,165,195,205,212.5,235,165,212.5,612.5,岡山大学ウヱイ卜卜レーニング部,74kg 級
22,83,八束光司,1996,82.7,255,265,-267.5,140,-145,-145,235,255,260,265,140,255,660.0,岡山大学ウェイ卜卜レーニング部,83kg
21,83,宇津木啓,1996,82.25,250,260,265,165,172.5,180,205,217.5,222 C,260,180,217.5,657.5,東洋大学,83kg 級
23,93,高島皓介,1997,89.1,245,255,265,150,157.5,162.5,215,225,230,265,162.5,230,657.5,育山学院大学,93kg 級
24,93,高原颯人,1996,92.5,230,240,250,150,160,165,230,-240,-240,240,160,230,630.0,岡山大学ウェイ卜卜レ一ニング部,93kg 級
25,105,橋本隆盛,1997,96.85,270,285,300,180,180,,230,250,250,285,180,230,695.0,岡山大学ウェイ卜卜レーニング部,105kg級
26,120,横山恭平,1994,111.7,-240,240,255,230,-245.5,-245.5,220,240,255,255,230,240,725.0,K’sGYM,120kg
日本記録更新
クラブ対抗戦
文部科学大臣賞……佐竹優典
47,早川琴果,ジュニア,Dし,145.5,1位 育山学院大学,56点,
47,早川琴果,ジュニア,TOT,365.5,2位 岡山大学ウェイ卜卜レーニング部,49点,
53,森脇混人,ジュニア,Dし,200.5,,,
57,藤浪瑠璃,ジュニア,Dし,145.5,都道府県対抗戦,,今大会ベス卜レフリー
59,佐竹優典,-般,Dし,245.5,男子1位,関東学生連盟,92点,(採点発表：JPA技術委員会、以下敬称略)
59,佐竹優典,一般,TOT,660.5,2位,関西学生連盟,49点,■林耕平（大阪2級）
59,佐竹優典,ジュニア,Dし,245.5,女子1位,東京都,45点,■両角保宏（長野2級）
59,佐竹優典,ジュニア,TOT,660.5,,,,■相馬満信（新潟2級）
66,木内陽介,-般,Dし,277.5,,,,
66,木内暘介,JR,Dし,277.5,,,,