                               2011 USAPL Men's Teen, Junior & Open Nationals
                                                                 Bay St Louis MS - June 10-12
                                            Squat                      Best                                Best                                       Best              Team /    Wilks
Place          Name           Div Body Wt            Squat 2 Squat 3           Bench 1 Bench 2 Bench 3            Deadlift 1 Deadlift 2 Deadlift 3              Total
                                              1                        Squat                              Bench                                      Deadlift            State    Total

52kg
  1     Jacob DeLaPaz         T1   50.88     105       115    -120      115       45      57.5     60       60       115         125      -182.5       125       300     TX       301.23
  1     Aaron Burch           T2    50.8    157.5     -165     170      170      115     122.5    -130    122.5      92.5       107.5      110         110      402.5    MS      404.8345
  1     Eric Torres           T3    51.9     160      172.5   182.5    182.5     115    -122.5   -122.5    115      197.5      -207.5     -207.5      197.5      495     TX      486.7335

56kg
  1     Steele Liles          T1   54.82    127.5     142.5   -147.5   142.5     55       60     -62.5      60      127.5        140      -147.5       140      342.5    MS      318.4223
  1     Haif Martinez         T2   54.04     150       160     172.5   172.5     95      105      110      110       175         185       190         190      472.5    TX       445.662
  2     Thomas Soto           T2   53.72    167.5     -175     177.5   177.5    82.5    -87.5     87.5     87.5     177.5       192.5     -202.5      192.5     457.5    TX      434.1217
  3     Omar Puente           T2    55.5     165     -177.5   -177.5    165     105      110     117.5    117.5      175       -182.5     -182.5       175      457.5    TX       420.168
  4     Dallas Delacruz       T2   55.98     165     -172.5   -172.5    165     87.5     92.5    -100      92.5     182.5        190      -192.5       190      447.5    TX      407.5383
        Lamonica Harris       T2   55.65    -185      -185     -185      0        0                          0        0                                 0         0      MS          0
  1     Rodolfo Garay         T3    54.4     180      192.5     200     200     110      120      122.5   122.5      180       202.5      -210        202.5      525     TX      491.8725
  1     Eric Kupperstein      O     55.7     180       200      220     220     115     122.5    -127.5   122.5      215        240       -255         240      582.5    MA       533.104

60kg
  1     Travis Charles (T2)   T2     60       210     -215    -215      210     107.5    112.5     115     115       205         215       217.5      217.5     542.5    TX      462.6983
  2     Kyle Nelson           T2   59.08      210     -220    -220      210      105      110      115     115      197.5       207.5     -217.5      207.5     532.5    WI      460.6658
  1     Andrew Hoang          T3   59.62    -167.5   -167.5   167.5    167.5      85       90       95      95       185        197.5       210        210      472.5    MS      405.3578
  2     Garth Sullivan        T3   57.94      145     162.5    170      170     107.5    117.5    -125    117.5      160         170       182.5      182.5      470     LA        414.07
  1     Nelson Boutte (Jr.)   JR   59.44     242.5     255    262.5    262.5    137.5   -142.5    142.5   142.5      210        232.5      -245       232.5     637.5    LA      548.3775
  2     Phil Rotar (Jr)       JR    59.8     212.5    222.5   -230     222.5    122.5   -132.5    132.5   132.5      210         215       232.5      232.5     587.5    WI      502.6062
  3     Chris Tran (Jr.)      JR   58.12    -227.5   -227.5   227.5    227.5    122.5     130     -135     130      227.5      -242.5     -242.5      227.5      585     MS       513.864
  4     Xavier Clark          JR   59.74      130    -142.5    150      150     -110      110    -122.5    110      147.5        165        175        175       435     TX      372.4905
        Austin Deshane (Jr)   JR    59.4      175     187.5   197.5    197.5    -105     -110     -110       0       175        192.5      -200       192.5       0      TX          0
  1     Nelson Boutte         O    59.44     242.5     255    262.5    262.5    137.5   -142.5    142.5   142.5      210        232.5      -245       232.5     637.5    LA      548.3775
  2     Phil Rotar            O     59.8     212.5    222.5   -230     222.5    122.5   -132.5    132.5   132.5      210         215       232.5      232.5     587.5    WI      502.6062
  3     Chris Tran            O    58.12    -227.5   -227.5   227.5    227.5    122.5     130     -135     130      227.5      -242.5     -242.5      227.5      585     MS       513.864
  4     Travis Charles        O      60       210     -215    -215      210     107.5    112.5     115     115       205         215       217.5      217.5     542.5    TX      462.6983
        Austin Deshane        O     59.4      175     187.5   197.5    197.5    -105     -110     -110       0       175        192.5      -200       192.5       0      TX          0
67.5kg
  1    Johnathan Gonzales      T2   67.38   217.5    227.5    -232.5   227.5   137.5     145      -150     145     210     222.5     227.5   227.5    600    TX     463.26
  1    Curtis Spencer (T3)     T3    67.5   222.5    -235      237.5   237.5    110     122.5    -132.5   122.5    225     252.5     257.5   257.5   617.5   MS   476.0925
  2    Justin Barnett          T3   67.32   177.5    192.5     -205    192.5    140     -150      -150     140    207.5    227.5    -237.5   227.5    560    TX    432.712
  3    Richard Hernandez       T3   65.84    185      205      -215     205    132.5    -140       140     140    197.5     210      -215     210     555    TX    436.674
       Tyrell Irby             T3   67.44   -210     -210      -210      0      130     142.5      150     150    237.5    252.5    -257.5   252.5     0     TX       0
  1    Jacob Evans             JR   65.24    195     -205      -210     195     110     112.5     122.5   122.5    190     202.5      215     215    532.5   MS    422.166
       Justin Nelson (Jr.)     JR    66.3   242.5    257.5    -267.5   257.5   -155     -155      -155      0     227.5     240       255     255      0     WI       0
  1    Curtis Spencer          O     67.5   222.5    -235      237.5   237.5    110     122.5    -132.5   122.5    225     252.5     257.5   257.5   617.5   MS   476.0925
       Justin Nelson           O     66.3   242.5    257.5    -267.5   257.5   -155     -155      -155      0     227.5     240       255     255      0     WI       0

75kg
  1    Auston Simmons          T2   69.92     210      225    -237.5    225      190      200     -205     200     197.5    210      220      220     645    TX     483.75
  2    Taylor Nox              T2   71.88     180     -195     197.5   197.5     145    -152.5   -152.5    145     187.5    205     -210      205    547.5   LA   402.1935
  3    Wesley Prevot           T2   74.16    192.5    202.5   -207.5   202.5    102.5     110     -120     110      215    232.5    -240     232.5    545    LA    391.419
  4    Colin McRae             T2   74.34     170     182.5    -195    182.5     97.5     105     -115     105      175    187.5     195      195    482.5   LA   345.9525
  5    Randy Tucker            T2   72.58     160      180    -192.5    180       95      105     -110     105      160     180      190      190     475    TX    346.465
  1    Sanchez Gus             T3    74.2   -242.5    242.5    -250    242.5    137.5    -145      145     145      220    232.5    242.5    242.5    630    TX    452.277
       Josh Jamison            T3   74.52    202.5     215    -227.5    215     107.5    117.5   -122.5   117.5      0                         0       0     MS       0
  1    Maliek Derstine (Jr.)   JR    74.8     280     -295     -295     280     197.5     210     222.5   222.5     250      275     287.5   287.5    790    PA    563.981
  2    Jordan Dunn             JR   74.12    292.5     305     -320     305     197.5     205    -212.5    205     237.5    -250      250     250     760    LA     546.06
  3    Carlos Bowser           JR    74.2    257.5     270     -280     270     132.5    142.5   -147.5   142.5     250     272.5     285     285    697.5   MS   500.7352
  4    Shea Rolf               JR    74.3    -225      225      240     240     147.5     155    -162.5    155      240      250     -255     250     645    IN   462.6585
  5    Jason Koogler           JR   72.86    197.5    207.5     220     220     132.5    142.5     150     150     207.5    227.5     240     240     610    MO    443.714
       Alexander Smith         JR   74.58   -242.5   -242.5    242.5   242.5   -147.5   -147.5   -147.5     0      202.5    -220     -235    202.5     0     TX       0
  1    Maliek Derstine         O     74.8     280     -295     -295     280     197.5     210     222.5   222.5     250      275     287.5   287.5    790    PA    563.981
  2    Eriek Nickson           O     74.3    267.5    282.5   -292.5   282.5    177.5    187.5    -190    187.5    302.5   -317.5    -320    302.5   772.5   IN   554.1142
  3    Nathan Walton           O    74.68     260    -267.5     275     275    -177.5    177.5     185     185     272.5     285     -295     285     745    GA   532.4515
  4    David Hammers           O     74.6    242.5    252.5     265     265      175     182.5   -187.5   182.5     235     252.5   -262.5   252.5    700    TX     500.64
  5    James Golembieski       O      74      205      230      235     235      150      160     -165     160      205     232.5   -242.5   232.5   627.5   NY   451.3607
       Sean Gibson             O    72.92    207.5    217.5   -227.5   217.5     125      135     142.5   142.5   -217.5   -217.5   -217.5     0       0     VA       0

82.5kg
  1    Tatum Peters            T1   80.22    150       160     167.5   167.5     80       85       92.5    92.5    190      197.5     200     200     460    LA     313.49
  1    Hayden Wilson           T2   80.08    180       205    -227.5    205      95      105      -115     105    227.5    -252.5   -272.5   227.5   537.5   MS   366.7362
  1    Martin Saenz            T3   80.24    220       250    -272.5    250    132.5     135      -150     135    217.5      250      255     255     640    TX    436.096
  2    JP Yarid                T3   81.24   -237.5    242.5   -257.5   242.5    160     -170      172.5   172.5   197.5     207.5   -222.5   207.5   622.5   GA   420.9345
  3    Cody Leatherwood        T3    81.3    240       255     -265     255     125      135      147.5   147.5    195       205     -235     205    607.5   GA   410.6092
       Zach Archer             T3   78.88   -192.5   -207.5    -210      0      105      120     -132.5    120    227.5    -242.5    -255    227.5     0     IN       0
  1     Knute Douglas (Jr.)   JR    82.28     315       330     337.5   337.5     185      195     -200     195     290      300      -310     300    832.5   MS   558.6075
  2     Micah Marino          JR    77.06     225       240    -262.5    240     162.5   -182.5   -182.5   162.5    235      255      -280     255    657.5   MO   459.9213
  3     Keshun Watson         JR    75.12     200      212.5   -217.5   212.5    102.5     110     -115     110     200      215      227.5   227.5    550    MS     391.49
  1     Dan Williams          O     81.02    317.5      330      335     335      185     192.5    197.5   197.5   317.5    332.5     -340    332.5    865    WI   585.8645
  2     Knute Douglas         O     82.28     315       330     337.5   337.5     185      195     -200     195     290      300      -310     300    832.5   MS   558.6075
  3     Nicholas Guitterez    O     81.96    -290     -297.5    297.5   297.5   -207.5   -207.5    207.5   207.5   262.5     275     -282.5    275     780    TX    524.628

90kg
  1     Mike Giunta            T3   89.98      240    -265      -265     240      155     165     -177.5    165    -227.5    227.5    -245    227.5   632.5   MO   403.8512
  1     Cornelius Murchison (Jr.)
                               JR   85.86    -282.5   282.5     -295    282.5   -192.5   197.5      205     205     282.5     295     307.5   307.5    795    TX    520.407
  2     Tony Schwebach         JR   86.84     -245     250      267.5   267.5     155     160       165     165     262.5   -277.5    277.5   277.5    710    SD    461.855
  1     Erik Kasabuske          O   89.02      310    327.5     332.5   332.5     190     195       200     200      310     322.5   -332.5   322.5    855    WA     548.91
  2     Justin Walker           O    89.2     292.5    310     -317.5    310     207.5   217.5     222.5   222.5     285     -300     -325     285    817.5   MS   524.2628
  3     Cornelius Murchison     O   85.86    -282.5   282.5     -295    282.5   -192.5   197.5      205     205     282.5     295     307.5   307.5    795    TX    520.407
  4     Josh Rohr               O   88.54      270     285     -297.5    285      165    172.5     182.5   182.5    272.5    292.5   -317.5   292.5    760    GA    489.288
  5     Kristopher Hunt         O   88.68      275     290      302.5   302.5    172.5   182.5     192.5   192.5     250      265    -277.5    265     760    NY    488.908
        Lauren Cohen            O     88      -330    -330      -330      0        0                         0        0                         0       0     MA       0

100kg
  1     Luis Lopez            T2    94.76     282.5    302.5    -310    302.5     145     157.5    162.5   162.5   227.5    242.5    -257.5   242.5   707.5   TX   440.5602
  2     Sam Pope              T2    92.26      225      260    -277.5    260      120     127.5     135     135     225      250     -272.5    250     645    MS    406.737
  3     Cody Burnett          T2    96.64      220      230     237.5   237.5     140      145     -150     145     220     -230      -230     220    602.5   AK   371.9232
  4     Wyatt Skjothaug       T2    97.18      205     222.5    232.5   232.5    -110      115     132.5   132.5   197.5     215       235     235     600    AK     369.48
  1     Justin Duran          T3    97.25      275      290      300     300      190      200      210     210    257.5     265       275     275     785    TX   483.3245
  2     Ryan Murphy           T3    94.98      250      265     -275     265      160    -172.5    172.5   172.5    250     267.5    -297.5   267.5    705    WI   438.5805
  3     Caleb Koppman         T3    94.94     242.5   -252.5   -252.5   242.5   -152.5    152.5    162.5   162.5    265     -275      -275     265     670    SD    416.874
  4     Josh Wallace          T3     97.8     257.5    -270    -277.5   257.5    157.5    -175     -175    157.5    185      205      -215     205     620    LA    380.804
  1     Chris Vickery (Jr.)   JR    97.66      310      330    -342.5    330      205      215     222.5   222.5    250      265       275     275    827.5   TX   508.5815
  2     Chase Favre           JR    98.36      270      280     292.5   292.5     190      200    -207.5    200     280     -300      -300     280    772.5   LA   473.3107
  3     Luis Jaimes           JR     94.9      290      305     -320     305      200      215    -227.5    215     250     -270      -270     250     770    MA    479.171
  1     Nick Tylutki          O     98.12      325     337.5    347.5   347.5     215     222.5    232.5   232.5    300      315      327.5   327.5   907.5   MN   556.5698
  2     Chris Vickery         O     97.66      310      330    -342.5    330      205      215     222.5   222.5    250      265       275     275    827.5   TX   508.5815
  3     Cardyl Trionfante     O     91.34      275      290      300     300      180     -185     -185     180     285      300     -312.5    300     780    LA    494.286
  4     Jeffrey Thompson      O     98.92    -277.5    282.5   -292.5   282.5    192.5     200      205     205    277.5    292.5     -300    292.5    780    TX    476.814
  5     Steve Lemarie         O     95.48      275    -292.5    -295     275      125    -167.5    182.5   182.5    285      305      -315     305    762.5   LA   473.2075

110kg
  1     Devonta Montgomery    T2    100.88    275     -287.5   292.5    292.5   142.5     150     -157.5    150     250     -277.5   277.5    250     692.5   MS   420.0013
  2     Angelo Samarripa      T2     102.9    245       260    267.5    267.5   162.5     175     -182.5    175     205      220     252.5    220     662.5   TX   398.7587
  3     Garrett Chandler      T2    106.36   172.5     207.5   227.5    227.5    120     132.5     137.5   137.5   232.5     245     257.5    245      610    LA    362.889
  4     Reggie Harris      T2   106.42   -197.5   -202.5     210     210       95    -107.5    107.5   107.5    215      242.5   267.5    242.5    560     MS    333.088
  1     Kyle Ramsey        T3   106.08     305      320      335     335    -222.5   -222.5    222.5   222.5   252.5      275    282.5     275    832.5    LA   495.6705
  1     Jeff Douglas       O    109.16    -360     -360     372.5   372.5     235     -245     -245     235    302.5     312.5   327.5    312.5    920     MS    542.708
  2     Kenneth Ruben      O    108.94    342.5     350     -365     350     247.5     250     -265     250     300      312.5   327.5    312.5   912.5    NE   538.6488
  3     Jonathon Krogman   O    108.94     330    -347.5   -347.5    330      220     232.5     240     240     310       330     350      330     900     MN     531.27
  4     Jessie Betzinger   O     108.8    357.5     370    -377.5    370     207.5   -217.5   -217.5   207.5   292.5     312.5   322.5    312.5    890     WI    525.545
  5     Michael Kalter     O    107.76     310     -330     -330     310     -185      185     192.5   192.5    320     -342.5             320    822.5    ME   487.1667
  6     Patrick Johnson    O    109.68     295     -320    -332.5    295      205     227.5   -237.5   227.5    255      272.5    280     272.5    795     PA    468.255
  7     Lance Ferguson     O     109.9     300     -315     -315     300     -205     -205      205     205     270      -280     280      270     775     TX   456.2425
  8     Mark Sonnichsen    O    106.26    287.5     305     -310     305      175    -182.5   -182.5    175     275      -295     305      275     755     WA   449.3005
        Robert Schmidt     O    109.43     265     -285     -285     265     -215    -227.5   -227.5     0      250     -282.5   282.5     250      0      AK       0

125kg
  1     Cody Kennedy       T2   113.68   212.5    222.5    237.5    237.5     210    227.5    -232.5   227.5   182.5    192.5    197.5    197.5    662.5   LA   386.1712
  2     Stedman Capler     T2   118.48   -225      235     -260      235      140     160      -175     160     230      255     -270      255      650    MS    374.855
        Charlie Sorto      T2   124.86   -275     -275     -275       0        0                         0       0                          0        0     MS       0
  1     Dink Lumley        T3   118.74   -275      275     -285      275    -197.5    197.5   -202.5   197.5    205      -250     -250     205     677.5   MS    390.511
        Ian Soderquist     JR   118.92    295      320     332.5    332.5   -227.5    -235     -235      0     -295       305      320     320       0     TX       0
  1     Nick Weite         O     123.3    365     377.5     390      390      255     267.5    -275    267.5   337.5      365    -372.5    365    1022.5   MO   584.3588
  2     Gage Soehner       O     123.4    330      350     367.5    367.5    227.5    237.5    -245    237.5   272.5      295     -310     295      900    CO     514.26
  3     Wayne Druesser     O    123.52    295      320     -330      320      215    -227.5    227.5   227.5   282.5      305     -315     305     852.5   PA   487.0333
  4     Darren Barbeau     O     124.9    265     -280     -280      265      205    -212.5   -212.5    205    282.5    -302.5   -302.5   282.5    752.5   ME   428.8497

125+kg
  1     Bailey Wray        T1    150.3    -180     -180      180     180     82.5      95      -100      95      180     205      227.5   227.5    502.5   MS   277.9327
  1     Brandon Shepherd   T2   145.74    -250      255    -277.5    255     145     147.5    -182.5   147.5   -217.5   217.5      235     235     637.5   MS    354.195
  1     Jake McClary       T3   137.34    -250      250    -272.5    250     125     132.5    -137.5   132.5    257.5    265     -272.5    265     647.5   MS    362.859
  2     Robbie Haar        T3   144.98    -230     -230      240     240     125      140      -155     140      195     210     -227.5    210      590    MS     328.04
        Arron Gonzales     T3   133.24   -377.5   -377.5   -397.5     0       0                           0       0                         0        0     TX       0
  1     Brad Gillingham    O    149.32    367.5    382.5    392.5   392.5   257.5     262.5     265     265      355      375      395     395    1052.5   MN    582.664
  2     Randall Harris     O    159.38     375    -397.5    397.5   397.5   262.5      285     -290     285     337.5    -350      370     370    1052.5   TX   577.2963
  3     Jason Christus     O      152      340     357.5    -370    357.5    250      -260     -260     250      310     332.5   -347.5   332.5     940    WI    519.162
  4     Patrick Anderson   O     134.6    312.5   -337.5     350     350    247.5      260     267.5   267.5     265     282.5    -290    282.5     900    GA     505.98
  5     Byron Nichols      O    125.28   -297.5    307.5     320     320     240      -275    -282.5    240      275    -287.5    -295     275      835    TX    475.616
        Henry Thomason     O    138.24     400    -427.5    -430     400    -250     -282.5      0        0     272.5     300     -320     300       0     TX       0
