Competition Name: GBPF British Masters Classic 2014                              Venue: Horncastle                                                   Date: 15th March 2014

Lot            Name        Gender   Div. Age     B/W     Wt.             Squat                  Bench Press             Sub               Deadlift           Total      Position by
 #                                        Cat.           Class     1       2       3        1        2         3        total         1      2         3               Age & Wt cat.
 1    Anita Kidgell          F      SE    M1     50.6     52       65      70      -75     47.5       50     -52.5     120.0       100   105   112.5         232.5          1
 4    Jenny Hunter           F      EM    M2     51.5     52       60      70       80       60       65       70      150.0       110   120    125          275.0          1
 8    Pelin Baykal           F      GL    M1     55.2     57       95    102.5    -105     57.5     -62.5    -62.5     160.0       125   135   -145          295.0          1
 2    Elizabeth Street       F      WM    M1     54.5     57       75      80     -87.5      45       50      -55      130.0        95  102.5 115            245.0          2
12 Debbie Macdonald          F      WM    M1     53.5     57       75      80     -87.5      45       50      -55      130.0        95  102.5 -117.5         232.5          3
13 Beverley Rodgers          F      SM    M1     61.3     63     82.5     -90      92.5    62.5      67.5      70      162.5       120   130   -135          292.5          1
15 Carole Blanchflower       F      NW    M1     59.8     63      -85      85       90     47.5      -50     -52.5     137.5        95  102.5 110            247.5          2
 9    Joanne Barnes          F      YNE   M1     66.9     72      110    117.5     125     57.5      62.5    -65.0     187.5      130.0 137.5 140.0          327.5          1
 3    Wendie Kirkland        F      NM    M1     69.8     72     102.5    110     117.5    62.5      67.5    -70.0     185.0      125.0 132.5 -137.5         317.5          2
 6    Jennifer Aulman        F      WM    M1     66.4     72     92.5     100      105       60      62.5    -65.0     167.5      130.0 142.5 -147.5         310.0          3
11 Sue Giles                 F      NM    M2     71.2     72       75      80       85     52.5      -60     -60.0     137.5      105.0 115.0 -120.0         252.5          1
19 Helen Toms                F      SW    M1      80      84      105    112.5    -120      -55       55     -60.0     167.5      127.5 137.5 -142.5         305.0          1
10 Jo Whiteley               F      NW    M1     80.6     84      -90     -90       90       60       65      67.5     157.5      120.0 130.0 135.0          292.5          2
18 Karen Towersey            F      NM    M1     79.9     84       90      95      100       55      57.5    -60.0     157.5      120.0 130.0 -135.0         287.5          3
 7    Karen Richardson       F      YNE   M2     96.3     84     -130     130      140     57.5      62.5     67.5     207.5       150   160    170          377.5          1
14 Jackie Blasbery           F      EM    M2     81.2     84      100     120        0       60       75       0.0     195.0      120.0 140.0   0.0          335.0          2
16 Julie Wright              F      YNE   M2     79.7     84       85      90      -95       50      52.5    -55.0     142.5      110.0 117.5 122.5          265.0          3
 1    Bill Taylor            M      NM    M2     64.5     66      105     115     122.5      80       85      87.5     210.0       130   140   147.5         357.5          1
 3    Ted Byrne              M      NM    M3     64.6     66      125     135     -144       80       85     -87.5     220.0       175   185    195          415.0          1
20 Roger Powell              M      NM    M4     63.9     66       80      90      100       50       60       65      165.0       130   140    150          315.0          1
 5    Kevin Wooldrage        M      Sc    M1     71.4     74      160     170    -172.5     110      115    -117.5     285.0       185   195    200          485.0          1
 2    Wayne Reid             M      Sc    M1      73      74      155    162.5    -165      -95      100      105      267.5       195  -200   -200          462.5          2
13 Michael Coopy             M      YNE   M2     71.7     74      140     150      160       80       90      100      260.0       150   170    185          445.0          1
 6    Alan Twigg             M      YNE   M3      72      74       80      90      100      100      105     -110      205.0       165   185    190          395.0          1
 4    Desmond Scott          M      NI    M4     71.1     74      -95      95      105     67.5       75      77.5     182.5       140   150    155          337.5          1
16 Martin Smith              M      SW    M1     81.3     83      180     190     -200      145      155    -157.5     345.0       210   220 -227.5          565.0          1
11 Alan Joseph               M      GL    M1      82      83      170     180      190    -117.5   -117.5    117.5     307.5       230   245 -247.5          552.5          2
 7    David O’Brien.         M      YNE   M1     81.5     83     182.5   192.5    -200     127.5    132.5    -135      325.0       220   225 -227.5          550.0          3
10 Gary Lovett               M      YNE   M1     81.6     83      135     145     152.5     115      120     -125      272.5       190  -200   -200          462.5          4
 9    Graeme Wilkins         M      Sc    M1     81.1     83     -160     160    -167.5    92.5      97.5    -100      257.5       185  -195   -195          442.5          5
18 Andy Stevenson            M      YNE   M2     82.7     83      150    -160      160       90      100     107.5     267.5       170   180   -185          447.5          1
12 Glyn Belsher              M      NM    M2     82.3     83      135    142.5     145       85      -90       90      235.0       140   150   -160          385.0          2
14 Grant Sugarman            M      EM    M2     81.1     83     -175    -180       0.0     115      120     -125      120.0       230   235   -240          355.0          3
 0    John Reeves            M      SE    M3     81.2     83      115     125      130       90       95     -100      225.0       135   145    150          375.0          1
15 Ernie Parkes              M      GL    M4     81.4     83      150     160      170       90       95        0      265.0       210   220     0           485.0          1
11 Tim Wheeler               M      GL    M1     92.5     93      190    202.5    -210     102.5    107.5   -112.5     310.0       225  242.5 -255           552.5          1
 8    Brian Ling             M      SE    M1     91.4     93      170    177.5       0      100     107.5    112.5     290.0       175  187.5 200            490.0          2
 1    Andy Bonner            M      SM    M2      91      93      210    227.5    247.5     135      150     -160      397.5      242.5 272.5    0           670.0          1
 6    Chris Cooper           M      YNE   M2     91.7     93      180     190     -200     142.5    147.5     150      340.0       210  222.5 230            570.0          2
 2    Mark Macey             M      SE    M2     90.4     93      175     185     -195      115      125     127.5     312.5       190   205   -210          517.5          3
 4    Adrian Phillips        M      W     M2     87.4     93      140    -150      150      100      105     -110      255.0       205  -215    215          470.0          4
 3    Harold Houldershaw     M      NM    M2     92.2     93      140     150     157.5      85       90      -95      247.5       150   160    170          417.5          5
10 Kevin Jane                M      EM    M3     91.8     93      200      0         0      125       0         0      325.0       240    0      0           565.0          1
19 John Wright               M      YNE   M1     103.1   105      200     215      225      145     152.5    -160      377.5       240  252.5 260            637.5          1
30 Dave Allen                M      WM    M1     101.5   105      155    167.5     175      125     132.5    -135      307.5       225    0      0           532.5          2
18 Justin Jakubait           M      SE    M1     95.4    105      180    -190      190      125      130     -135      320.0       180   195   -200          515.0          3
13 Scott Chafer              M      YNE   M1     98.9    105      190    -205     -205      105    -112.5    112.5     302.5       200 -207.5 207.5          510.0          4
17 Steve Blackwell           M      SE    M2     100.2   105      205     215     222.5     145      150      155      377.5       265  282.5 295            672.5          1
16 Marc Giles                M      NM    M2     103.2   105      215     225        0      160    -170.5   -170.5     385.0       250   260 -277.5          645.0          2
12 Arthur Cowley             M      Sc    M2     100.6   105     217.5    230     -235      140     147.5     150      380.0       210   240   -260          620.0          3
14 Barry Gordge              M      GL    M2     102.5   105      200     205      215      135     -140      140      355.0       210   230   -235          585.0          4
22 Colin Wright              F      NI    M1     117     120      265     280      290      170     177.5     180      470.0       305   315   -320          785.0          1
23 Andy Rodney               F      EM    M1     118.9   120     232.5   262.5    282.5     165      175     182.5     465.0       230   270   -280          735.0          2
20 Ian Spencer               M      YNE   M2     117.9   120      220     235     -245      130      140     -145      375.0       200   220   -225          595.0          3
21 Ian Finch                 M      EM    M2     109.7   120      175     185    -192.5     110     117.5     120      305.0       210   220 -227.5          525.0          4
28 Lee Richards              M      SE    M1     127.5   120+     205     215      220      155      165     172.5     392.5       240  242.5    0           635.0          1
26 Bob Saddler               M      Wa    M2     121.4   120+     190     210     -230      135     142.5     150      360.0       220   240    260          620.0          1
27 Peter Ratcliffe           F      NW    M2     130     120+     220     230    -242.5     120      130     -140      360.0       220   240   247.5         607.5          2

                                                                                                            red text        Failed lift                         British Record
