M/W Nbr,Class BW Name,,,Gym,,SQUAT,SQ,BENCH PRESS,BP,Sub.,,DEADLIFT,,DL Tot.,,,Points,Place,SQ,BP,DL
"",,,,,1.,2. 3.,Result,1. 2. 3.,Result,Tot.,1.,2.,3.,Result Result,,,,,4.,4.,4.
"",Novice 3 Lift Group 1,,,,,,,,,,,,,,,,,,,,
m,M2100 99.70 John Gyenge,,,,100.0 115.0 135.0 135.0 100.0 107.5 115.0 107.5 242.5 140.0 155.0 167.5 155.0 397.5,,,,,,,,,,,,242.20,1.,,,
m,M2 82.5 82.40 John Rivers,,,,170.0 180.0 190.0 190.0 115.0 120.0 120.0 120.0 310.0 175.0 190.0 200.0 200.0 510.0,,,,,,,,,,,,341.90,1.,,,
m,OM 90 87.70 Tavita Lipine,,,,100.0 140.0 180.0 180.0 100.0 120.0 130.0 130.0 310.0 100.0 160.0 190.0 190.0 500.0,,,,,,,,,,,,323.55,1.,,,
w,OW 75 69.40 Lyndell Neho,,,,82.5,90.0 90.0,90.0,52.5 55.0 60.0,55.0 150.0 100.0 105.0 107.5 107.5 252.5,,,,,,,,252.70,1.,,,
m,OM 110 108.00 Mike Iovine,,,,180.0 205.0 220.0 220.0 155.0 160.0 175.0 175.0 395.0 235.0 265.0 280.0 280.0 675.0,,,,,,,,,,,,399.53,1.,,,
m,OM 125+ 126.00 John Tristram,,,,125.0 150.0 165.0 165.0 115.0 125.0 135.0 125.0 290.0 140.0 170.0 200.0 200.0 490.0,,,,,,,,,,,,278.76,1.,,,
m,OM 75 73.40 Ron lal,,,,100.0 110.0 120.0 120.0,,,70.0 80.0 90.0,90.0 210.0 130.0 140.0 150.0 150.0 360.0,,,,,,,,260.46,1.,,,
m,OM 110 109.40 Clinton haste,,,,100.0 185.0 230.0 185.0 100.0 120.0 140.0 140.0 325.0 100.0 160.0 190.0 190.0 515.0,,,,,,,,,,,,303.59,2.,,,
m,Jr 82.5 77.60 Kyle Duddley,,,,100.0 120.0 140.0 140.0,,,90.0 110.0 110.0,90.0 230.0 120.0 140.0 160.0 160.0 390.0,,,,,,,,271.56,1.,,,
"",,Novice Bench Press Group 2,,,,
m,M1 100,94.30 Andrew Curry,110.0 120.0 120.0 120.0,120.0,74.89,2.
m,Jr 125+ 127.50 Matt Rowland,,120.0 140.0 150.0 150.0,150.0,85.14,1.
m,OM 110,104.00 Craig Scoble,120.0 140.0 160.0 140.0 140.0,140.0,83.94,1.
m,Jr 90,89.30 Jeremy Broad,120.0 120.0 130.0 130.0,130.0,83.33,1.
m,Jr 75,74.00 Dan Beddis,80.0 90.0 100.0 90.0,90.0,64.74,1.
m,Jr 90,86.40 Adam Keys,100.0 120.0 125.0 120.0,120.0,78.28,2.
m,M1 100,95.30 Russell Oliver,110.0 120.0 127.5 127.5,127.5,79.19,2.
m,sbjr 82.5,81.70 Hayden Williams,90.0 100.0 110.0 100.0,100.0,67.39,1.
m,OM 110,105.60 Zane Wairama,130.0 140.0 140.0 140.0,140.0,83.50,2.
m,M2 90,85.00 Bruce Dyhrberg,90.0 100.0 110.0 100.0 100.0,100.0,65.83,1.
m,OM 82.5,77.00 Nick De Martin,100.0 120.0 130.0 130.0 130.0,130.0,90.99,1.
