            15-Jun-13                                                                               GPC Nationals
                                                BWt    WtCls Glossbren   Squat   Squat   Squat    Squat Bench Bench Bench Bench Deadlift Deadlift Deadlift Deadlift                   Coeff
                   Name            Age   Div                                                                                                                        PL Total                   Events
                                                (Kg)   (Kg)     ner       1       2       3        4      1     2     3     4      1        2        3        4                       Score

                Marlon John        22    M-OR   55      56     0.9096    115     125      130     135     80      85      -87.5             130     137.5   -141              352.5   320.62    PL
               Chris Stamatiou     23    M-OR   67.5   67.5    0.7484    205     215     222.5           135     142.5    -147.5            230     245     -250              610.0   456.52    PL
              Yianni Magoulias     21    M-OR   67.2   67.5    0.7513    200     -210     210            120      125     127.5             220     230      240     -245.5   577.5   433.85    PL
                 Aris Juico        24    M-OR   67.1   67.5    0.7522    170     180                     110     -115     -115              185     195     -202.5            485.0   364.82    PL
             Jesse Markopoulos     19    M-OR   66.7   67.5    0.7561    165     170     -175            105      110     -115.5            180     192.5   -202.5            472.5   357.26    PL
                Luke Bender        25    M-OR   67.2   67.5    0.7513    120     -125     125             95      100     -105              180     190     202.5             427.5   321.16    PL
                Gary Young         30    M-OR   73.1    75     0.7019    210     -225    -227.5          125     -135      135              242.5   252.5   -261              597.5   419.39    PL
               Robbie Tissera      24    M-OR   75      75     0.6886    215                             127.5   132.5    -135              215     227.5   232.5             580.0   399.36    PL
             Darwin Suteerawanit   17    M-OR   73.5    75     0.6990    195     205     -210            105      110     112.5             245     255     260.5             578.0   404.02    PL
                 Allen Ozdil       19    M-OR   74.2    75     0.6940    195     210     -220.5          112.5   -122.5   122.5    -131.5   200     220      225     -235     557.5   386.91    PL
                Michael Watt       30    M-OR   71.1    75     0.7173    165     175      180            120      130     -140              210     220      230              540.0   387.32    PL
              James Ambrose        61    M-OR   72.9    75     0.7073    160     170     -175            120      125     -130              220     -225    -225              515.0   364.23    PL
                Trent Nguyen       35    M-OR   74.9    75     0.6928    180     -190    -195            115      125     127.5    -130.5   185     195      200              507.5   351.57    PL
                  Ivan Ho          25    M-OR   71.8    75     0.7117    160     170     -177.5          115      120      125              160     170     177.5             472.5   336.28    PL
              Michael Hamilton     19    M-OR   69.9    75     0.7315    140     145     152.5           87.5     95      -102.5            165     172.5   182.5             430.0   314.55    PL
                Paul Thomas        43    M-OR   71.9    75     0.7150    135     155      160            82.5    87.5      90               160     170      180              430.0   307.45    PL
              Daniel Distefano     19    M-OR   70.7    75     0.7205    120     -130    -130             -90     95       100              150     162.5   167.5             387.5   279.17    PL
              James McNaught       38    M-OR   82.2   82.5    0.6462    -250    250     -262.5          180      185     -190              270     280     -285              715.0   462.00    PL
               Martin Nguyen       20    M-OR   81.9   82.5    0.6504    245     -255    -255            155     -160      160              260     282.5   -295              687.5   447.15    PL
                Greg Fraser        30    M-OR   82.4   82.5    0.6451    230     250     260.5           130      140      145              250     270     -285              675.5   435.77    PL
              Ben Bouchereau       27    M-OR   79.2   82.5    0.6624    235     245      255            140      150     157.5             230     237.5   -242.5            650.0   430.53    PL
                 Ben Cove          30    M-OR   80.9   82.5    0.6557    190     200      210            112.5    120     127.5             240     250     -257.5            587.5   385.22    PL
                 Dan Rucci         34    M-OR   82.5   82.5    0.6446    215     220      225            125      130     -135              205     215      220              575.0   370.65    PL
               Eddy Dargham        33    M-OR   82.5   82.5    0.6446    -190    -190     190            105     112.5    -117.5            240     255      265              567.5   365.81    PL
                 Bill Harnett      41    M-OR   80.2   82.5    0.6567    170     190     -200            115     -125      125              200     220      231      240     546.0   358.56    PL
                Liam Thomas        24    M-OR   80.6   82.5    0.6545    170     180      190            110      115      120              210     220      230              540.0   353.43    PL
                Chris Davey        30    M-OR   79.8   82.5    0.6590    150     185      200             90      95      -100              215     230      240              535.0   352.54    PL
                 Sam Nayef         28    M-OR   82     82.5    0.6472    -185    185      200            105      110     -115              200     -220     220              530.0   342.99    PL
              Daniel Inderwisch    38    M-OR   78     82.5    0.6694    -175    175     -185            -140     140      150              200     -210    -210              525.0   351.41    PL

Chief Referee                                                                                    Side Referee                                                                                         Side Referee
________________________                                                                  ________________________                                                                       ________________________
________________________                                                                  ________________________                                                                       ________________________
            15-Jun-13                                                                              GPC Nationals
                                               BWt    WtCls Glossbren   Squat   Squat    Squat   Squat Bench Bench Bench Bench Deadlift Deadlift Deadlift Deadlift                Coeff
                   Name           Age   Div                                                                                                                        PL Total                Events
                                               (Kg)   (Kg)     ner       1       2        3       4      1     2     3     4      1        2        3        4                    Score

                Daniel Menz       26    M-OR   81     82.5    0.6524    180     -192.5   192.5          105      110      115           190     202.5   -210              510.0   332.70    PL
               Jonathan Chu       22    M-OR   80.6   82.5    0.6545    170      185     -200            95      105     -110           180     192.5    200              490.0   320.71    PL
              Andrew Johnson      38    M-OR   82.5   82.5    0.6446    150      160     175             80     87.5      90            202.5   212.5    220              485.0   312.63    PL
              Daniel Patience     19    M-OR   81.5   82.5    0.6498    140      155     160             80     102.5     105           170     190     -200              455.0   295.64    PL
              Andrew Nguyen       28    M-OR   81.3   82.5    0.6508     75                             145     -155     -155           220     230     -240              450.0   292.86    PL
                Rowan Pratt       25    M-OR   81.8   82.5    0.6482    100     117.5    125            -87.5   97.5     -102.5         177.5   192.5    200              422.5   273.86    PL
               David Madeley      52    M-OR   81.5   82.5    0.6498    115     132.5    140            82.5     90      97.5     105   160     172.5   177.5             415.0   269.65    PL
               Adrian Zwaan       75    M-OR   81.7   82.5    0.6487     85      90       95             70      75      77.5           140     150     -160              322.5   209.21    PL
                Ariel Dencio      24    M-OR   89.8    90     0.6126    265     -286     -286           182.5   192.5    -200           280     -295    -295              737.5   451.79    PL
              Max Markopoulos     21    M-OR   89.3    90     0.6146    250      265     270            155      165      170           240     252.5    260              700.0   430.19    PL
                Albert Ozdil      16    M-OR   88.5    90     0.6177    240.5    260     -265           140.5   147.5     150           242.5   260.5    265     -272.5   675.0   416.95    PL
              Declan Bradbury     21    M-OR   88.6    90     0.6173    230      240     250            135     142.5     150           255     265     -277.5            665.0   410.50    PL
                Nat Hodges        23    M-OR   89.2    90     0.6149    245      255     260            130      135      140           240     252.5   -257.5            652.5   401.22    PL
                 Adam Lam         31    M-OR   89.6    90     0.6134    220      240     -260           130      140     -150           240     260     -272.5            640.0   392.54    PL
                Erros Chiodo      25    M-OR   89.6    90     0.6134    200      210     -220           120      130     -135           260     280     -290              620.0   380.28    PL
              Conor Zykowski      17    M-OR   89.6    90     0.6134    230      240     -250           115      120     -125           230     240      245              605.0   371.08    PL
                 Dylan Hart       23    M-OR   87.6    90     0.6214    200      210     -220           120     -130     -130           250     260     -270              590.0   366.60    PL
                 Jo Ravalo        44    M-OR   89.1    90     0.6153    190     -200     200            150     -157.5   -157.5         195     205      215              565.0   347.64    PL
                Lee Gamble        34    M-OR   89.9    90     0.6143    190      200     210            105      110     112.5          220     230      240              562.5   345.52    PL
                 Paul Rucci       34    M-OR   89.7    90     0.6130    -200     205     210            120      125     -130           190     205      210              545.0   334.09    PL
              Luke Woolnough      24    M-OR   88.6    90     0.6173    185      200     -205           105     112.5     120           195     210      220              540.0   333.34    PL
               Gareth Walsh       29    M-OR   89.9    90     0.6143    170      180     -190            90      95       100           210     220     227.5             507.5   311.73    PL
                 Tim Wise         29    M-OR   88.9    90     0.6182    160      170     -180           105     -112.5   112.5          210     220     -230              502.5   310.62    PL
              Kristos Papanotis   18    M-OR   66.5   67.5    0.7581    205     -225     -225           110      115     117.5          -220    -230    -230                                PL




Chief Referee                                                                                   Side Referee                                                                                      Side Referee
________________________                                                                 ________________________                                                                    ________________________
________________________                                                                 ________________________                                                                    ________________________
