26-Sep-15            UPA Fall Barbender-Lb Results
                                 BWt    WtCls                                                 Best                                Best    Sub     Deadlift Deadlift Deadlift Deadlift  Best                 Coeff
       Name          Age   Div                  Schwartz   Squat 1 Squat 2 Squat 3 Squat 4             Bench 1 Bench 2 Bench 3                                                                   PL Total           Pl-Div-WtCl
                                 (Kg)   (Kg)                                                  Squat                              Bench    Total      1        2        3        4     Deadlift              Score
Elizabeth Goodson    31     F-R  71.6    75     0.6898     242.51   259.04    275.58   0      275.58    143.3 -165.35 165.35     165.35   440.92 286.6 303.13 319.67 330.69            319.67 760.587    237.981   1-F-R-75
Jeanette Dubriel     44     F-R 87.99    90     0.5935     198.41   214.95    231.48 242.51   231.48   104.72 115.74 132.28      132.28   363.76 220.46 253.53 275.58   0              275.58 639.334    172.115   1-F-R-90
Ashley Neal          32     F-R 106.8   110     0.5408     248.02   275.58    303.13 325.18   303.13    143.3 154.32 -170.86     154.32   457.45 259.04 281.09 308.64 325.18           308.64 766.0985 187.928    1-F-R-110
Jeff Shellenberger   40    M-MP 120.4   125     0.5266     699.96   804.68   -848.77   0      804.68   407.85 457.45 468.48      468.48   1273.2 600.75 661.38 -688.94  0              661.38 1934.5365 462.0915 1-M-MP-125
Vinny Valdez         33    M-R    82    82.5    0.6219     242.51   253.53    275.58   0      275.58   242.51 259.04 -275.58     259.04   534.62 270.06 297.62 341.71   0              341.71 876.3285 247.20525 1-M-R-82.5
Matthew Lacy         32    M-R   87.3    90     0.5965     485.01   507.06   -534.62   0      507.06    286.6 308.64 -325.18     308.64    815.7 485.01 512.57 -534.62  0              512.57 1328.2715 359.39125 1-M-R-90
Emilio Soto          23    M-R   109    110     0.5377     248.02   402.34   -451.94   0      402.34   231.48 -264.55 264.55     264.55   666.89 -556.66 556.66 600.75  0              600.75 1267.645 309.1775 1-M-R-110
Clint McCord         25    M-R   101    110     0.5517     369.27   391.32    413.36   0      413.36   253.53 281.09 303.13      303.13    716.5  429.9 462.97 485.01   0              485.01 1201.507 300.6765 2-M-R-110
Jeff Jones           26    M-R   119    125     0.5279     440.92   462.97   -501.55   0      462.97   363.76 385.81 396.83      396.83   859.79 485.01 518.08 545.64   0              545.64 1405.4325 336.53625 1-M-R-125
