  26/12/2016                                                               London Divisionals 20161119
                            Bwt    WtCls                                         Best                           Best   Sub                              Best
Name                Team                 lot#    Age     SQ-1    SQ-2    SQ-3            BP-1   BP-2    BP-3                   DL-1    DL-2    DL-3             Total   Wilks     Placing
                            (kg)    (kg)                                          SQ                             BP    Total                             DL

Sabrina Shah        UCLU    46.4    47    1      U23     82.5    87.5    92.5    92.5     55    57.5    -60     57.5   150     100     107.5    115     115     265     359.685      1
Shannon Tong        QMUL    46.1    47    26     U23      90     -97.5   -97.5    90      45    -50      50      50    140      95     105     112.5    112.5   252.5   344.309      2
June Stamp          BGWLC   46.5    47    17     M1      67.5     -70    -72.5   67.5     30     35     -37.5    35    102.5    85      95     -100      95     197.5   267.672      3
Tiarna Pearce        BB     51.2    52    32     U23     100     105     110     110      45    47.5    -50     47.5   157.5   107.5   112.5   -115     112.5   270     340.632      1
Emma Rafferty        CT     50.3    52    29     U23     77.5     85      90      90      50    52.5     55      55    145     87.5     95      100     100     245     313.306      2
Chantal Pearson     QMUL    50.8    52    8     Senior   87.5    92.5     95      95     42.5    45     -47.5    45    140     100     -105     105     105     245     310.954      3
Suzana Sorokova     QMUL    55.5    57    7     Senior   100     107.5   -115    107.5    55     60     -62.5    60    167.5   115     120     122.5    122.5   290     343.621      1
Thea Gausel          CT     54.8    57    24    Senior    90      -95     95      95      50    52.5    -55     52.5   147.5   125     132.5 -142.5 132.5       280     335.076      2
Ellen Brooker        CT     54.5    57    40     U23      60      65     -67.5    65      40     45     47.5    47.5   112.5    90     97.5    102.5    102.5   215     258.409      3
Leah Grant          BGWLC   62.3    63    2     Senior   127.5   135     140     140      70     75      0       75    215     145     155      160     160     375     406.162      1
Rima Baki            un/o   60.4    63    20    Senior   105     112.5   120     120     62.5   67.5    -70     67.5   187.5   110     122.5    130     130     317.5   352.171      2
Moa Wikner          BGWLC   60.2    63    21     U23     105     -115    -115    105      60     65     67.5    67.5   172.5   125     135      140     140     312.5   347.500      3
Sarah French        UCLU    61.4    63    31    Senior   105     110     112.5   112.5   57.5   62.5    -65     62.5   175     110     120     -125     120     295     323.084      4
Vicky Stewart        BB     62.9    63    27    Senior    95     100     105     105      50    52.5     55      55    160     105     110     -112.5   110     270     290.331      5
Angeli Dahab         un/o   61.9    63    4      U23      95     105     -110    105     32.5    35     -40      35    140      95     105     -112.5   105     245     266.658      6
Allison Jones       BGWLC   60.7    63    25     M2       65      70      75      75     42.5   -47.5    50      50    125     100     110      115     115     240     265.176      7
Eno Majomi          GFnP    67.4    72    33     M1      127.5   135     145     145     67.5    75     -80      75    220     135     145      155     155     375     383.138      1
Leonie Fraser       GFnP    71.4    72    11     U23     100     110     115     115      55     60     62.5    62.5   177.5   112.5   120      130     130     307.5   301.811      2
Diane Stockwell     PCPC    68.9    72    30     M1       95     100     102.5   102.5   57.5    60     62.5    62.5   165     105     112.5   117.5    117.5   282.5   284.167      3
Caoileann Appleby    SA     66.8    72    10    Senior    90      95     -100     95     52.5   57.5    -60     57.5   152.5   115     122.5 -127.5 122.5       275     282.783      4
Sarah Griffiths      BB     71.9    72    28     U23     97.5    105     107.5   107.5   42.5    45     -47.5    45    152.5   102.5   110     -115     110     262.5   256.436      5
Deborah Akinpelu             un/o   64.7   72    5    Senior     -87.5   87.5    92.5    92.5    42.5    45     47.5    47.5    140     90    97.5    107.5   107.5   247.5   260.543   6
Maria Julia Herrera Sawai    CT     70.1   72   37    Senior     72.5     80      85      85      40     45     47.5    47.5    132.5   105   110     115     115     247.5   245.990   7
Paola Roccuzzo               BB     84     84   34      M1       130     137.5    0      137.5    65     70      0       70     207.5   140   150     160     160     367.5   327.700   1
Suzy Taljard                 CT     81.2   84   14     U23       105     112.5   117.5   117.5   57.5   62.5    -65     62.5    180     135   145     150.5   150.5   330.5   299.962   2
Radha Balani                 BB     82.9   84   35    Senior     112.5   117.5   120     120     57.5    60     62.5    62.5    182.5   130   137.5   142.5   142.5   325     291.753   3
Julia Stent                 GFnP    79.4   84    6    Senior     102.5   110     -115    110     52.5    55     60       60     170     120   130     135     135     305     280.265   4
Sarah Broadbent-Spence       SA     78.4   84   13    Senior      90     97.5    105     105      40     45     47.5    47.5    152.5   110   120     -125    120     272.5   252.226   5
Ravi Sharma                  un/o   58.4   59   39     U23       100     110     115     115      95    -107.5 -107.5    95     210     180   -200    -200    180     390     341.055   1
Harry Mackintosh            MWC     64.4   66   41      M4        70      80      -90     80     -40    42.5    47.5    47.5    127.5   145   155     -160    155     282.5   226.396   1
Giuseppe Merlerati           un/o   73.4   74   lot# Age Class   170     -180    -180    170     110    -117.5 -117.5   110     280     220   230     -240    230     510     368.985   1
Stuart Payne                BGWLC   72.6   74   18    Senior     145     155     162.5   162.5   117.5 -122.5 122.5     122.5   285     190   210     -215    210     495     361.004   2
Adam Holmes                  un/o   70.5   74   16    Senior     140     155     165     165     -105    115   -122.5   115     280     170   185     195     195     475     354.017   3
Andy Tanaka                  un/o   73.8   74   43     U23       145     -155    -155    145     105    -112.5 -112.5   105     250     175   185     -200    185     435     313.505   4
Aiham Kasem                  un/o   72.9   74   12     U18       140     -150    150     150     -90     90     95       95     245     160   170     180     180     425     309.018   5
Jahan Miah                  UCLU    66.8   74   23     U23       140     150     155     155     87.5   92.5    -100    92.5    247.5   145   150      0      150     397.5   309.056   6
Thomas Gilbert               BB     72.8   74   15    Senior     112.5   120     -125    120      90     95     100     100     220     145   155     160     160     380     276.564   7
Jonathon Rose               BGWLC   69.2   74   22    Senior     100     110     115     115      75    82.5    87.5    87.5    202.5   125   135     142.5   142.5   345     260.854   8
  26/12/2016                                                                          London Divisionals Sun
                               Bwt    WtCls                                          Best                            Best    Sub                             Best
Name                   Team                 lot#   Age      SQ-1     SQ-2    SQ-3            BP-1    BP-2    BP-3                    DL-1   DL-2    DL-3             Total   Wilks         Placing
                               (kg)    (kg)                                           SQ                              BP     Total                            DL

Aymen Alhassan          un/o   80.9    83    42     U23      185     195     205     205      130    137.5   142.5   142.5   347.5   240    252.5   262.5    262.5   610     413.519   1-M-C-Sen-83-PL
Lee Gray                un/o   80.8    83    25    Senior    180     190     200     200     -140    140      0      140     340     200    210     -235     210     550     373.175   2-M-C-Sen-83-PL
Alan Joseph            BGWLC   83      83    5      M2       180     190     200     200      110    115     120     120     320     210    -230     230     230     550     367.125   3-M-C-Sen-83-PL
Matthew Lindsay         un/o   81.8    83    22     U23      190     -200    202.5   202.5   117.5   125     -130    125     327.5   -190   200      210     210     537.5   361.952   4-M-C-Sen-83-PL
Leo Doubble            BGWLC   82.9    83    33    Senior    170     -180    180     180      115    117.5   -120    117.5   297.5   215    225      235     235     532.5   355.710   5-M-C-Sen-83-PL
John Carter             CT     82.5    83    1     Senior    180     190     195     195      100    107.5   110     110     305     210    225     -235     225     530     355.047   6-M-C-Sen-83-PL
Michal Strzelecki       BB     82      83    23    Senior    160     167.5   172.5   172.5    125    130     132.5   132.5   305     205    215     -225     215     520     349.648   7-M-C-Sen-83-PL
Lukas Aziri            BGWLC   81.3    83    38    Senior    170     175     180     180     -107.5 107.5    -110    107.5   287.5   210    220      230     230     517.5   349.778   8-M-C-Sen-83-PL
Jonathan Jennings      PCPC    81.3    83    30    Senior    160     170     180     180      110    115     120     120     300     190    205      215     215     515     348.088   9-M-C-Sen-83-PL
Theo Warren            QMUL    81.4    83    2      U23      165     175     180     180     112.5   115     117.5   117.5   297.5   210    215     -217.5   215     512.5   346.143   10-M-C-Sen-83-PL
David Rapazzini        PCPC    81      83    14    Senior    145     155     165     165      100    105     110     110     275     175    195      210     210     485     328.539   11-M-C-Sen-83-PL
Omar Bakhshi            un/o   82.2    83    35    Senior    140     150     -160    150     82.5    87.5     -95    87.5    237.5   190    200     -205     200     437.5   293.738   12-M-C-Sen-83-PL
Jonathan Oviasu        BGWLC   83.9    93    37    Senior    205     215     220     220      110    117.5   120     120     340     220    240      260     260     600     397.980   4-M-C-Sen-93-PL
Peter onyemenam         un/o   89.3    93    27     U23      165     180     200     200      95     -105    110     110     310     200    220      240     240     550     352.550   9-M-C-Sen-93-PL
Freddie Maguire-King   PCPC    89.6    93    4     Senior 172.5      182.5   192.5   192.5    120    127.5   135     135     327.5   190    210     222.5    222.5   550     351.890   10-M-C-Sen-93-PL
Thomas Page             un/o   91.3    93    39     U23      160     170     -180    170      105    110     115     115     285     210    222.5   -235     222.5   507.5   321.654   12-M-C-Sen-93-PL
Michael Pierides        un/o   85.4    93    20     U18     -157.5   165     175     175      -95    100     107.5   107.5   282.5   155    167.5   177.5    177.5   460     302.036   13-M-C-Sen-93-PL
Ty Burridge-Oakland     un/o   91.2    93    12    Senior    150     -165    -170    150      90     100     -105    100     250     160    180     -200     180     430     272.706   14-M-C-Sen-93-PL
Andrea Sperini          un/o   86.9    93    28    Senior    135     -145    150     150      105    -115    -115    105     255     145    160      170     170     425     276.378   15-M-C-Sen-93-PL
Charlie Keen            un/o   91.5    93    24     U23       0                       0      107.5   115     120     120       0      0                       0       0       0.000
Harry Davies            un/o   90.4    93    16     U23       0                       0       130    135     142.5   142.5     0      0                       0       0       0.000
Ronald Karim        QMUL      91.6     93    18   Senior   210     220   -235    220     150      160     165     165    385     225      240     250     250     635     401.828   1-M-C-Sen-93-PL
Diego Martinez-Rodney BGWLC    91      93    31   Senior 212.5 -222.5    -230    212.5   130     137.5    145     145    357.5   242.5   262.5   272.5    272.5   630     399.987   2-M-C-Sen-93-PL
Lewis Ball           un/o     92.6     93    6     U23     220     230   -240    230     135     142.5    150     150    380     230      250    -260     250     630     396.585   3-M-C-Sen-93-PL
Ben Carley          QMUL       90      93    13   Senior   200     210   220     220     120      130    -137.5   130    350     230      250    -255     250     600     383.040   5-M-C-Sen-93-PL
Lou Bichard        BGWLC      91.8     93    15    U23     205     215   225     225     127.5    135     140     140    365     210      225    -227.5   225     590     372.939   6-M-C-Sen-93-PL
Carl Raghavan       PCPC       91      93    32   Senior   180     190   200     200     120      130     140     140    340     210      230     245     245     585     371.416   7-M-C-Sen-93-PL
Ivan Otim          BGWLC       91      93    29    U23     -170    170   180     180     115      120    -122.5   120    300     235      255    272.5    272.5   572.5   363.480   8-M-C-Sen-93-PL
Alex Chalkley       UCLU      92.2     93    9    Senior   185     190   192.5   192.5   110      115    -117.5   115    307.5   240     -252.5 -252.5    240     547.5   345.363   11-M-C-Sen-93-PL
George Seeger      BGWLC      105     105    41   Senior   -235    240   -250    240     180     -185     185     185    425     -290    -290     290     290     715     427.284   1-M-E-Snr-105-PL
Thomas Celestin    BGWLC      100.3   105    43    M1      232.5   245   250     250     120     -125      0      120    370     285     307.5   -315     307.5   677.5   411.852   1-M-C-Sen-105-PL
Lucas Tavros        QMUL      105     105    3    Senior   -205    205   212.5   212.5   120     -125    -125     120    332.5   265     277.5 -292.5 277.5       610     364.536   2-M-C-Sen-105-PL
Tim Wheeler           BB      103.4   105    40    M1      210     220   227.5   227.5   110      115    -120     115    342.5   225     242.5   257.5    257.5   600     360.540   3-M-C-Sen-105-PL
Kieran Stubbings   BGWLC      103.4   105    21    U23     180     190   195     195     120      125     130     130    325     190      210     215     215     540     324.486   4-M-C-Sen-105-PL
Oliver Hexter      BGWLC      99.8    105    36   Senior   170     180   187.5   187.5   120      125     130     130    317.5   195      205    212.5    212.5   530     322.823   5-M-C-Sen-105-PL
Diell Zejnullahu     MWC      102.2   105    7     U18     145     155   165     165     107.5    115    -122.5   115    280     190      210    -230     210     490     295.715   6-M-C-Sen-105-PL
Alistair Murdoch    PCPC      110     120    45    M1      180     205   220     220     200     -215     215     215    435     240      260    -265     260     695     409.008   1-M-C-Sen-120-PL
Elliot Davis       BGWLC      116.4   120    8    Senior   190     210   215     215     122.5   132.5 -137.5 132.5      347.5   215      235    -237.5   235     582.5   337.384   2-M-C-Sen-120-PL
Donald Man          QMUL      107.7   120    26    U23     -145    160   165     165     97.5    -102.5 -102.5    97.5   262.5   190      200    -210     200     462.5   273.985   3-M-C-Sen-120-PL
Kyriacos Ashioti    GFnP      133     120+   10   Senior   250     270   280     280     175     -185    -185     175    455     270      285    -300     285     740     416.916 1-M-C-Sen-120+-PL
ian lucy             un/o     131     120+   11    U18     135     135   150     150      75     87.5     -95     87.5   237.5   135      150     155     155     392.5   221.684 2-M-C-Sen-120+-PL
Martin Marshall      MWC      111.4   120    44   Senior    0                     0      182.5 -192.5 -192.5 182.5        0       0                        0       0       0.000
