           10-Aug-19 Big Irons Gyms Hussey Classic-Lb Results

                                BWt       WtCls                                     Best                           Best            Sub   Deadlift Deadlift Deadlift  Best             Coeff
       Name          Age    Div                    Wilks   Squat 1 Squat 2 Squat 3        Bench 1 Bench 2 Bench 3                                                            PL Total       Pl-Div-WtCl
                                (Kg)      (Kg)                                     Squat                          Bench            Total   1        2        3      Deadlift          Score
Jack Peterson         26   MORE 92.8       100    0.5751   485.01   523.59 -540.13 523.59 385.81 402.34 413.36 413.36             936.96 556.66 578.71 -584.22 578.71 1515.6625 395.38125 1-MORE-100

Tyler Lundy           26 MORE 99.4         100    0.5555   446.43 462.97 490.52         490.52   314.16 341.71 -352.74 341.71     832.24   501.55   551.15 -584.22 551.15 1383.3865       348.57625   2-MORE-100
Austin Carlson        30 MORE 96.4         100    0.5636   380.29 418.87 451.94         451.94   253.53 281.09 -303.13 281.09     733.03   457.45   490.52 518.08 518.08 1251.1105         319.843    3-MORE-100
Eric Lewis            20 MORE 166.2       SHW     0.4781   777.12 826.73 876.33         876.33   540.13 573.2 600.75 600.75       1477.1   771.61   804.68 826.73 826.73 2303.807         499.60405   1-MORE-SHW
Makadn Craft          14 MT1R 112          125    0.5342      0      0      0             0      137.79 -170.86 -181.88 137.79       0       0        0       0      0        0               0            0
Jhonny Servellon      31 MOR-AD 108.9      110    0.5392   424.39 462.97 485.01         485.01   259.04 281.09 -303.13 281.09      766.1   402.34   424.39 -457.45 424.39 1190.484         291.168    1-MOR-AD-110
Cole Hiemer           25  MOR 81.5        82.5    0.6246   236.99 -259.04 259.04        259.04    192.9 203.93 -209.44 203.93     462.97   297.62   325.18 352.74 352.74 815.702           231.102    1-MOR-82.5
Derik Bailey          23  MOR 93.75        100    0.5717   755.08 804.68 -815.7         804.68   347.22 374.78 -385.81 374.78     1179.5   650.36   688.94 705.47 705.47 1884.933         488.8035    1-MOR-100
Jay Myers             30  MOR 94.1         100    0.5707   496.04 545.64 567.68         567.68   281.09 308.64 -336.2 308.64      876.33   551.15   600.75 -639.33 600.75 1477.082         382.369    2-MOR-100
Tanner Manning        25  MOR 96.3         100    0.5639    529.1 551.15 -573.2         551.15   330.69 -358.25 -358.25 330.69    881.84   512.57   545.64 567.68 567.68 1449.5245        370.76425   3-MOR-100

Dillon Rosener        21    MOR     97     100    0.5619   402.34   446.43    468.48    468.48   242.51   264.55 -281.09 264.55   733.03   473.99   490.52   512.57   512.57   1245.599   317.4735    4-MOR-100

Dylan Bailey          25    MOR    96.4    100    0.5636   358.25 402.34 451.94 451.94           220.46 248.02 281.09 281.09      733.03   402.34 451.94 501.55       501.55 1234.576 315.616         5-MOR-100
Christian Wheeler     25    MOR    98.1    100    0.5589    529.1 -573.2 -573.2 529.1            341.71 -385.81 -385.81 341.71    870.82   330.69    0       0        330.69 1201.507 304.6005        6-MOR-100
Andrew Hessa          18    MOR    92.7    100    0.5754   352.74 424.39 -451.94 424.39          253.53 281.09 -303.13 281.09     705.47   413.36 451.94 -496.04      451.94 1157.415 302.085         7-MOR-100
Cale Dobson           24    MOR    91.5    100    0.5797   413.36 446.43 -473.99 446.43           286.6 -314.16 -314.16 286.6     733.03   413.36 -485.01 -485.01     413.36 1146.392 301.444         8-MOR-100
Matt Lindell          33    MOR   109.5    110    0.5371   600.75 -633.82 -633.82 600.75         402.34 -424.39 -424.39 402.34    1003.1    529.1  573.2 600.75       600.75 1603.8465 390.74025      1-MOR-110
Joel Watchorn         20    MOR   102.1    110    0.5493    529.1  573.2 -600.75 573.2           231.48 259.04 -270.06 259.04     832.24   507.06 545.64 -562.17      545.64 1377.875 343.3125        2-MOR-110
Andrew Sharp          36    MOR   108.5    110    0.5384   424.39 457.45 490.52 490.52           297.62 319.67 -325.18 319.67     810.19    529.1 -562.17 -562.17      529.1 1339.2945 327.078        3-MOR-110

Nick Norton           23   MOR    121.1    125    0.5259 589.73      606.27   -628.31   606.27   352.74   363.76 385.81 385.81    992.07   584.22   600.75 622.8    622.8 1614.8695       385.22175    1-MOR-125
Marvin Harrington     38   MOR    138.5    140     0.505 722.01     -782.63    804.68   804.68   440.92   468.48 -490.52 468.48   1273.2   655.87   705.47 716.5    716.5 1989.6515       455.7625     1-MOR-140
Max Stewart           23   MOR    134.2   140      0.51  545.64     589.73    -595.24   589.73   347.22   374.78 -385.81 374.78   964.51   584.22   606.27 -617.29 606.27 1570.7775        363.375     2-MOR-140
Bryce Snyder          29   MOR    135.5    140    0.5084 479.5      -534.62   -534.62    479.5   303.13   325.18 336.2    336.2    815.7   650.36   705.47 -716.5 705.47 1521.174          350.796     3-MOR-140
Ethan Manning         29   MOR    168.3   SHW     0.4765 -870.82     925.93   -953.49   925.93   369.27   424.39 440.92 440.92    1366.9   600.75   639.33 683.43 683.43 2050.278         443.1357    1-MOR-SHW
Toby Dauel            34   MO      110     110    0.5365 628.31      -672.4     672.4    672.4   369.27   380.29 -402.34 380.29   1052.7   -529.1    529.1 -562.17 529.1 1581.8005        384.93875     1-MO-110
             11-Aug-19 Big Irons Rick Hussey Memorial Meet-Lb Results

                                    BWt      WtCls                                        Best                              Best        Sub   Deadlift Deadlift Deadlift  Best                   Coeff
         Name           Age    Div                    Wilks   Squat 1 Squat 2 Squat 3            Bench 1    Bench 2 Bench 3                                                          PL Total              Pl-Div-WtCl
                                    (Kg)      (Kg)                                        Squat                             Bench       Total    1        2        3     Deadlift                Score
Kimberly Sarik          53    FM3RE 79.15     82.5   0.9202    192.9   203.93   214.95    214.95 104.72     -115.74 -115.74 104.72     319.67 192.9 203.93 231.48 231.48              551.15    230.05      1-FM3RE
Shienne Wittwer         22     FJRE 88.1       90     0.872   170.86   187.39   203.93    203.93 104.72      115.74 121.25 121.25      325.18 176.37 192.9 209.44 209.44             534.6155   211.46       1-FJRE
Roxanna Pimental        29    FORE 129.6     SHW     0.7888   314.16    336.2   352.74    352.74 132.28      148.81 165.35 165.35      518.08 314.16 369.27 402.34 402.34            920.4205   329.324    1-FORE-SHW


Monica Johnson (WM)     61    FM5R 59.95      60     1.1149   214.95 -242.51 -242.51 214.95        110.23   126.76 -137.79 126.76      341.71   253.53   286.6    -319.67   286.6    628.311    317.7465     1-FM5R
Nicole Umlad (WM)       47    FM2R 59.55      60     1.1207   165.35    192.9   -203.93   192.9    88.184   93.696 -104.72 93.696      286.6    220.46   259.04 -275.58 259.04       545.6385 277.37325      1-FM2R
Vicki Lindell (WM)      40    FM1R   65.45    67.5   1.0432   176.37   198.41 -231.48 198.41       115.74 -126.76 -126.76 115.74       314.16   176.37   187.39    192.9    192.9    507.058    239.936     1-FM1R

Carissa Ownby           41    FM1R    66      67.5   1.0374   143.3    154.32 -159.83 154.32       77.161 -88.184 -88.184 77.161       231.48   148.81   165.35   181.88    181.88   413.3625   194.5125    2-FM1R

Morgan Swick            18    FT3R   55.8     56     1.1799   170.86 -203.93 -203.93 170.86        99.207 -115.74 -115.74 99.207       270.06   209.44   220.46   242.51    242.51   512.5695 274.32675      1-FT3R
Kara Scharnberg         23     FJR   66.65    67.5   1.0294   198.41   231.48 -253.53 231.48       110.23   132.28   -143.3   132.28   363.76   209.44   248.02   259.04    259.04   622.7995   290.8055     1-FJR
Erin Violi (J)          23     FJR   72.1     75     0.9751   165.35   181.88   203.93    203.93   93.696   99.207   104.72   104.72   308.64   165.35   198.41   209.44    209.44   518.081    229.1485     2-FJR

Aubrie Harrington       16    FT2R   55.75    56     1.1799   181.88   220.46   231.48    231.48   77.161 -99.207 -99.207 77.161       308.64   231.48 -270.06 -270.06 231.48        540.127    289.0755     1-FT2R

Samantha Quillen        16    FT2R   88.75    90     0.869    110.23   154.32 -170.86 154.32       71.65    82.673 -93.696 82.673      236.99   220.46   253.53 -281.09 253.53       490.5235   193.3525     2-FT2R


Olivia Compas           14    FT1R   58.95    60     1.1295   176.37   198.41 -220.46 198.41       71.65    -82.673 -82.673   71.65    270.06   181.88   203.93   225.97    225.97   496.035    254.1375     1-FT1R

Ava Higman              15    FT1R   65.6     67.5   1.042    154.32   170.86   181.88    181.88   77.161   88.184 -93.696 88.184      270.06   192.9    209.44   231.48    231.48   501.5465   237.055      2-FT1R

Emma Heine              15    FT1R   89.25    90     0.8669   154.32   170.86   181.88    181.88   88.184   99.207   110.23   110.23   292.11   176.37   203.93   231.48    231.48   523.5925 205.88875      3-FT1R

Monica Johnson          61     FOR   59.95    60     1.1149   214.95 -242.51 -242.51 214.95        110.23   126.76 -137.79 126.76      341.71   253.53   286.6    -319.67   286.6    628.311    317.7465    1-FOR -60


Nicole Umlad            47    FOR    59.55     60    1.1207   165.35    192.9 -203.93 192.9        88.184 93.696 -104.72      93.696    286.6   220.46   259.04 -275.58 259.04       545.6385 277.37325 2-FOR -60
Krystal Cary            35    FOR     67.5    67.5   1.0206   402.34   424.39 -440.92 424.39       225.97 242.51 -248.02      242.51   666.89   385.81   402.34 -407.85 402.34       1069.231 494.991 1-FOR -67.5
Emily Mattison          25    FOR     66.1    67.5   1.0362    192.9   214.95 231.48 231.48        93.696 -115.74 -115.74     93.696   325.18   236.99   270.06 308.64 308.64        633.8225 297.9075 2-FOR -67.5
Vicki Lindell           40    FOR    65.45    67.5   1.0432   176.37   198.41 -231.48 198.41       115.74 -126.76 -126.76     115.74   314.16   176.37   187.39 192.9    192.9        507.058  239.936 3-FOR -67.5

Erin Violi              23    FOR    72.1      75    0.9751 165.35 181.88 203.93 203.93            93.696   99.207   104.72   104.72   308.64   165.35   198.41 209.44 209.44 518.081 229.1485 1-FOR -75
Kelsey Paskert          28    FOR    72.6      75    0.9707 -363.76 -363.76 -363.76 0              181.88   203.93   209.44   209.44     0      352.74   402.34 -418.87 402.34     0         0         0
Jacey Tomhave           26    FOR    82.2     82.5   0.9017 363.76 402.34 407.85 407.85             192.9   209.44   220.46   220.46   628.31   418.87   468.48 479.5    479.5 1107.8115 453.10425 1-FOR -82.5
Mariah Grau        24   FOR    79.8    82.5   0.9163   253.53 -275.58 275.58   275.58   88.184   110.23 -121.25 110.23    385.81   242.51   281.09   292.11    292.11   677.9145 281.76225 2-FOR -82.5

Erin Schleicher    22  FOR   95.9      SHW    0.8437   303.13 -341.71 341.71 341.71     137.79 159.83 165.35 165.35       507.06   303.13   330.69 347.22 347.22        854.2825 326.93375 1-FOR -SHW
Dolores Estrada    31 FOR-AD 59.7       60    1.1192   242.51 264.55 -292.11 264.55     154.32 -165.35 -165.35 154.32     418.87   292.11   319.67 325.18 325.18        744.0525  377.73 1-FOR-AD-60
Krystal Cary(AD)   35 FOR-AD 67.5      67.5   1.0206   402.34 424.39 -440.92 424.39     225.97 242.51 -248.02 242.51      666.89   385.81   402.34 -407.85 402.34       1069.231 494.991 1-FOR-AD-67.5

Gage Yandell       18   MT3R   103.4   110    0.6009   468.48 485.01 -501.55   485.01   242.51 264.55 281.09     281.09    766.1 562.17 -584.22      -584.22   562.17 1328.2715 362.04225    1-MT3R
Andrew Beebee      19   MT3R   73.15    75    0.7249   325.18 341.71 -358.25   341.71   203.93 209.44 -214.95    209.44   551.15 418.87 451.94       -473.99   451.94 1003.093 329.8295      2-MT3R
Kolby Harrington   17   MT2R   97.85   100    0.6139   507.06 -545.64 545.64   545.64   270.06 292.11 -303.13    292.11   837.75 551.15 578.71        589.73   589.73 1427.4785 397.50025    1-MT2R
Ryan Jaacks        17   MT2R    81.4   82.5   0.6754   369.27 402.34 424.39    424.39   242.51 264.55 -281.09    264.55   688.94 319.67 363.76        407.85   407.85 1096.7885 336.0115     2-MT2R
Jakob Schultz      17   MT2R    80.7   82.5    0.679   253.53 275.58 303.13    303.13   187.39 -203.93 -203.93   187.39   490.52 -325.18 363.76       413.36   413.36 903.886    278.39      3-MT2R
Noah Chartier      13   MT1R   95.75   100    0.6197   176.37 192.9 209.44     209.44   110.23 126.76 132.28     132.28   341.71 214.95 264.55        -286.6   264.55 606.265 170.4175       1-MT1R
Jayden Goldmith    13   MT1R    70.4    75    0.7461   121.25 143.3 165.35     165.35    71.65 99.207 -104.72    99.207   264.55 176.37 203.93        225.97   225.97 490.5235 166.00725     2-MT1R
10-Aug-19        Big Irons Gyms Hussey Classic-Lb Results
                             BWt     WtCls                                               Best Deadlift Deadlift Deadlift Deadlift  Best    Push Pull Coeff   Age &
      Name       Age   Div                    Wilks   Bench 1 Bench 2 Bench 3 Bench 4                                                                                   Pl code   Pl-Div-WtCl   Tm Pts   Team
                             (Kg)    (Kg)                                               Bench    1        2        3        4     Deadlift   Total   Score    Coeff
Bob Dobson       45    MOR   103.6    110    0.5463   259.04   281.09 -303.13    0      281.09 303.13 352.74 -380.29        0     352.74 633.8225 157.06125 165.69961     1       1-MOR-110       7
Zdenek Voprada   44    MO    107.3    110    0.5401   451.94     0       0       0      451.94 501.55 534.62 562.17         0     562.17 1014.116 248.446 259.12917       1        1-MO-110       7
10-Aug-19      Big Irons Gyms Hussey Classic-Lb Results
                         BWt    WtCls                                  Best
       Name    Age   Div                 Wilks   Bench 1 Bench 2 Bench 3        Pl-Div-WtCl
                         (Kg)   (Kg)                                  Bench
Joe Secord     46 MM2-AD 98.3    100    0.5583 352.74 -374.78 -374.78 352.736   1-MM2-AD
Shawn Frankl   42  MOR 99.2      100     0.556 501.55 -529.1   529.1  529.104   1-MOR-100
Kyle Wiig      32  MOR 132.6     140    0.5119 -473.99 507.06 523.59 523.5925   1-MOR-140
10-Aug-19       Big Irons Gyms Hussey Classic-Lb Results
                            BWt    WtCls            Deadlift Deadlift Deadlift Deadlift     Best     Coeff    Age &
        Name    Age   Div                   Wilks                                                                        Pl code   Pl-Div-WtCl   Tm Pts   Team
                            (Kg)   (Kg)                1        2        3        4       Deadlift   Score     Coeff
Isaac Hiebert   20    MOR   89.6    90     0.5869   347.22   407.85   468.48      0       468.4775 124.71625 128.45773     1       1-MOR-90        7
