第４９回中部学生パワーリフティング選手権大会記録表
Ｎ大会               ２０１９年５月２６日（日）・会場 名城大学                                                                                                   JAPAN POWERLIFTING ASSOCIATION

                                                                                                                                           Best                Wilks
                                        BWt      Squat   Squat   Squat Bench Bench Bench       Dead     Dead     Dead     Best     Best              PL
No.     Name        Team    生年     学年                                                                                                      Dead                Co. x       順位
                                        (Kg)      1       2       3      1     2     3         lift 1   lift 2   lift 3   Squat   Bench             Total
                                                                                                                                            lift               Total
      春季男子53kg
 1     各務純真         名城大学    1998   2     47.4     65      70     -72.5    40    45    47.5      85       90      92.5      70     47.5      92.5    210.0     227.98       1
      春季男子59kg
 2     土屋潤人        愛知学院大学   2000   1     57.9    160     -170    175     110    120    125      170      180     -200      175     125      180     480.0     423.16       1
 3     樋口直樹         名城大学    1998   3     58.7    110     120     -125     80    -85    -85      150      160     -165      120     80       160     360.0     313.31       2
 4     久保田悠暉       愛知学院大学   1998   3     56.6     -80     -80     -80     50    -60    -60      -90      90      -92.5                                                     失格
      春季男子66kg
 5     岡田大生         名城大学    1998   3    65.65    130     140     -145     80    85    87.5      180      190     -200      140    87.5      190     417.5     329.26       1
 6      遠山旭         名城大学    1999   2    65.25    125     130     135      75    80     -85      145      150      155      135     80       155     370.0     293.28       2
      春季男子74kg
 7     石井良季         名城大学    1999   2    73.55    -120    130     -140    -120   130    140      210      220     -230      130     140      220     490.0     354.00       1
 8     壁谷勇佑         名城大学    1998   3    73.85    150     155     160      85    -90    90      -190      190     -200      160     90       190     440.0     316.95       2
 9     福永恵太         名城大学    1999   2     71.7    110     120     130      75    80     -85      160      170      180      130     80       180     390.0     287.03       3
10     鈴木康介        愛知学院大学   1998   3    72.05    120     -130    -135     75    80    -82.5     150      160      165      120     80       165     365.0     267.67       4
11      山下巧         名城大学    1999   3    70.35    100     110     -120     80    85     90       150      155      160      110     90       160     360.0     268.76       5
12     大塚真啓         名城大学    1999   3    70.65    110     120     130      70    75    -82.5     140      150      155      130     75       155     360.0     267.89       6
13     植田滉生         名城大学    1999   2                                                                                                                                       棄権
      春季男子83kg
14     中島竜成        愛知学院大学   1997   4    81.85    160     175     182.5   110    115   -122.5    190      200      215     182.5    115      215     512.5     344.97       1
15     加藤遼馬         名城大学    1998   3    77.75    150     160     165      90    100   -105      190     -200     -200      165     100      190     455.0     316.40       2
16     千葉大雅        愛知学院大学   1998   3    78.15    110     120     130      75    -80    -80      160     -165     -165      130     75       160     365.0     252.96       3
17     野末壮太         名城大学    1998   3                                                                                                                                       棄権
      春季男子93kg
18     大谷友斗         愛工大     2000   1     84.8    170     180     190      85    90    92.5      170     -180     -185      190    92.5      170     452.5     298.30       1
      春季男子105kg
19     野田一賢        愛知学院大学   1998   3    100.45   200     220     -230    -120   130   -140      210      240     252.5     220     130     252.5    602.5     366.02       1


陪審員名： （１級 清水 浩） (１級 伊藤教雄） （１級 川辺一郎）                                      審判員名：（２級 浅野勇一）（２級 加納 勉） （３級 清水良信）



以上報告致します。 ２０１９年５月２７日                                                            中部学生連盟 理事長 山下 巧
