21-Apr-13                UPA Powerlifting & Bench Press Nationals-Lb Results
                                         BWt     WtCls                                            Best                                   Best     Sub   Deadlift Deadlift Deadlift    Best                    Coeff
       Name              Age     Div                     Schwartz   Squat 1 Squat 2 Squat 3               Bench 1 Bench 2 Bench 3                                                               PL Total                Pl-Div-WtCl             Team
                                         (Kg)    (Kg)                                            Squat                                  Bench    Total     1       2        3        Deadlift                 Score
Sara Townsend            40      FM1R    56.8      60    0.8613 159.83 181.88 203.93             203.93    82.673    93.696    104.72   104.72   308.64 187.39 209.44 236.99         236.99     545.6385    213.17175   1-FM1R -60             Pro Gym
Rachel Drees             21       FJR      74      75    0.6716 187.39 198.41 225.97             225.97    132.28    148.81   -154.32   148.81   374.78 -225.97 225.97 -242.51       225.97     600.7535     183.011      1-FJR-75
Erin Shaw                14      FT1R      25      44     #N/A   55.115 66.138 82.673            82.673    55.115    60.627   -66.138   60.627   143.3 88.184 110.23 148.81          148.81     292.1095      #N/A       1-FT1R-44
Aundie Koppes            34      FOR       52      52    0.9515 154.32 176.37 -203.93            176.37    115.74    126.76   -137.79   126.76   303.13 242.51 264.55 281.09         281.09      584.219    252.1475     1-FOR -52      Carpenter Powerlifting
Sara Townsend            40      FOR     56.8      60    0.8613 159.83 181.88 203.93             203.93    82.673    93.696    104.72   104.72   308.64 187.39 209.44 236.99         236.99     545.6385    213.17175    1-FOR -60           Pro Gym
Mandy Madison            31      FOR     65.8     67.5   0.7429 154.32 -170.86 -170.86           154.32    82.673    93.696    99.207   99.207   253.53 187.39 198.41 214.95         214.95     468.4775    157.86625   1-FOR -67.5
Dixie Church             30      FOR     79.8     82.5   0.6341 264.55 -286.6 -286.6             264.55    165.35    176.37   -187.39   176.37   440.92 286.6 319.67 325.18          325.18     766.0985    220.34975   1-FOR -82.5
Alyssa Klein (AD)        40     FM1-AD   67.3     67.5   0.7278 -336.2 -336.2 336.2              336.2    -203.93    203.93    209.44   209.44   545.64 314.16 325.18 336.2          336.2       881.84      291.12     1-FM1-AD-67.5        West Metro
Shelly Hoefer            46    FM2R-AD   91.8    SHW     0.5786 148.81 170.86 -225.97            170.86     143.3    165.35   -176.37   165.35   336.2 225.97 248.02 270.06          270.06      606.265     159.115    1-FM2R-AD-SHW   Rock Ford Powerlifting
Ginger Burton            40    FM1R-AD   47.6      48    1.0577 159.83 -170.86 170.86            170.86   -137.79    143.3    -159.83   143.3    314.16 203.93 225.97 236.99         236.99      551.15      264.425    1-FM1R-AD-48
Talia Bensinger-Colton   41    FM1R-AD   57.4      60    0.8516 170.86 192.9 209.44              209.44   -126.76    126.76    132.28   132.28   341.71 264.55 275.58 286.6          286.6       628.311     242.706    1-FM1R-AD-60
Sara Townsend (AD)       40    FM1R-AD   56.8      60    0.8613 159.83 181.88 203.93             203.93    82.673    93.696    104.72   104.72   308.64 187.39 209.44 236.99         236.99     545.6385    213.17175   2-FM1R-AD-60        Pro Gym
Janel Vegter (Jr)        23     FJR-AD     60      60    0.8128 253.53 275.58 -303.13            275.58     143.3    154.32   -159.83   154.32   429.9 275.58 308.64 -330.69         308.64      738.541     272.288    1-FJR-AD-60         Pro Gym
Dawn Hickman (AD)        45     FO-AD    46.8      48    1.0799 314.16 -341.71 -341.71           314.16    203.93   -214.95   -225.97   203.93   518.08 303.13 314.16 -325.18        314.16     832.2365    407.66225    1-FO-AD-48       West Metro
Krystal Cary (AD)        28     FO-AD      75      75    0.6645 545.64 -573.2 573.2              573.2      336.2    358.25   -380.29   358.25   931.44 358.25 380.29 407.85         407.85     1339.2945   403.68375    1-FO-AD-75   Iron Kings/Big Iron
Jennifer Foster          28    FOR-AD      60      60    0.8128 248.02 270.06 -292.11            270.06    126.76    137.79   -148.81   137.79   407.85 314.16 336.2 -352.74         336.2      744.0525     274.32     1-FOR-AD-60     22nd St. Barbell    *Raw Full Power Best Lifter
Janel Vegter             23    FOR-AD      60      60    0.8128 253.53 275.58 -303.13            275.58     143.3    154.32   -159.83   154.32   429.9 275.58 308.64 -330.69         308.64      738.541     272.288    2-FOR-AD-60         Pro Gym
Sara Townsend (AD)       40    FOR-AD    56.8      60    0.8613 159.83 181.88 203.93             203.93    82.673    93.696   -104.72   93.696   297.62 187.39 209.44 236.99         236.99     534.6155    208.86525   3-FOR-AD-60         Pro Gym
Adena Lewellin           32    FOR-AD    65.8     67.5   0.7429 209.44 225.97 -242.51            225.97    115.74   -137.79   -137.79   115.74   341.71 297.62 -314.16 -314.16       297.62      639.334     215.441    1-FOR-AD-67.5   22nd St. Barbell
Shelly Hoefer (Open)     46    FOR-AD    91.8    SHW     0.5786 148.81 170.86 -225.97            170.86     143.3    165.35   -176.37   165.35   336.2 225.97 248.02 270.06          270.06      606.265     159.115    1-FOR-AD-SHW Rock Ford Powerlifting
Rita Carlsson            60       FM4    63.4     67.5   0.7694 363.76 391.32 402.34             402.34    104.72    137.79    148.81   148.81   551.15 336.2 352.74 369.27          369.27     920.4205    321.2245     1-FM4-67.5   Big Iron Compound
Alyssa Klein             40       FM1    67.3     67.5   0.7278 -336.2 -336.2 336.2              336.2    -203.93    203.93    209.44   209.44   545.64 314.16 325.18 336.2          336.2       881.84      291.12      1-FM1-67.5       West Metro
Dawn Hickman             45        FO    46.8      48    1.0799 314.16 -341.71 -341.71           314.16    203.93   -214.95   -225.97   203.93   518.08 303.13 314.16 -325.18        314.16     832.2365    407.66225      1-FO-48        West Metro        *Equipped Full Power Best Lifter
Krystal Cary             28        FO      75      75    0.6645 545.64 -573.2 573.2              573.2      336.2    358.25   -380.29   358.25   931.44 358.25 380.29 407.85         407.85     1339.2945   403.68375      1-FO-75    Iron Kings/Big Iron
Hugh Perone              53      MM3R    105.2    110    0.5434 -451.94 451.94 485.01            485.01    253.53   -275.58   -275.58   253.53   738.54 385.81 418.87 -446.43        418.87     1157.415     285.285    1-MM3R-110         Atlas Gym
Nick Frazzetta           50      MM3R    121.2    125    0.5258 468.48 -485.01 485.01            485.01    352.74    363.76   -374.78   363.76   848.77 507.06 523.59 540.13         540.13     1388.898     331.254    1-MM3R-125 Rock Ford Powerlifting
Tony Quatrochi           45      MM2R    81.4     82.5   0.6251 363.76 402.34 424.39             424.39    253.53    275.58    286.6    286.6    710.98 424.39 440.92 462.97         462.97     1173.9495   332.86575   1-MM2R-82.5
Robert Buchla            47      MM2R    94.6     100    0.5691 507.06 562.17 -617.29            562.17    308.64    330.69   -352.74   330.69   892.86 507.06 562.17 584.22         584.22     1477.082     381.297    1-MM2R-100          Pro Gym
Phil Guarino             47      MM2R    107.6    110    0.5396 606.27    0       0              606.27    248.02    270.06   -303.13   270.06   876.33 501.55 -639.33 -639.33       501.55     1377.875     337.25     1-MM2R-110        Flex Appeal
Randy Tomkins            44      MM1R    98.2     100    0.5586 501.55 -551.15 -551.15           501.55     286.6    325.18      0      325.18   826.73 485.01 507.06 -518.08        507.06     1333.783     337.953    1-MM1R-100
Jerry Barnett            40      MM1R     110     110    0.5365 551.15 573.2      0              573.2     341.71    369.27   -385.81   369.27   942.47 551.15 584.22 617.29         617.29     1559.7545   379.57375   1-MM1R-110
Bryan Hoffman            40      MM1R     116     125    0.5305 606.27 650.36 705.47             705.47    -429.9    440.92   -468.48   440.92   1146.4 429.9 451.94 501.55          501.55     1647.9385   396.54875   1-MM1R-125     Hoffmans Barbell
Sean Pua                 22       MJR    58.5      60    0.8345 385.81 -418.87 -418.87           385.81    264.55    286.6    -308.64   286.6    672.4 385.81 407.85 418.87          418.87     1091.277    413.0775      1-MJR -60

Dani Morand              21      MJR       90      90    0.5853     435.41    501.55   -534.62   501.55 286.6 330.69      0    330.69            832.24 435.41 485.01 -501.55 485.01 1317.2485 349.71675 1-MJR -90
Nick Hoogheem            22      MJR      100     100    0.554      485.01    507.06    540.13   540.13 314.16 336.2 -352.74 336.2               876.33 451.94    0       0    451.94 1328.2715 333.785   1-MJR -100
Mike Bresticker          20      MJR     105.6    110    0.5427     496.04    551.15   -600.75   551.15 -402.34 402.34 435.41 435.41             986.56 600.75 639.33 -677.91 639.33 1625.8925 400.24125 1-MJR -110
Mike Zach                23      MJR     105.8    110    0.5424     496.04    523.59    545.64   545.64 352.74 374.78 -391.32 374.78             920.42 496.04 529.1 551.15 551.15 1471.5705 362.052      2-MJR -110
Marshall Crawford        22      MJR     108.4    110    0.5385     462.97   -518.08    -529.1   462.97 270.06 -303.13 -303.13 270.06            733.03 551.15 -584.22 -584.22 551.15 1284.1795 313.67625 3-MJR -110
Eric Lilliebridge        23      MJR     124.2    125    0.5221     804.68    854.28   -903.89   854.28 462.97 501.55 -534.62 501.55             1355.8 727.52 771.61 826.73 826.73 2182.554 516.879      1-MJR -125                         Pro Gym
Nick Berry               21      MJR     122.4    125    0.5245     479.5     507.06    540.13   540.13 358.25 385.81 402.34 402.34              942.47 496.04 551.15 573.2    573.2 1515.6625 360.59375 2-MJR -125                     Rockford Powerlifting
Jeramey Lowry            19     MT3R       89      90    0.5893     485.01   -523.59   -523.59   485.01 314.16 341.71 -363.76 341.71             826.73 507.06 551.15 -600.75 551.15 1377.875 368.3125 1-MT3R -90                            Pro Gym
Kyle Vilmar              19     MT3R       94     100    0.571      551.15   -584.22   -584.22   551.15 352.74 -391.32 396.83 396.83             947.98 -567.68 567.68 -606.27 567.68 1515.6625 392.5625 1-MT3R -100
Nolan Septer             17      MT2R    67.4    67.5    0.7268     314.16    325.18     336.2   336.2 -198.41 198.41 203.93 203.93              540.13 380.29 407.85 424.39 424.39 964.5125 317.975 1-MT2R-67.5                        North Iowa Powerlifting
Quentin Septer           17      MT2R    85.2      90    0.6059     424.39   -468.48       0     424.39 253.53 -275.58    0    253.53            677.91 540.13 -573.2     0    540.13 1218.0415 334.75975 1-MT2R-90                     North Iowa Powerlifting
Seth Wilson              17      MT2R    86.4      90    0.6004     319.67    336.2    -374.78   336.2 225.97 242.51 -259.04 242.51              578.71 374.78 391.32 -418.87 391.32 970.024     264.176  2-MT2R-90                     North Iowa Powerlifting
Jacob Rasch              17      MT2R      99     100    0.5565     369.27    407.85     429.9   429.9 270.06 292.11 -308.64 292.11              722.01 468.48 507.06 529.1    529.1 1251.1105 315.81375 1-MT2R-100                           Atlas Gym
William Barnes           35    MSMR-AD   168.2   SHW     0.4766     584.22    617.29    633.82   633.82 341.71 369.27 -380.29 369.27             1003.1 606.27 650.36 -661.38 650.36 1653.45 357.4275 1-MSMR-AD-SHW                       Hoffmans Barbell
Tom Kallas               20     MJR-AD   78.8    82.5    0.6399     501.55   -551.15    551.15   551.15 275.58 -292.11 292.11 292.11             843.26 501.55 534.62 545.64 545.64 1388.898 403.137 1-MJR-AD-82.5
Jacob Perkins            22     MJR-AD   80.2    82.5    0.6318     462.97   -501.55   -501.55   462.97 341.71 -363.76 363.76 363.76             826.73 496.04 534.62 556.66 556.66 1383.3865 396.4545 2-MJR-AD-82.5                      22nd St. Barbell
Maclain Ruuska           21     MJR-AD   107.4    110    0.5399     600.75   -633.82    633.82   633.82 286.6 308.64 319.67 319.67               953.49 523.59 562.17 -600.75 562.17 1515.6625 371.18125 1-MJR-AD-110                     Hoffmans Barbell
Michael Hoefer           23     MJR-AD   108.6    110    0.5382     325.18    363.76   -402.34   363.76 248.02 -264.55 -264.55 248.02            611.78 473.99 496.04 -518.08 496.04 1107.8115 270.4455 2-MJR-AD-110                    Rock Ford Powerlifting
Nick Berry (AD)          21     MJR-AD   122.4    125    0.5245     479.5     507.06    540.13   540.13 358.25 385.81 402.34 402.34              942.47 496.04 551.15 573.2    573.2 1515.6625 360.59375 1-MJR-AD-125                   Rockford Powerlifting
Joe Johnson              18    MT3R-AD   77.4    82.5    0.6486     275.58    308.64    341.71   341.71 159.83 187.39 209.44 209.44              551.15 330.69 374.78 -402.34 374.78 925.932     272.412 1-MT3R-AD-82.5                       Pro Gym
Jacob Swartz    19   MT3R-AD   91.2    100   0.5808   385.81 402.34 424.39     424.39 270.06 286.6       308.64   308.64   733.03   490.52 512.57 540.13   540.13   1273.1565 335.412 1-MT3R-AD-100    Hoffmans Barbell
Aaron Ruuska    17   MT2R-AD    85      90   0.6069   468.48 -501.55 -507.06   468.48 220.46 -242.51    -242.51   220.46   688.94   341.71 374.78 -429.9   374.78   1063.7195 292.82925 1-MT2R-AD-90   Hoffmans Barbell
Joel Kron       54   MM3-AD    115.4   125   0.531    600.75 622.8      0      622.8 418.87 429.9          0      429.9    1052.7   407.85 451.94   0      451.94   1504.6395 362.4075 1-MM3-AD-125      West Metro
Phil Schultz    46     MM2     108.6   110   0.5382   744.05 793.66     0      793.66 589.73 -617.29    -617.29   589.73   1383.4   589.73 633.82 661.38   661.38   2044.7665 499.1805 1-MM2-110
Brad Saunders   49     MM2     115.2   125   0.5312   650.36 699.96 727.52     727.52 -534.62 -534.62    534.62   534.62   1262.1   606.27 -639.33  0      606.27   1868.3985 450.192    1-MM2-125
Jim Grandick    44     MM1     123.6   125   0.523    953.49 992.07     0      992.07 705.47 733.03     -749.56   733.03   1725.1   716.5 744.05 777.12    777.12   2502.221 593.605     1-MM1-125     Big Iron Compound
            20-Apr-13 UPA Powerlifting & Bench Press Nationals-Lb Results

                                        BWt     WtCls                                             Best                                 Best     Sub   Deadlift Deadlift Deadlift  Best             Coeff
        Name             Age    Div                     Schwartz   Squat 1 Squat 2 Squat 3              Bench 1   Bench 2 Bench 3                                                         PL Total         Pl-Div-WtCl       Team
                                        (Kg)    (Kg)                                             Squat                                Bench     Total    1        2        3     Deadlift          Score
Blake Bark               22    MOR-AD   66.4     67.5   0.7367     -275.58    275.58   -319.67   275.58 248.02     264.55   -275.58   264.55   540.13 385.81 402.34 440.92 440.92 981.047 327.8315 1-MOR-AD-67.5
Dustin Leibfried         26    MOR-AD   81.2     82.5   0.6262      479.5     540.13    -573.2   540.13 325.18     358.25   -369.27   358.25   898.37 523.59 606.27 -639.33 606.27 1504.6395 427.3815 1-MOR-AD-82.5
Kyle Low                 24    MOR-AD     89      90    0.5893      440.92    -479.5    -479.5   440.92 270.06     292.11    308.64   308.64   749.56 540.13 573.2 -589.73 573.2          1322.76  353.58 1-MOR-AD-90
Kellen Madison (AD)      29    MOR-AD     99     100    0.5565      429.9     485.01    507.06   507.06 325.18     352.74   -363.76   352.74   859.79 551.15 617.29 -644.85 617.29 1477.082 372.855 1-MOR-AD-100
Jake Monroe              25    MOR-AD   94.8     100    0.5685      462.97    490.52    507.06   507.06 270.06    -281.09   -281.09   270.06   777.12 573.2 584.22 -600.75 584.22 1361.3405 351.04875 2-MOR-AD-100
Collin Sheriff           29    MOR-AD   106.8    110    0.5408      440.92    473.99    501.55   501.55 275.58     303.13   -325.18   303.13   804.68 501.55 529.1 562.17 562.17 1366.852 335.296 1-MOR-AD-110
Collin Lamkey            26    MOR-AD   123.8    125    0.5227      512.57    -573.2     573.2   573.2 314.16      341.71    358.25   358.25   931.44 600.75 639.33 677.91 677.91 1609.358 381.571 1-MOR-AD-125
Gary Parquette           32    MOR-AD   115.2    125    0.5312      507.06   -556.66   -556.66   507.06 308.64     336.2    -363.76   336.2    843.26 518.08 -551.15 551.15 551.15 1394.4095 335.984 2-MOR-AD-125          Pro Gym
Dusty Miller             28    MO-AD    74.8      75    0.6659      551.15    589.73    600.75   600.75 314.16     325.18    -336.2   325.18   925.93 551.15 -584.22 -584.22 551.15 1477.082 446.153 1-MO-AD-75
Andre Franco             26    MO-AD    98.6     100    0.5575      688.94    -716.5    -716.5   688.94 341.71     363.76    385.81   385.81   1074.7 -611.78 611.78 -639.33 611.78 1686.519 426.4875 1-MO-AD-100         Iron Kings
Jacob Head               26    MO-AD    117.2    125    0.5295      804.68   -865.31    865.31   865.31 501.55     551.15    584.22   584.22   1449.5 578.71 617.29 -639.33 617.29 2066.8125 496.40625 1-MO-AD-125        Iron Kings   *Equipped Full Power Best Lifter
Jeremy Shatka            31    MO-AD    120.2    125    0.5268      661.38    705.47    744.05   744.05 462.97     485.01    507.06   507.06   1251.1 683.43 716.5 -749.56 716.5 1967.6055 470.169 2-MO-AD-125
Andrew Beckmann          29    MO-AD    117.6    125    0.5291      683.43    738.54   -777.12   738.54 473.99     512.57   -534.62   512.57   1251.1 600.75 639.33 -661.38 639.33 1890.4445 453.70325 3-MO-AD-125        West Metro
Steve Reiger             46     MOR     79.6     82.5   0.6352     -330.69    330.69   -352.74   330.69 275.58     297.62   -303.13   297.62   628.31 451.94 -479.5        0     451.94 1080.254 311.248 1-MOR-82.5      Team Weber
Casey Day                24     MOR     82.5     82.5   0.6193      507.06   -540.13   -540.13   507.06 275.58    -303.13   -303.13   275.58   782.63 -540.13     0        0        0        0        0         0
Fred Seewald             22     MOR     89.2      90    0.5885      523.59    595.24    606.27   606.27 281.09     303.13   -319.67   303.13   909.4 545.64 600.75 -639.33 600.75 1510.151 403.1225         1-MOR-90
Sam Benjegerdes          26     MOR     97.2     100    0.5613     -600.75   -600.75    600.75   600.75 446.43     462.97   -473.99   462.97   1063.7 617.29 633.82 -644.85 633.82 1697.542 432.201        1-MOR-100
Korey Pfeiffer           42     MOR       96     100    0.5648      501.55    551.15    600.75   600.75 424.39     451.94   -473.99   451.94   1052.7 551.15 600.75 628.31 628.31 1681.0075 430.66         2-MOR-100
Derek Hall               28     MOR       99     100    0.5565      523.59    562.17    600.75   600.75 341.71     374.78    391.32   391.32   992.07 523.59 562.17 600.75 600.75 1592.8235 402.07125 3-MOR-100
Kellen Madison           29     MOR       99     100    0.5565      429.9     485.01    507.06   507.06 325.18     352.74   -363.76   352.74   859.79 551.15 617.29 -644.85 617.29 1477.082 372.855        4-MOR-100
Ernie Lilliebridge Jr.   25     MOR     103.6    110    0.5463     -661.38    661.38    710.98   710.98 407.85     413.36   -457.45   413.36   1124.3 705.47 755.08 -804.68 755.08 1879.4215 465.72075 1-MOR-110           Pro Gym     *Raw Full Power Best Lifter
Jason Colley             26     MOR     109.2    110    0.5375     -639.33    639.33    744.05   744.05 275.58     325.18    363.76   363.76   1107.8 655.87 705.47 727.52 727.52 1835.3295 447.46875 2-MOR-110            Pro Gym
Ron Nichols              28     MOR     106.6    110    0.5411      633.82   -666.89   -688.94   633.82 462.97     485.01   -501.55   485.01   1118.8 633.82 655.87 666.89 666.89 1785.726 438.291         3-MOR-110
Nelson Cardenas          25     MOR     120.4    125    0.5266      418.87    462.97    518.08   518.08 275.58     308.64    330.69   330.69   848.77 418.87 462.97 501.55 501.55 1350.3175 322.5425 1-MOR-125             Pro Gym
Ernie Lilliebridge Sr.   41     MOR      134     140    0.5102      727.52   -771.61   -788.14   727.52 457.45     479.5    -501.55   479.5     1207   727.52 -771.61      0     727.52 1934.5365 447.7005 1-MOR-140       Pro Gym
Kent Fleming             24     MOR      169    SHW     0.4759      788.14    843.26    865.31   865.31 479.5      518.08    534.62   534.62   1399.9 633.82 672.4 -705.47 672.4 2072.324 447.3742 1-MOR-SHW Big Iron Compound
Bill Lee                 28     MOR     141.6   SHW     0.5016      639.33     672.4    705.47   705.47 418.87     446.43   -462.97   446.43   1151.9 661.38 705.47 -738.54 705.47 1857.3755 422.598 2-MOR-SHW
Gary Boros               32     MO       100     100    0.554       661.38    694.45     716.5   716.5 473.99      501.55    523.59   523.59   1240.1 573.2 595.24 611.78 611.78 1851.864          465.36   1-MO-100      West Metro
Michael Bratta           27     MO      98.2     100    0.5586      672.4    -705.47   -705.47   672.4 523.59      551.15     573.2   573.2    1245.6 496.04 551.15 -562.17 551.15 1796.749 455.259         2-MO-100 Jakked Hardcore Gym
Kirk Eichenberg          24     MO      109.2    110    0.5375      650.36    705.47    727.52   727.52 518.08     534.62    551.15   551.15   1278.7 501.55 551.15 -600.75 551.15 1829.818 446.125         1-MO-110 Jakked Hardcore Gym
Joe Trent                29     MO      119.6    125    0.5274      617.29    650.36    -672.4   650.36 314.16     336.2    -347.22   336.2    986.56 556.66 600.75 617.29 617.29 1603.8465 383.6835        1-MO-125         Atlas
Corey Miceli             41     MO      138.6    140    0.5049      804.68   -843.26   -843.26   804.68 501.55     523.59       0     523.59   1328.3 722.01 -804.68 -804.68 722.01 2050.278 469.557        1-MO-140
20-Apr-13            UPA Bench Press Nationals-Lb Results
                                  BWt    WtCls                                              Best     Coeff
        Name         Age    Div                  Schwartz   Bench 1 Bench 2 Bench 3                          Pl-Div-WtCl   Tm Pts           Team
                                  (Kg)   (Kg)                                              Bench     Score
Dave Leslie          49     MM2R 100.8    110    0.5522      413.36    424.39   -440.92   424.3855 106.2985 1-MM2R-110       7
Jamie Weldin         38     MSMR 118.2    125    0.5286     -468.48      0          0         0        0          0          0
WT Franklin (SM)     35     MSMR 137      140    0.5067      485.01    507.06   -523.59    507.058  116.541 1-MSMR-140       7
Jace Beauchaine      22     MJR   73.8     75     0.673      297.62    308.64    314.16   314.1555 95.9025    1-MJR -75      7      North Iowa Powerlifting
Nick Goett           23    MJR-AD 89       90    0.5893      363.76   -374.78    380.29   380.2935 101.65425 1-MJR-AD-90     7
Mark Hauschildt      35    MOR-AD 113     125    0.5332      512.57   -534.62   -534.62   512.5695 123.969 1-MOR-AD-125      7
Jason Kaminski       30     MOR     83     90    0.6167      325.18    352.74    363.76    363.759 101.7555   1-MOR-90       7        Hoffmans Barbell
Glenn Howell         34     MOR 96.8      100    0.5624     -369.27    385.81    407.85    407.851  104.044   1-MOR-100      7
Danny Walker         30     MOR 108.4     110    0.5385      402.34    418.87     429.9    429.897 105.0075 1-MOR-110        7
Andrew Bahr          24     MOR 118.2     125    0.5286      501.55    518.08     529.1    529.104  126.864   1-MOR-125      7                                *Raw Best Lifter Award
WT Franklin          35     MOR    137    140    0.5067      485.01    507.06   -523.59    507.058  116.541   1-MOR-140      7
Michael Anderson     60      MM5 106.8    110    0.5408     -435.41   -435.41   -435.41       0        0          0          0           West Metro
Mark Veirs           50      MM3 80.6     82.5   0.6295      440.92    473.99   -501.55    473.989 135.3425 1-MM3-82.5       7
John Berding         47      MM2   100    100     0.554     -688.94   -688.94   -688.94       0        0          0          0      North Iowa Powerlifting
Jason Klein          40      MM1   100    100     0.554      457.45    473.99   -501.55    473.989   119.11   1-MM1-100      7           West Metro
Shawn Berneman       42      MM1   114    125    0.5323     -485.01   -485.01    501.55   501.5465 121.09825 1-MM1-125       7      North Iowa Powerlifting
Mike Donlick         39     MSM 114.3     125     0.532     -683.43   -683.43    683.43    683.426   164.92   1-MSM-125      7           Flex Appeal

Chris Dejongh        28     MO    81.2   82.5    0.6262 -705.47 -710.98 -710.98              0         0          0          0
Josh Lentz           25     MO    88.6    90     0.591      -705.47 -705.47 -705.47          0         0          0          0      North Iowa Powerlifting
William Barotti      28   MO 127.4        140    0.5181     804.68 -832.24 -832.24        804.679   189.1065   1-MO-140      7           Metal Militia        *Equipped Best Lifter Award
Callistus Schissel   44 MM1R-AD136.2      140    0.5076     496.04 -529.1 -529.1          496.035    114.21       0          7
