                                    USAPL Southeastern USA Regional Bench Press & Powerlifting Championships

                                                    Gold's Gym - Port St. Lucie, Florida / Sunday, November 19, 2006


                                                                                    SQUAT                      BENCHPRESS                            DEADLIFT
NR WT.      BDW.            NAME            Age       Division            1.       2.   3.                    1.   2.   3.             SUB.     1.      2.    3.       TOT.    Wilk's PL.
                         Bench Press
  F 60.00   63.8    Jeanna Bracetty         28    Open                                                       47.5      50.0    -52.5   50.0                            50.0    40.4    1.0
  F 90.00   91.6    Carol Adams             59    Open                                                       57.5     -60.0     60.0   60.0                            60.0    38.0    1.0
  F 90.00   91.6    Carol Adams             59    Masters 50+                                                57.5     -60.0     60.0   60.0                            60.0    38.0    1.0
  F 90.00   91.6    Carol Adams             59    Paralympic                                                 57.5     -60.0     60.0   60.0                            60.0    38.0    1.0
  75.00     74.8    Damian Fronzaglia       41    Open                                                       170.0    182.5    192.5   192.5                           192.5   137.4   1.0
  75.00     73.9    Todd Hibbard            34    Raw/Unequipped                                             125.0   -132.5   -137.5   125.0                           125.0   90.0    1.0
  75.00     74.8    Damian Fronzaglia       41    Masters 40+                                                170.0    182.5    192.4   192.4                           192.4   137.4   1.0
  82.50     82.0    Mosbah Elkenany         37    Open                                                      -190.0    200.0    205.0   205.0                           205.0   137.8   1.0
  100.00    98.5    Brian Burritt           39    Open                                                      -200.0   -200.0    207.5   207.5                           207.5   127.1   1.0
  100.00    99.3    Jerry Kluft             71    Masters 70+                                                137.5   -143.0   -143.0   137.5                           137.5   83.9    1.0
  110.00    107.8   Peter Maynard           40    Masters 40+                                               -150.0    155.0   -165.0   155.0                           155.0   88.8    1.0
  110.00    109.4   Frederick J. Goldberg   47    Raw/Unequipped                                             185.0   -227.5   -227.5   185.0                           185.0   109.1   1.0
  125.00    121.4   Skip Regan              54    Masters 50+                                                140.0    147.5   -155.0   147.5                           147.5   84.6    1.0
  SHW       125.3   Jesse Green             39    Open                                                       182.5    205.0    227.5   227.5                           227.5   129.4   1.0
  SHW       156.2   Keith Tanner            19    Teen [18-19]                                              -157.5    170.0   -182.5   170.0                           170.0   93.5    1.0
                          Powerlifting
  F 67.50   65.3    Brittany Bell           17    High School Varsity     52.5    70.0     80.0     80.0     -42.5    -52.5     52.5   132.5    90.0 105.0    115.0    247.5   258.8   1.0
  F 67.50   66.9    Jessica Schmidt         18    Collegiate              75.0    90.0    -105.0    90.0      42.5    -50.0    -50.0   132.5   -95.0 102.5    112.5    245.0   251.7   1.0
  F 90.00   87.4    Carolyn Phillips        58    Masters 50+            107.5    115.0   -120.0    115.0     50.0     55.0     57.5   172.5   107.5 117.5    122.5    295.0   258.2   1.0
  F 90.00   87.4    Carolyn Phillips        58    Raw/Unequipped         107.5    115.0   -120.0    115.0     50.0     55.0     57.5   172.5   107.5 117.5    122.5    295.0   258.2   1.0
  67.50     66.8    Justin Mederios         17    High School Varsity    137.5    142.5   -145.0    142.5    -90.0    -90.0    -90.0   142.5   160.0 180.0    -187.5   322.5   250.7   1.0
  75.00     74.6    Dean Mederios           17    High School Varsity    142.5    155.0    160.0    160.0    -90.0    100.0    105.0   265.0   190.0 200.0    215.0    480.0   343.3   1.0
  82.50     82.0    Mosbah Elkenany         37    Open                  -220.0    220.0    240.0    240.0   -190.0    200.0    205.0   445.0   200.0 220.0    225.0    670.0   450.5   1.0
  82.50     79.5    Jeff Cunningham         19    Teen [18-19]           152.5   -165.0   -165.0    152.5    120.0    127.5   -132.5   280.0   180.0 200.0    205.0    485.0   332.4   1.0
  82.50     77.9    Mark Lee                21    Collegiate             167.5   -180.0   -180.0    167.5   -135.0    135.0   -137.5   302.5   170.0 180.0    -187.5   482.5   335.1   1.0
  82.50     79.1    Chuck Hoddup            63    Raw/Unequipped         -75.0    87.5     105.0    105.0     55.0     60.0    -67.5   165.0   110.0 137.5    -152.5   302.5   208.0   1.0
  82.50     77.1    Tony Nicolini           67    Masters 60+            125.0    137.5   -145.0    137.5     77.5     85.0    -87.5   222.5   130.0 145.0     Pass    367.5   257.0   1.0
  90.00     89.8    Julian Ulvang           43    Open                   240.0    247.5    255.0    255.0    180.0    187.5   -190.0   442.5   227.5 242.5    250.0    692.5   442.6   1.0
  90.00     89.5    Logan Bush              33    Teen [14-15]           220.0   -237.5   -237.5    220.0   -132.5    132.5    142.5   362.5   225.0 242.5    252.5    615.0   393.7   1.0
  90.00     85.5    Nicholas Prisco         16    High School Varsity    130.0    137.5   -145.0    137.5     82.5     92.5   -100.0   230.0   160.0 172.5    182.5    412.5   270.7   1.0
  90.00     89.8    Julian Ulvang           43    Masters 40+            242.5    247.5    255.0    255.0    180.0    187.5   -190.0   442.5   227.5 242.5    250.0    692.5   442.6   1.0
  100.00    96.6    Jon Landau              36    Open                   250.0    265.0   -275.0    265.0    185.0   -195.0   -200.0   450.0   255.0 270.0    -277.5   720.0   444.5   1.0
  100.00    90.4    Matt Otero              27    Open                   227.5    245.0   -265.0    245.0    162.5   -172.5   -172.5   407.5   240.0 260.0    -272.5   667.5   425.2   2.0
  100.00    95.0    John Richardson         28    Open                   207.5   -215.0   -215.0    207.5    135.0    152.5    165.0   372.5   197.5 207.5    215.0    587.5   365.4   3.0
  100.00    97.6    Wole Ogundasi           21    Collegiate             170.0   -185.0    185.0    185.0    132.5    142.5   -147.5   327.5   227.5 250.0    255.0    582.5   358.1   1.0
  100.00    93.6    Chris Edwards           21    Collegiate            -185.0    195.0   -205.0    195.0   -137.5   -137.5    137.5   332.5   220.0 230.0    -247.5   562.5   352.3   2.0
  100.00    91.3    Jonathon Hernandez      20    Collegiate             152.5    167.5   -187.5    167.5    115.0    122.5   -132.5   290.0   197.5 -220.0   220.0    510.0   323.2   3.0
  100.00    99.8    Bill Beekley            47    Raw/Unequipped         217.5   -237.5   -237.5    217.5    145.0   -152.5   -152.5   362.5   227.5 -272.5   -272.5   590.0   359.4   1.0
  110.00    102.5   Lenny Beir              24    Open                  -130.0   -130.0    155.0    155.0    105.0   -112.5   -112.5   260.0   140.0 150.0    -160.0   410.0   247.1   1.0
  110.00    103.9   Garrett Owens           20    Collegiate             202.5    210.0    220.0    220.0    140.0    145.0    150.0   370.0   225.0 237.5    250.0    620.0   371.9   1.0
  110.00    108.2   Nick Hernandez          20    Collegiate             187.5   -187.5    200.0    200.0     65.0    Pass     Pass    265.0   227.5 240.0    252.5    517.5   306.2   2.0
  110.00    108.1   Gabriel Reyes           23    Junior [20-23]        -202.5   -202.5   -202.5   -202.5   -127.5    127.5   -142.5   127.5   227.5 242.5    -250.0   370.0   218.9   1.0
  110.00    107.8   Peter Maynard           40    Masters 40+           -160.0    160.0    175.0    175.0   -150.0    155.0   -165.0   330.0   160.0 170.0    182.5    512.5   303.6   1.0
  125.00    118.7   Peter Bush              15    Open                  -295.0    295.0   -317.5    295.0    175.0    215.0   -225.0   510.0   250.0 265.0    272.5    782.5   451.0   1.0
  125.00    116.3   Rick Chavez             50    Open                   277.5    295.0    310.0    310.0    165.0   -172.5   -172.5   475.0   247.5 257.5    262.5    737.5   427.2   1.0
  125.00    114.0   Darryl Thomas           15    High School JV         142.5   -155.0    155.0    155.0    102.5    107.5    110.0   265.0   185.0 190.0    -200.0   455.0   265.0   1.0
  125.00    116.3   Rick Chavez             50    Masters 50+           -277.5    295.0    310.0    310.0    165.0   -172.5   -172.5   475.0   247.5 257.5    262.5    737.5   427.2   1.0
  125.00    114.5   Shawn Jones             27    Raw/Unequipped         227.5    245.0   -255.0    245.0    142.5    155.0    162.5   407.5   250.0 -272.5   -272.5   657.5   382.5   1.0
  125.00    115.7   Tim Burns               37    Raw/Unequipped         210.0   -237.5   -237.5    210.0    165.0   -182.5   -182.5   375.0   217.5 237.5    -250.0   612.5   355.3   2.0
  SHW       153.0   Beau Moore              41    Open                   310.0   -332.5   -332.5    310.0    242.5   -252.5    252.5   562.5   327.5 355.0    -365.0   917.5   506.3   1.0
  SHW       153.0   Beau Moore              41    Masters 40+            310.0   -332.5   -332.5    310.0    242.5   -252.5    252.5   562.5   327.5 355.0    -365.0   917.5   506.3   1.0
  SHW       153.0   Beau Moore              41    Raw/Unequipped         310.0   -332.5   -332.5    310.0    242.5   -252.5    252.5   562.5   327.5 355.0    -365.0   917.5   506.3   1.0
  SHW       137.8   Taylor Schinkel         18    Collegiate             130.0   -147.5   -147.5    130.0    107.5    115.0    120.0   250.0   175.0 182.5    207.5    457.5   256.3   1.0

                              Out
   100.00           Nick Anicito            27    Open
   125.00           Keith Tillman           50    Masters 50+




HEADREFEREE                                                             LEFT-REFEREE                                                                  RIGHT-REFEREE
NAME:                                                                   NAME:                                                                         NAME:
