North West and Wales Qualifier 10 and 11 February 2018

Saturday 10th

Flight A

 A    Valerija Aliochina 21 junior         F_JR_ABPU    53.4    56    1.2212    7      60      65    72.5     72.5    3    40 47.5     -52.5   47.5    120      85     -95      -95      85     205
 A      Jessica Lane        25            F_OCR_ABPU     52     52    1.2466   7.5     60    72.5    82.5     82.5    3    40    45      -50    45    127.5    100     110      115     115    242.5
 A     Jade Medhurst 16 Teen 1           F_TCR_2_ABPU   67.5   67.5   1.0206    7      75      80     -85       80    3    35 37.5       -40   37.5   117.5    105     110      115     115    232.5
 A      Amy Hughes 31 Open                F_OCR_ABPU    74.4    75    0.9555    5      80      90    -100       90    3   37.5 40       42.5   42.5   132.5    110     120      130     130    262.5
 A     Hannah Holmes 28 Open               F_OR_ABPU    58.7    60     1.134   6.5     80    87.5    92.5     92.5    3   42.5 47.5     52.5   52.5    145    112.5   117.5     120     120     265
 A     Caroline Blake 29 Open              F_OR_ABPU    74.3    75    0.9563    6     -80      85     -95       85    4   47.5 55        -60    55     140     120     130     137.5   137.5   277.5
 A    Hannah Anderson 33 Open             F_OCR_ABPU    58.3    60    1.1401    6     100     110    -115      110    3   62.5 65      -67.5    65     175     120     130     137.5   137.5   312.5
 A      Robyne Smith 27 Open              F_OCR_ABPU    74.1    75    0.9579    6     100     110              110    3    80    85       90    90     200     160     170     177.5   177.5   377.5
 A      Abbie Morris 19 Teen 3           F_TCR_3_ABPU   65.7   67.5   1.0408    6     110     120      -130    120    2   52.5 60      -62.5    60     180     110     120     -130     120     300
 A      Fay Northcott 25 Open             F_OCR_ABPU     73     75    0.9672    6     125    132.5    137.5   137.5   3   57.5 60       62.5   62.5    200     140    152.5     160     160     360
 A   Zsuzsanna Nagyne 30 Open             F_OCR_ABPU    66.2   67.5   1.0351    6    137.5    145      -155    145    3   62.5 -67.5   -67.5   62.5   207.5   152.5   162.5   -167.5   162.5    370
 A   Dominique Fisher
                    45 Master 2 & Open     F_OCR_BPU    73.2    75    0.9655   8.5    185     195    -202.5    195    2    80    85      -90    85     280     170     180     -190     180     460
 A   Dominique Fisher
                    45 Master 2 & Open   F_MCR_2_BPU    73.2    75    0.9655    7     185                       0     2    80                   0       0      170     180               0       0
Flight B

 B John Warburton 30 Open         M_OR_ABPU    82.2   82.5   0.6714    6    100                      100    3 120 130 140 140             240    180
 B Daniel Routledge 22 Junior     M_JR_ABPU    73.9    75     0.72     6    -140    150      160     160    3 85     -90 -90       85     245    170 180 -190
 B Mohamed Elsherkisi18 Teen 2    M_TR_3_BPU   79.2   82.5   0.6871    5    145     155     162.5   162.5   3 110 122.5 127.5 127.5       290    190 205 210
 B Jamie Routledge 20 Junior      M_JR_ABPU    80.5   82.5    0.68     6    150     170      -180    170    3 90 -100 105 105             275    200 210 -220
 B     Matt Morgan 31 Open       M_OCR_ABPU    73.5    75    0.7228   5.5   -160   -160      160     160    3 -110 -110 -110       0       0     180 200 -220
 B Harry Sheader 20 Junior       M_JCR_ABPU    63.7   67.5   0.8089    6    -165   -165      -165     0     2 95 102.5 110 110             0     180 195 205
 B      Sam Jones 19 Teen 3      M_TCR_3_BPU   81.3   82.5   0.6759    5    190     205      -220    205    4 127.5 132.5 -137.5 132.5   337.5   250 262.5 270
 B      Greg Marco 41 Master 1   M_MCR_1_BPU   81.3   82.5   0.6759    6    200     215      220     220    4 140 145 150 150             370    220 235 245
 B       Phil Evans 27 Open       M_OR_ABPU    81.4   82.5   0.6754    5    200    207.5   -212.5   207.5   4 100 110             110    317.5   240 250 -255
 B Josh Ingram+bnnch only 24      M_OR_ABPU    82.3   82.5   0.6709    6    200     215      220     220    3 140 147.5 -155 147.5       367.5   250 -262.5 -262.5
 B Ashley Armstrong 22 Junior     M_JCR_BPU    80.3   82.5   0.6811    5    200     220     232.5   232.5   3 142.5 150 155 155          387.5   250 262.5 272.5
 B Simon Vickers 35 Open         M_OCR_ABPU    79.5   82.5   0.6854    6    205     220      230     230    3 127.5 135 140 140           370    220 260 272.5
 B      Mike Hoare 25 Open        M_OR_BPU     75.4   82.5   0.7099   6.5   210     220      -230    220    3 135 145 -152.5 145          365    250 270 285
 B     Chris Phelps 30 OPen       M_OEM_BPU     75     75    0.7126    9    240    -260      -260    240    2 140 -150 -150 140           380    240 -250 -250
 B     Dan Oltkam 29 Open         M_OR_BPU     74.7    75    0.7146                                   0     3 125 -132.5 135 135           0     200 215 -220
 B Morgan Williams 16 Teen        M_TR_2_BPU   55.2    56    0.9233                                   0     3 60     70     -80    70      0
 B Jordan Newman 28               M_OR_BPU                      0                                     0     3 145 -160 -172.5 145          0
Flight C

 C Charlotte Moore 19           F_TCR_3_ABPU   77.7    82.5   0.9304    6      -75   82.5 92.5 92.5     4 37.5     -45 -45 37.5 130 92.5 102.5 110          110     240
 C Ann Votsikas 53 Master 3      F_MR_3_ABPU   82.4    82.5   0.9005    6    -77.5   77.5 82.5 82.5     3 55        60 -65 60 142.5 135 142.5 -150         142.5    285
 C Kerry Jones 30 Open            F_OCR_BPU    80.7    82.5   0.9106    7       80     95 105 105       2 45       -60 -60 45 150 100 115 125               125     275
 C   Alex Wright       26          F_OR_BPU    86.4     90    0.8797    7       80   92.5 102.5 102.5   3 47.5     -55 -62.5 47.5 150 110 117.5 -127.5     117.5     0
 C   Kerrie Price 24 Open        F_OCR_ABPU    83.1     90    0.8966    7       90    100 -110 100      2 45        50 52.5 52.5 152.5 115 125 132.5       132.5    285
 C Carol Hughes 41 Master1      F_MCR_1_ABPU   120.9   SHW    0.7986   7.5     125    140 -155 140      3 62.5    67.5 72.5 72.5 212.5 120 -125 -130        120    332.5
 C    Learna Lee 32 Open         F_OCR_ABPU    83.2     90    0.8961    8      145    150 -155 150      0 75      82.5 90      90 240 155 165 -170          165     405
 C Erin Cartwright     27        F_OCR_ABPU    120.5   SHW    0.7991    6    152.5   -160 160 160       3 70        80   85    85 245 170 177.5 -185       177.5   422.5
 C   Ed Harrison T3 18            M_TR_3_BPU   86.8     90    0.6507   5.5     165    180 -190 180      3 -135     135 150 150 330 200 220 240              240     570
 C Michael Lucas 23 Junior        M_JCR_BPU    123.8    125    0.571    3      185    200        200    3 150      160 -170 160 360 -250 -260 260           260     620
 C Tom Bartholomew 23 Junior     M_JCR_ABPU    97.3     100   0.6155    5      190    200 210 210       4 125      135 -145 135 345 205 215 225             225     570
 C Nathanael Pettit 22 Junior      M_JR_BPU     90      90    0.6384    5      200    210 220 220       4 155      165 -172.5 165 385 282.5 -292.5         282.5   667.5
 C   Marcus Kay        21         M_JCR_BPU    109.8    110   0.5888    6      260    280 290 290       3 160     -180 -180 160 450 280 305 -315            305     755
 C Luke Harrison 23 Junior        M_JCR_BPU    99.2     100   0.6106    5     -275   -275 275 275       3 187.5   -200 -200 187.5 462.5 287.5 300 -312.5    300    762.5
SUNDAY 11th:

FLIGHT A

A        Pat Kelly 53 Master 3     M_MCR_3_BPU   86.3   90    0.6528    5    145   -160      160    160    4   110 120 130 130 290 -190 190 205           205     495
A      Darren Collett 35 Open       M_OR_ABPU    96.5   100   0.6177   4.5   160    180      190    190    4   120 125 -130 125 315 200 220 -230          220     535
A     Grant Roberts      27         M_OCR_BPU    97.2   100   0.6158    3I   170    180     -190    180    4   145             145 325 220 235 -245       235     560
A     Richard Martin 40 Master 1   M_MCR_1_BPU   89.6   90    0.6398    7    180    200      220    220    4   120 130 140 140 360 220 240 260            260     620
A    Huw Moss Hughs 24              M_OCR_BPU    86.4   90    0.6523    5    200    210     -220    210    4   140 -150 -155 140 350 220 240 260          260     610
A       John Devlin 47 Master 2    M_MR_2_ABPU   99.4   100   0.6101    5    200    220      225    225    3   135 145 147.5 147.5 372.5 240 250 257.5   257.5    630
A    Thaheer Mannan 30 Open         M_OCR_BPU    89.5   90    0.6402    6    245   272.5    -285   272.5   4   125 132.5      132.5 405 -245 245 272.5   272.5   677.5
A      Paul Murphy       49        M_MES_2_BPU   89.9   90    0.6388    8    260   282.5     290    290    3   145 155 162.5 162.5 452.5 260 -272.5       260    712.5
A   Tawanda Bwerudza 24 OPen       M_OCR_ABPU    88.4   90    0.6444   4.5   220    240      250    250    4   125 135 142.5 142.5 392.5 270 302.5 310    310    702.5
A    Kristaps Tomciks 30            M_OCR_BPU    98.1   100   0.6134   6.5   305    320     -335    320    3   205 -215 217.5 217.5 537.5 270 -282.5      270    807.5
A       Wylie Sung 30 Open          M_OCR_BPU    89.5   90    0.6402    6I   260    275    287.5   287.5   3   155 162.5 170 170 457.5 290 305 315        315    772.5
Flight B



 A    Chris Etherington 35 Open      M_OR_ABPU    89.2   90    0.6413   6.5   140    150      160    160    4   110    120 -135 120 280         160     180     210 210     490
 A        Pat Kelly 53 Master 3     M_MCR_3_BPU   86.3   90    0.6528    5    145   -160      160    160    4   110    120 130 130 290         -190     190     205 205     495
 A      Darren Collett 35 Open       M_OR_ABPU    96.5   100   0.6177   4.5   160    180      190    190    4   120    125 -130 125 315         200     220    -230 220     535
 A     Grant Roberts 27              M_OCR_BPU    97.2   100   0.6158    3I   170    180     -190    180    4   145               145 325       220     235    -245 235     560
 A     Richard Martin 40 Master 1   M_MCR_1_BPU   89.6   90    0.6398    7    180    200      220    220    4   120    130 140 140 360          220     240     260 260     620
 A    Huw Moss Hughs 24              M_OCR_BPU    86.4   90    0.6523    5    200    210     -220    210    4   140   -150 -155 140 350         220     240     260 260     610
 A       John Devlin 47 Master 2    M_MR_2_ABPU   99.4   100   0.6101    5    200    220      225    225    3   135    145 147.5 147.5 372.5    240     250    257.5
                                                                                                                                                                   257.5    630
 A    Thaheer Mannan 30 Open         M_OCR_BPU    89.5   90    0.6402    6    245   272.5    -285   272.5   4   125   132.5      132.5 405     -245     245    272.5
                                                                                                                                                                   272.5   677.5
 A      Paul Murphy        49       M_MES_2_BPU   89.9   90    0.6388    8    260   282.5     290    290    3   145    155 162.5 162.5 452.5    260   -272.5        260    712.5
 A   Tawanda Bwerudza 24 OPen       M_OCR_ABPU    88.4   90    0.6444   4.5   220    240      250    250    4   125    135 142.5 142.5 392.5    270    302.5   310 310     702.5
 A    Kristaps Tomciks 30            M_OCR_BPU    98.1   100   0.6134   6.5   305    320     -335    320    3   205   -215 217.5 217.5 537.5    270   -282.5        270    807.5
 A       Wylie Sung 30 Open          M_OCR_BPU    89.5   90    0.6402    6I   260    275    287.5   287.5   3   155   162.5 170 170 457.5       290     305    315 315     772.5
