Name
Hazel Hu

Div

F-Sen-C
F-Sen-C
Claire McConnell
F-Sen-C
Jodie McLoughlin
F-Sen-C
Linh Nguyen
F-Sen-C
Nicole Fraser F-Sen-C
Bernice Flynn F-Sen-C
Lauren Rooney
F-Sen-C
Kathleen Scully
F-Sen-C
Medb Murtagh
F-u23-C
Brónagh McPeake
F-u23-C
Noel Whelan
M-Sen-C
Dan Hurley M-Sen-C
Barry Pigott M-Sen-C
Andrew Wilson
M-Sen-C
James Hanley M-Sen-C
Michael Bruce M-Sen-C
Sean Crowe
M-Sen-C
Rob Burke M-Sen-C
Daniel McAuley M-u23-C
Adam Keane
M-u23-C
Jamie Sullivan
M-u23-C
Arthur Lynch
M-u23-C
Daniel McIlhagga
M-u23-C
Peter Lawrence M-u23-C
Nathanial Stewart
M-u23-C
Conor Meyler M-u23-C
Jack Caldwell M-u18-C
Kiera Hillary

Weight

SQ-1

SQ-2

SQ-3

Best SQ

BP-1

BP-2

BP-3

Best BP

DL-1

DL-2

DL-3

Best DL

(1) PL
Total

49.9
51.1
54.6
55.5
61.9
68.4
66.1
83.6
76
51.1
62.8
59.4
81.5
90.7
88.9
97
99.4
118.8
142.5
71.7
75.9
79.1
91.1
91.3
91.3
104.3
111.8
65

107.5
-92.5
67.5
-90
120
150
72.5
125
97.5
-102.5
100
150
177.5
245
-180
220
200
215
175
150
207.5
130
215
175
150
200
210
-105

110
92.5
70
-90
125
-160
75
132.5
100
-102.5
115
157.5
187.5
260
180
230

112.5
95
-72.5
-90
-130
-160
-77.5
137.5
105

112.5
95
70
0
125
150
75
137.5
105
0
125
162.5
187.5
260
180
240
200
225
205
160
222.5
150
225
175
160
210
222.5
130

-57.5
40
40
50
55
75
55
62.5
50
52.5
50
90
110
185
117.5
145
130
130
115
102.5
102.5
100
150
105
112.5
95
125
65

60
42.5
42.5
52.5
57.5
80
57.5
-67.5
52.5
55
-57.5
95
-115
195
125
150

-62.5
45
-45
-55
-60
-85
-60
67.5
-55
57.5
-57.5
-100
115
200
-130
155

-135
130
-87.5
100
130
-165
115
162.5
-127.5
130
-145
182.5

-145
-130
-110
-107.5
-112.5
160
-110
-125
-105
135
-85

130
122.5
80
95
120
150
105
150
120
120
130
165
-225
275
215
240
242.5
280
200
175
240
135
260
235
200
250
235
110

-135
127.5
82.5
97.5
125
160
110
157.5
122.5
125
140
175
225
285
227.5
255

137.5
125
107.5
-107.5
107.5
155
-110
120
100
130
75

60
45
42.5
52.5
57.5
80
57.5
67.5
52.5
57.5
50
95
115
200
125
155
130
137.5
125
107.5
102.5
107.5
160
105
120
100
135
75

305
225
185
250
150
280
250
210
260
245
140

-315
240
-192.5
255
160
-290
-260
-215
270
-250
150

130
130
82.5
100
130
160
115
162.5
122.5
130
140
182.5
225
285
235
262.5
242.5
305
240
185
255
160
280
250
210
270
245
150

302.5
270
195
0
312.5
390
247.5
367.5
280
0
315
440
527.5
745
540
657.5
572.5
667.5
570
452.5
580
417.5
665
530
490
580
602.5
355

225
190
160
222.5
140
225
-180
160
210
217.5
115

125
162.5
-200
-195
240
0
-232.5
205
-170
-240
150
-230
-180
-165
-220
222.5
130

235
262.5

(2)
Pl-DivWilks Pts WtCls-Evt
389.196
341.145
234.039
0.000
340.125
394.290
256.460
328.508
264.012
0.000
339.098
378.752
356.010
473.746
346.896
405.217
349.282
384.680
317.661
333.040
409.886
287.073
421.943
335.914
310.562
347.420
352.824
282.296

1-F-Sen-C-52-PL
2-F-Sen-C-52-PL
1-F-Sen-C-57-PL

1-F-Sen-C-63-PL
1-F-Sen-C-72-PL
2-F-Sen-C-72-PL
1-F-Sen-C-84-PL
2-F-Sen-C-84-PL

1-F-u23-C-63-PL
1-M-Sen-C-66-PL
1-M-Sen-C-83-PL
1-M-Sen-C-93-PL
2-M-Sen-C-93-PL
1-M-Sen-C-105-PL
2-M-Sen-C-105-PL
1-M-Sen-C-120-PL
1-M-Sen-C-120+-PL

1-M-u23-C-74-PL
1-M-u23-C-83-PL
2-M-u23-C-83-PL
1-M-u23-C-93-PL
2-M-u23-C-93-PL
3-M-u23-C-93-PL
1-M-u23-C-105-PL
1-M-u23-C-120-PL
1-M-u18-C-66-PL

