                           RELENTLESS-Lb Results
                                                    WtCls                                                      Best                                            Best                                                         Best                   Coeff       Age &
           Name             Age   Div    BWt (Lb)           Schwartz   Squat 1       Squat 2      Squat 3                Bench 1     Bench 2     Bench 3                Sub Total   Deadlift 1   Deadlift 2   Deadlift 3              PL Total
                                                     (Lb)                                                      Squat                                          Bench                                                        Deadlift                Score       Coeff
          AD RAW
AD	R	AMELIA	MERFELD         16    F-T     109.6      114     1.0038     99.207       110.23      121.253       110.23     77.161      88.184      -99.207     88.184    198.414     115.7415     126.7645     137.7875     137.7875    336.2015    153.0795   172.97983
AD	R	CRYSTA	BRUNS           15     F-T     149       165     0.7249    165.345      -187.391     192.9025     192.9025    66.138      77.161     -82.6725     77.161    270.0635    176.368      192.9025     209.437      209.437     479.5005   157.66575   186.04558
AD	R	JESS	BETCHEL           16     F-T    151.3      165     0.7155    154.322      176.368      -198.414     176.368     66.138     82.6725     -93.6955    82.6725    259.0405    132.276      154.322      176.368      176.368     435.4085   141.31125   159.68171
AD	R	MORGAN	IRONS           20    F-JR    189.5      198     0.6022    292.1095     308.644       330.69       330.69    176.368     192.9025    203.9255    203.9255   534.6155    352.736      385.805       -402.34     385.805     920.4205    251.4185   258.96105   BEST	LIFTER
AD	R	JENNA	SHERRIFF         32    F-O      142       148      0.758    236.9945     259.0405     -275.575     259.0405   104.7185    115.7415    121.253     121.253    380.2935    264.552      286.598      -303.133     286.598     666.8915     229.295       0
AD	R	DARLENE	DELK           39    F-O     177.6      181     0.6295    225.9715     253.529      264.552      264.552    137.7875    -148.811    -148.811    137.7875   402.3395    297.621      -308.644     308.644      308.644     710.9835   203.01375       0
AD	R	JACKIE	TREVIS          29    F-O     259.6     SHW       0.529    148.8105     165.345      -176.368     165.345    115.7415    126.7645    137.7875    137.7875   303.1325    236.9945     -253.529     -253.529     236.9945     540.127     129.605       0
AD	R	NIKKI	MERSON           45    F-O     148.7      148     0.7268    198.414      231.483      236.9945     236.9945   126.7645    137.7875    143.299     143.299    380.2935    259.0405     -286.598     286.598      286.598     666.8915     219.857   231.94913
AD	R	ERIN	ZEMANOVIC         47    F-M     161.3      165     0.6774    264.552         0            0            0       143.299     148.8105    -154.322    148.8105      0        270.0635        0             0           0            0           0          0
AD	R	DEREK	ROBLYER          28    M-O     218.4      220     0.5563    446.4315     473.989      -518.081     473.989    374.782     391.3165    -396.828    391.3165   865.3055    -573.196     573.196      600.7535     600.7535    1466.059    369.9395       0
AD	R	KHALID	KHALIL          24    M-O     217.4      220     0.5575    451.943      -507.058     507.058      507.058    275.575     303.1325    -314.156    303.1325   810.1905    512.5695     573.196      -589.731     573.196    1383.3865   349.83125       0
AD	R	ANDREW	BURNELL         28    M-O     277.6      308     0.5212    606.265      650.357      -705.472     650.357    462.966     490.5235    -518.081    490.5235   1140.881    639.334      694.449      -722.007     694.449    1835.3295      433.89       0       BEST	LIFTER
AD	R	NATE	McLAUCHLIN        25    M-O     308.6      308     0.5034    755.0755     -782.633     782.633      782.633    413.3625    446.4315    -473.989    446.4315   1229.065    617.288      650.357      -672.403     650.357    1879.4215    429.1485       0
AD	R	BEZAD	BAKHSHANDEH      26    M-O     418.2     SHW     0.45801    -396.828     -429.897     -429.897        0           0           0           0           0         0           0            0             0           0            0           0          0
AD	R	JERRY	ADKINS           42    M-M     239.4      242     0.5382    451.943      -473.989     -485.012     451.943    242.506     -264.552    -270.064    242.506    694.449     451.943      485.012       -512.57     485.012     1179.461     287.937   293.69574
AD	R	SCOTT	SUTHERLIN        45    M-M     249.4      275     0.5331    402.3395      551.15      600.7535     600.7535   319.667     352.736     -374.782    352.736    953.4895    225.9715        0             0        225.9715    1179.461    285.2085   300.89496
          AD	EQUIPPED
AD	E	JACQUELINE	STONE       38    F-O     241.9     SHW     0.5368     385.805      424.3855     457.4545     457.4545   264.552     292.1095    303.1325    303.1325   760.587     314.1555     352.736      369.2705     369.2705 1129.8575       275.11       0        BEST	LIFTER
AD	E	JJ	THOMAS              36    M-O     196.8     198     0.5881     -766.099     766.0985     -810.191     766.0985   512.5695    -534.616    -534.616    512.5695   1278.668    644.8455     683.426      -710.984     683.426 1962.094        523.409       0        BEST	LIFTER
AD	E	KYLE	DUCHSHERER        35    M-O     270.8     275      0.524     650.357      716.495      -760.587     716.495    -501.547    -518.081    518.081     518.081    1234.576     551.15      600.7535     -666.892     600.7535 1835.3295       436.23       0
           UPA	RAW	
R	MEGAN	FAHY                22    F-JR    168.7      181     0.6543    181.8795      209.437     225.9715     225.9715   104.7185    126.7645     -137.788   126.7645    352.736     264.552     303.1325      -325.179    303.1325    655.8685   194.65425   196.60079
R GEMMA LUCAS               34    F-O     144.5     148      0.746     132.276       154.322     -176.368     154.322      88.184      99.207    -104.719     99.207     253.529    187.391      203.9255      -220.46     203.9255    457.454     154.795        0
R	MICHELLE	KEAULANA         38    F-O     158.4      165     0.6882     341.713      363.759      -407.851     363.759   170.8565     187.391     -198.414    187.391     551.15    336.2015     369.2705      -385.805    369.2705    920.4205    287.3235       0
R	NATASHA	MINOR             26    F-O     188.5      198     0.6045    347.2245     380.2935       -402.34    380.2935   214.9485     -231.483    231.483     231.483   611.7765     407.851     446.4315      -462.966    446.4315    1058.208      290.16       0       BEST	LIFTER
R	NOEMI	MUNOZ               22    F-O     183.8      198     0.6147     209.437       -220.46       220.46      220.46     99.207    115.7415     -126.765   115.7415   336.2015      220.46      253.529      -281.087     253.529    589.7305   164.43225   166.07657
R STEPHANIE BOMSTAD         33    F-S     126.4     132     0.8532     209.437      236.9945     270.0635     270.0635   -115.742     143.299    -165.345    143.299    413.3625    209.437      242.506      270.0635     270.0635    683.426     264.492        0
R	ABBIE	CLARK                      F-S    146.8      148     0.7347      220.46     248.0175      -275.575    248.0175    121.253    137.7875     -154.322   137.7875    385.805     275.575     -303.133     303.1325     303.1325    688.9375   229.59375       0
R	WHITNEY	HANSON            52    F-M     132.1      132     0.8286     165.345     170.8565      176.368      176.368    -82.6725     88.184      -99.207     88.184    264.552     176.368     181.8795     192.9025     192.9025    457.4545    171.9345   200.30369
R		HILARY	CLARK             43    F-M     164.1      165     0.6687    -319.667      319.667      -341.713     319.667   159.8335     -165.345        0      159.8335   479.5005     363.759      385.805      -407.851     385.805    865.3055   262.46475   270.60115
R	DEANNA	MANCERA            43    F-M     156.1      165     0.6964    -253.529      -275.575     -275.575        0      126.7645     132.276     -143.299    132.276       0       236.9945      253.529     270.0635     270.0635        0           0          0
R	BRADYN	BARCLAY            15    M-T     173.8      181     0.6399     -330.69      374.782       -402.34     374.782    209.437    236.9945     -242.506   236.9945   611.7765    358.2475     402.3395      -424.386    402.3395    1014.116     294.354   347.33772
R	TREVOR	MENSEN             17    M-T     273.2      275     0.5239    303.1325     336.2015      -352.736    336.2015   225.9715     242.506     -264.552    242.506   578.7075    380.2935      418.874       440.92       440.92   1019.6275   242.30375   261.68805
R	DANIEL	McCAUGHEY          32    M-O     181.4      181     0.6203     341.713      363.759      385.805      385.805    253.529     264.552     -281.087    264.552    650.357     429.897     457.4545      473.989      473.989    1124.346     316.353       0
R	JEFF	AHRENS               26    M-O     196.6      198     0.5885    -578.708     578.7075     600.7535     600.7535   380.2935     396.828    402.3395    402.3395   1003.093    567.6845     600.7535     611.7765     611.7765   1614.8695   431.07625       0
R	BRAD	SNYDER               36    M-O     206.2      220     0.5727    446.4315      -485.012     485.012      485.012   281.0865     -308.644    -308.644   281.0865   766.0985     485.012      518.081      -534.616     518.081   1284.1795   333.59775       0
R	DANIEL	HENTGES            40    M-O     202.2      220      0.579    347.2245      385.805      -407.851     385.805    264.552    292.1095     -303.133   292.1095   677.9145    446.4315      485.012      507.058      507.058   1184.9725    311.2125    311.2125
R	SHAWN	CHASE               24    M-O     217.4      220     0.5575    633.8225      672.403      705.472      705.472    374.782     396.828     -413.363    396.828     1102.3    633.8225      672.403      -677.915     672.403    1774.703    448.7875       0
R	MARK	CHIECO               39    M-O     236.2      242     0.5404     683.426      -722.007    722.0065     722.0065   534.6155    545.6385     -556.662   545.6385   1267.645    611.7765     633.8225      -650.357    633.8225   1901.4675     466.095       0
R	MATTHEW	MITCHELL          25    M-O     236.4      242     0.5402    843.2595        881.84     -903.886      881.84    451.943    501.5465      -512.57   501.5465   1383.387     584.219     699.9605      -722.007    699.9605    2083.347     510.489       0       BEST	LIFTER
R	DREW	HECKMAN              34    M-O     268.4      275     0.5253      661.38      716.495      -738.541     716.495   413.3625    446.4315     451.943     451.943   1168.438    677.9145     722.0065      749.564      749.564    1918.002     457.011       0
R	JAMES	SPURGIN             35    M-O     244.6      275     0.5366      440.92      473.989      -507.058     473.989   159.8335    170.8565      -181.88   170.8565   644.8455    402.3395     435.4085      -457.455    435.4085    1080.254     262.934       0
R	ADAM	HARRINGTON           36    M-O     291.8      308     0.5121    -562.173      562.173      -600.754     562.173    374.782     407.851     -418.874    407.851    970.024     573.196     622.7995     633.8225     633.8225   1603.8465   372.55275       0
R	BRYCE	SNYDER              27    M-O     279.8      308     0.5199    -429.897      429.897      -468.478     429.897    275.575    303.1325     -314.156   303.1325   733.0295     540.127      584.219      617.288      617.288   1350.3175   318.43875       0
R	LUKE	DRIER                31    M-O     307.6      308     0.5039     749.564     777.1215      -804.679    777.1215     440.92     -473.989    -473.989     440.92   1218.042     727.518     -766.099     766.0985     766.0985     1984.14      453.51       0
R	DUSTIN	SLEPICA            30    M-O     422.2     SHW     0.45655    832.2365      903.886      -931.444     903.886    418.874     462.966     -485.012    462.966   1366.852     782.633      837.748      -859.794     837.748      2204.6      456.55       0
R	RYAN	CLARK                43    M-O      325      SHW      0.4955    -705.472      705.472      -766.099     705.472        0           0           0           0         0           0            0            0            0           0           0          0
R	WALTER	LEHER              39    M-O     329.6     SHW      0.4934     562.173      584.219      628.311      628.311    363.759    391.3165     407.851     407.851   1036.162     529.104     567.6845      606.265      606.265    1642.427     367.583       0
R	PATRICK	UMPHREY           39    M-S     175.8      181     0.6347     396.828     413.3625     424.3855     424.3855    253.529     264.552     -275.575    264.552   688.9375     363.759         0            0            0           0           0          0
R	SHAWN	VOGELGESANG         39    M-S     172.2      181     0.6442      66.138      82.6725     104.7185     104.7185    176.368     -187.391    -187.391    176.368   281.0865     176.368      187.391     203.9255     203.9255     485.012     141.724       0
R	NOMG	TERRY                48    M-M     163.8      165     0.6694    -176.368      176.368     192.9025     192.9025    154.322         0           0       154.322   347.2245     275.575     292.1095      308.644      308.644    655.8685    199.1465   218.46371
R	JESSE	RODRIGUES           51    M-M     257.2      275     0.5299     451.943      -507.058     -507.058     451.943    275.575     -308.644    -308.644    275.575    727.518     451.943     -501.547      -518.081     451.943    1179.461    283.4965   325.17048
R MICHAEL RISHER            41    M-M     266.8     275      0.526     275.575      297.621      319.667      319.667     319.667    -336.202    336.2015    336.2015   655.8685     551.15      584.219       606.265     606.265     1262.13     301.135     304.146
R	MIKE	REILLY               51    M-M     254.8      275     0.5309    -451.943      -451.943     451.943      451.943    374.782    402.3395     407.851     407.851    859.794     451.943      485.012      -501.547     485.012    1344.806     323.849   371.45480
R AARON CHAPMAN             43    M-M     299.4     308      0.508     424.3855     451.943       485.012     485.012    303.1325    314.1555      330.69     330.69    815.702     501.5465     540.127      -573.196     540.127     1355.89      312.42     322.105
R	BRAD	ROSS                 40    M-M      332      SHW      0.4923    -424.386        440.92     507.058      507.058    352.736     -374.782    -374.782    352.736    859.794     485.012     534.6155      -562.173    534.6155   1394.4095   311.37975   311.37975
         UPA	EQUIPPED	
E	BELINDA	CLARY             42    F-M     144.5     148       0.746    424.3855      473.989      -507.058     473.989   214.9485    -231.483 -231.483 214.9485         688.9375    369.2705 -391.317 -391.317             369.2705    1058.208      358.08    365.2416
E	ANN	LENZ                  38     F-S    171.3     181      0.6467     319.667        330.69     -369.271      330.69   203.9255    231.483  242.506  242.506           573.196    253.529   330.69  -336.202              330.69      903.886     265.147        0
E	SANDY	McCASSLIN           53    F-M     179.4     181      0.6251     407.851      -451.943         0        407.851   -308.644    -308.644 -308.644    0                 0       341.713     0        0                    0            0           0           0
E	ZACH	HENSON               24    M-O      220      220      0.5545    766.0985      -815.702     -848.771    766.0985   501.5465    534.6155 562.173  562.173          1328.272    722.0065 760.587  782.633              782.633    2110.9045   530.93375        0
E	BLAKE	SUMMERS             36    M-O     211.2     220      0.5654     -677.915     -677.915         0           0      479.5005        0        0       0                 0       584.219     0        0                    0            0           0           0
E	BRANDON	HILL              34    M-O     241.8     242      0.5368     727.518      -766.099    766.0985     766.0985     220.46    523.5925 -600.754 523.5925         1289.691    523.5925 562.173 600.7535              600.7535   1890.4445     460.306        0
E JOSEPH WALRAVEN           36    M-O      239      242     0.5385     -755.076     755.0755     -777.122     755.0755   457.4545    473.989 507.058 507.058            1262.134    496.035 540.127 -562.173               540.127     1802.26     440.223         0
E	DOMINIC	BUSACCA           25    M-O     255.4     275      0.5307       661.38     705.472      -727.518     705.472    462.966    501.5465 518.081  518.081          1223.553    501.5465 534.6155 -556.662             534.6155   1758.1685   423.23325        0
E	EDWARD	MAY                58    M-M     247.6     275      0.5339      -402.34      -402.34      -402.34        0       264.552    270.0635 281.0865 281.0865             0        330.69  380.2935 391.3165             391.3165        0           0           0
E	JOE	GROSZ                 36    M-O     271.4     275      0.5236     749.564      804.679      -832.237     804.679    540.127    573.196 -600.754 573.196           1377.875    617.288  639.334  672.403              672.403     2050.278     486.948        0
E JOHN LENZ                 44    M-M     263.6     275     0.5274     -755.076     -755.076     -804.679         0      567.6845    650.357 666.8915 666.8915              0       429.897 556.6615 584.219               584.219         0           0           0
E	PAT	CRAWFORD              30    M-O     273.8     275      0.5221    -766.099      -826.725     -826.725        0       606.265    -633.823 -633.823 606.265              0        551.15  606.265 -639.334              606.265         0           0           0
E	SCOTT	CARTWRIGHT          47    M-O      274      275       0.522    600.7535        661.38     -705.472      661.38   402.3395    451.943 -501.547 451.943           1113.323    501.5465 600.7535 -650.357             600.7535   1714.0765     405.855   439.13511
E	MARSHALL	JOHNSON          34    M-O     288.8     308      0.5138     826.725       -881.84       881.84      881.84    606.265    650.357  672.403  672.403          1554.243    733.0295 804.679  848.771              848.771     2403.014     560.042        0      BEST	LIFTER
E	STEVEN	LEE                38    M-O     306.4     308      0.5045     -782.633     -782.633     782.633      782.633   -683.426    683.426 -705.472 683.426           1466.059     551.15  -584.219 -584.219              551.15     2017.209    461.6175        0
E	COREY	BRITTON             30    M-O     387.6     SHW     0.47039      -953.49      -953.49     -981.047        0      699.9605        0        0       0                 0       782.633 -826.725 -826.725              782.633         0           0           0
E	BARZEEN	VAZIRI            32    M-O     360.6     SHW      0.4802     143.299          0            0        143.299    -804.67      837.74  -903.88  837.74            981.04     220.46     0        0                  220.46       1201.5      261.71        0
E	JAYSON	MCNETT             36    M-O      337      SHW       0.491     804.679      870.817      -914.909     870.817    407.851    435.4085 -440.92 435.4085          1306.226    617.288 644.8455 655.8685              655.8685    1962.094      436.99        0
E	MATT	NYMAN                40    M-O      330      SHW      0.4932     705.472     744.0525       -771.61    744.0525    396.828     -440.92   440.92  440.92          1184.973    584.219 -617.288 617.288               617.288    1802.2605     403.191     403.191
E	CODY	CAMPBELL             34    M-S     257.6     275      0.5298    622.7995     666.8915      705.472      705.472   369.2705    407.851  429.897  429.897          1135.369    567.6845 617.288 -644.846              617.288     1752.657     421.191        0
E	BILL	CARLOUGH             56    M-M     192.2     198      0.5969       661.38     705.472      -738.541     705.472   490.5235    518.081 -540.127 518.081           1223.553    485.012  518.081  540.127              540.127      1763.68      477.52   594.98992
E	CHRIS	BULL	GRIFFIN        40    M-M     306.6     308      0.5044     606.265     677.9145      -705.472    677.9145   314.1555    435.4085 451.943  451.943          1129.858    485.012 501.5465 -512.57               501.5465    1631.404     373.256     373.256
E	JEFF	BROWN                46    M-M     282.2     308      0.5174    744.0525      -782.633     -782.633    744.0525     220.46    253.529      0    253.529          997.5815    600.7535 639.334 -672.403              639.334    1636.9155    384.1695   410.29302
E	ROBERT	LEE                40    M-M     303.2     308      0.5061     804.679     854.2825        881.84      881.84   677.9145    705.472      0    705.472          1587.312    606.265 633.8225 -650.357              633.8225   2221.1345   509.89575   509.89575
E	FRED	CLARY                50    M-M     329.2     SHW      0.4936     -777.122     -777.122     -777.122        0          0           0        0       0                 0       451.943     0        0                    0            0           0           0
                           RELENTLESS-Lb Results
                                                    WtCls                                                       Best      Coeff
           Name             Age   Div    BWt (Lb)           Schwartz   Bench 1      Bench 2      Bench 3
                                                     (Lb)                                                      Bench      Score
          UPA/AD	RAW
AD	R	KAYLA	HEAL             26     F-O    181.7     181     0.6198      165.345    0         0       0                      0
AD R SAM MARTIN             22    M-JR     196      198     0.5939     286.598 303.1325 314.1555 314.155                 84.6307
AD	R	MARK	HAUSCHILDT        39    M-O     271.2     275     0.5237     523.5925 551.15   -562.173  551.15                130.925
AD	R	MICHAEL	SILBERNAGEL    37     M-S    267.6     275     0.5256     457.4545 479.5005 501.5465 501.5465               119.574
        UPA/AD	EQUIPPED
AD	E	BRADLEY	SLINNING       43    M-O     337.6     SHW     0.4898     738.541       -771.61     -771.61      738.541    164.083
            UPA	RAW	
R	JOCELYN	BENNETT           29    F-O      114       114      0.958    82.6725   88.184   -99.207               88.184   38.32
R	COLLEEN	FITZPATRICK       42    F-O     308.9     SHW      0.5033    275.575      0        0                    0        0
R	SAMANTHA	COLEMAN          37    F-O     336.7     SHW      0.4902    325.1785 352.736 369.2705              369.2705 82.1085 BEST	LIFTER
R	SAMANTHA	FIRMAN           42    F-M     163.3      165     0.6708    132.276 148.8105 -165.345              148.8105   45.279
R TYLER DELAROSA            17    M-T     239.8     242      0.538     308.644 325.1785 336.2015                336.2   82.045
R	JAKE	HARTMAN              29    M-O     218.2      220     0.5565    451.943 479.5005 -490.524              479.5005 121.03875
R	JAKE	IMMERMAN             28    M-O     240.8      242     0.5375    -418.874 -418.874 -418.874                 0        0
R	JERRY	PRAZAK              38    M-O     238.2      242     0.5391     330.69  352.736 -363.759               352.736   86.256
R	JON	JURSICH               31    M-O     274.6      275     0.5216    435.4085 473.989 501.5465              501.5465 118.664
R	ROB	POWERS                40    M-M     270.4      275     0.5241    352.736  385.805 413.3625              413.3625 98.26875
R	T.J.	FRANCIS              32    M-PF     411      SHW     0.46081    385.805  407.851 -424.386               407.851 85.24985
R	VINCE	BONTEMPO            42    M-M      379      SHW     0.47361    374.782  396.828 -424.386               396.828  85.2498
          UPA	EQUIPPED
E	ANN	LENZ                  38     F-S    171.3     181     0.6467     203.9255      231.483     242.506   242.506         71.137
E	DYLAN	HELLIE              21    M-JR     205      220     0.5744      352.736     -363.759     363.759   363.759         94.776
E	JOSH	SMITH                33    M-O     145.8     148     0.7398      -330.69     -336.202     352.736   352.736        118.368
E	TOM	WALDREP               53    M-O      220      220     0.5545     -744.053     -744.053     -766.099     0              0
E	DAN	EILERS                30    M-O     272.4     275      0.523     523.5925       551.15     -600.754   551.15         130.75
E	DAVE	MURPHY               62    M-M     246.2     275     0.5346      573.196     600.7535     622.7995 622.7995       151.0245
E	SHAUN	KOPPLIN             37    M-O      261      275     0.5284      -661.38     -683.426     -710.984     0              0
E JERRY FOLTZ               52    M-M      280      308     0.5186     418.874       440.92          0     440.92         103.72
E	MATT	HOUSER               33    M-O     292.4     308     0.5119      -881.84     -903.886     -920.421     0              0
E	STEVE	BROCK               46    M-O     306.6     308     0.5044     -804.679     -804.679     -804.679     0              0
E	BARZEEN	VAZIRI            32    M-O     360.6     SHW     0.4802     -804.679       837.74      -903.88   837.74         182.47 BEST	LIFTER
                           RELENTLESS-Lb Results
                                                    WtCls                                                      Best       Coeff
           Name             Age   Div    BWt (Lb)           Schwartz   Deadlift 1   Deadlift 2   Deadlift 3
                                                     (Lb)                                                     Deadlift    Score
         UPA/AD	RAW
AD	R	JACQUELINE	GEPPERT     40    F-M     165.1      165    0.6723     292.1095     319.667      347.2245 347.2245 105.88725
AD	R	KRISTY	KINNEY          24    F-O     195.9      198    0.5939     225.9715     253.529      275.575   275.575  74.2375
AD	R	MICHELLE	DEYSECH       43    F-M     236.1     SHW     0.5404     225.9715     236.9945     -248.018 236.9945   58.093
AD	R	SONNY	BRUNS            38    M-PF    287.6      308    0.5143     451.943      -501.547     -501.547 451.943 105.4315
           UPA	RAW
R	BRIDGET	SMITH             31    F-O     144.6      148     0.745     275.575      303.1325     319.667       319.667  108.025
R	DANIELLE	DEBEHNKE         36    F-O     147.8      148    0.7307     259.0405     303.1325     -314.156     303.1325 100.47125
R	JEN	PREINITZ              39    F-O     161.4      165    0.6774     341.713      -363.759     -363.759      341.713  104.997
R	JESSICA	DERVIN            22    F-O     160.3      165    0.6812     286.598      314.1555     341.713       341.713  105.586
R	KRISSY	MEDINA             36     F-S    171.5      181    0.6461     264.552      275.575      286.598       286.598   83.993
R	LIANE	SABOURIN            42    F-M     339.8     SHW     0.4888     352.736      385.805       -402.34      385.805   85.54
R	MIKE	DEMPSEY              56    M-M     219.8      220    0.5548     352.736       440.92      -462.966       440.92   110.96
R	JOHN	BERDING              51    M-M     229.2      242    0.5455     507.058      534.6155      -551.15     534.6155 132.28375
R	MATT	MEEK                 37    M-O     237.6      242    0.5393     578.7075      -622.8      -633.823     578.7075 141.56625
R	DAVID	BRAATEN             34    M-O      280       308    0.5186     639.334      -705.472     705.472       705.472  165.952 BEST	LIFTER
R	JOSH	GRIFFITH             29    M-O      318      SHW     0.4988     606.265      650.357      677.9145     677.9145 153.381
         UPA	EQUIPPED
E	EDDIE	LONEEAGLE           34    M-O      198       198    0.5861     617.288      -666.892     -666.892     617.288    164.108
E	KEVIN	FREY                38    M-O     291.4      308    0.5124     650.357      -705.472      -733.03     650.357    151.158
         GUEST	LIFTERS
	G	BRAD	NEITZEL             27                                         705.472 -766.099          -804.679 705.472
	G	GABBY	TEEGARDEN          13                                         159.8335 192.9025         214.9485 214.9485
	G	JOHNNY	LENZ               9                                         38.5805  49.6035          60.6265   60.6265
	G	RYLAN	TEEGARDEN          11                                         38.5805  143.299          154.322   154.322
	G	SERENITY	TREVIS           7                                         38.5805  38.5805          38.5805   38.5805
	G	ZANE	GROVE               15                                         159.8335 181.8795         209.437   209.437
G ALEX BRUNS                12                                         38.5805 49.6035           143.299 143.299
G	ASHLEY	GEPPERT            11                                         38.5805  49.6035          60.6265   60.6265
G	AVERY	DAGUSTINO            7                                         38.5805  49.6035          60.6265   60.6265
G	BROOKS	KNUDSON             8                                         38.5805  49.6035          60.6265   60.6265
G DAX FREY                  9                                          38.5805 49.6035           60.6265 60.6265
G	EMMA	SALAZAR              12                                         187.391 203.9255          231.483   231.483
G GILLIAN LEE               10                                         38.5805 49.6035           60.6265 60.6265
G	GRACE	HAMILTON            12                                         143.299 148.8105          154.322   154.322
G	HAYDEN	MEEK                7                                         -143.299 143.299          -154.322 143.299
G	LUKE	NASSIF               16                                         93.6955 126.7645          143.299   143.299
G	LUKE	WILSON                9                                         38.5805  49.6035          60.6265   60.6265
G	MADDEN	MEEK                6                                         38.5805  49.6035          60.6265   60.6265
G	MAX	CHAPMAN               11                                         159.8335 165.345          198.414   198.414
G	MIA	MERSON                11                                         38.5805  49.6035          60.6265   60.6265
G	MYA	BRANDENBURG            9                                         159.8335 181.8795         -203.926 181.8795
G	NATHAN	NYMAN              14                                         176.368 203.9255          225.9715 225.9715
G	PAIGE	PRAZAK                                                         143.299  154.322          165.345   165.345
G PRESTON PRAZAK            12                                         187.391 203.9255           220.46   220.46
G	SOPHIE	KNUDSON            11                                         38.5805  49.6035          60.6265   60.6265
G	VINCENT	LENZ	              8                                         38.5805  49.6035          60.6265   60.6265
G	VIRNETRA	BROWN            11                                         38.5805  49.6035          60.6265   60.6265
G	ZACHARY	BRADLEY           10                                         38.5805  49.6035          60.6265   60.6265
G	ZACHARY	SALAZAR           11                                         187.391 203.9255           220.46    220.46
