  May 26/18                                                                    2018 CPF Canadian Open Cash Day
                                     BWt     WtCls            Squat   Squat    Squat Bench Bench Bench Bench Deadlif Deadlif Deadlif                         Coeff    Age &    Place    Pl-Div-   Team
        Name           Age    Div                    Wilks                                                                           PL Total                                                             Team    Events
                                     (Kg)    (Kg)              1       2        3      1     2     3     4     t1      t2      t3                            Score    Coeff    code      WtCl      Pts

    Stewart Rogers     43 M-OCR 118.2         125    0.5770   182.5    200     207.5    122.5   127.5    -130              215     227.5    235     570.0    328.89   339.09   2.00    12-M-OCR   7.00              PL
     Ariel Kuppers     29 M-OCR      92.2     100    0.6308   200      215     -225     145      155     -165              270     280     292.5    662.5    417.91   417.91   2.00    3-M-OCR    7.00              PL
     Cam Andrist       20 M-OCR 109.7         110    0.5890   215     -220     -222.5   115     122.5    127.5             215     220     -225     562.5    331.31   341.25   2.00    11-M-OCR   7.00              PL
     Brian Rivard      24 M-OCR 141.7        SHW     0.5578   227.5    250      275     182.5   197.5    -210              272.5   287.5   -300     760.0    423.93   423.93   2.00    2-M-OCR    7.00              PL
    Colton Polsom      29 M-OCR 128.3         140    0.5670   230      245      260     147.5    160     -170              230     250     267.5    687.5    389.81   389.81   2.00    5-M-OCR    7.00              PL
     Dallas Smith      37 M-OCR 101.1         110    0.6060   252.5   -277.5   -280     152.5   -162.5   -162.5            252.5   -275    -275     657.5    398.45   398.45   2.00    4-M-OCR    7.00              PL
      Wil DeJong       25 M-OCR 106.8         110    0.5941   252.5    275     282.5    160      175     182.5             317.5   345     -350     810.0    481.22   481.22   2.00    1-M-OCR    7.00              PL
     Sean Angell       33    M-OE    105.6    110    0.5964   285     -297.5   297.5    -180    -180     -180              270     280     -290                                2.00                                 PL
      Jason Cook       35    M-OE    114.9    125    0.5812   375      395      410     -245     245     -255              295     325     -340     980.0    569.58   569.58   2.00     2-M-OE    7.00              PL
     Mike Webber       47    M-OE    114.2    125    0.5821   410     -435      435     230      255     -275              300     322.5            1012.5   589.38   747.33   2.00     1-M-OE    7.00              PL
      Kayla Terry      26    F-OCR    53      56     1.2284    90      95      -100      50      55       -60              110     115     122.5    272.5    334.74   334.74   2.00    4-F-OCR    7.00              PL
   Michelle Gagnon     47    F-OCR   85.9     90     0.8821   100     107.5     115      55      60      -62.5             112.5   120     127.5    302.5    266.84   288.72   2.00    5-F-OCR    7.00              PL
   Matthew Mitchell    29 M-OCR      71.2     75     0.7398   140     -150     -150      95      105     -110              195     210     -225     455.0    336.61   336.61   2.00    10-M-OCR   7.00              PL
    Robyn Schmidt      30    F-OCR   59.3     60     1.1251   165     172.5    182.5     85     92.5     97.5     -102.5   165     172.5    180     460.0    517.55   517.55   2.00    2-F-OCR    7.00              PL
      Laura Allan      33    F-OCR   88.7     90     0.8694   170     182.5     190      90     97.5     -100              180     192.5   -200     480.0    417.31   417.31   2.00    3-F-OCR    7.00              PL
     Tyson Delay       23 M-OCR      87.1     90     0.6495   175     182.5     190     112.5    125     -135              205     217.5   222.5    537.5    349.11   349.11   2.00    8-M-OCR    7.00              PL
     Tara Webber       28    F-OCR   67.2    67.5    1.0239   -195    -195      195     102.5   117.5    -127.5            200     215     -220     527.5    540.11   540.11   2.00    1-F-OCR    7.00              PL
     Jason Boxtart     50 M-OCR      93.2     100    0.6276   200     212.5    -215     147.5   -155     -155              220     227.5   -237.5   587.5    368.72   416.65   2.00    6-M-OCR    7.00              PL
   Christopher Wiebe   32 M-OCR      98.6     100    0.6121   205      215     -222.5   120     -127.5   -127.5            230     240      250     585.0    358.08   358.08   2.00    7-M-OCR    7.00              PL
       Dan Gillis      21 M-OCR      89.2     90     0.6413   -225     225      235     107.5   -117.5   -117.5            197.5   -205    -205     540.0    346.30   353.23   2.00    9-M-OCR    7.00              PL
