           11-Sep-21 2021 BIG IRON OPEN-Lb Results
                                    BWt    WtCls                                             Best                                   Best      Sub                                        Best                      Coeff
       Name          Age    Div                       Wilks   Squat 1   Squat 2   Squat 3            Bench 1   Bench 2   Bench 3                   Deadlift 1   Deadlift 2 Deadlift 3               PL Total               Pl-Div-WtCl
                                    (Kg)    (Kg)                                            Squat                                  Bench     Total                                      Deadlift                  Score
Hailie Frankl         13    MOR     54.5     56      0.9016   154.32    176.37    198.41    198.41   60.627    77.161    -99.207   77.161   275.58 170.86        192.9     209.44       209.44       485.012     198.352    1-MOR-56
Samantha Williams     26    MOR     57.4     60      0.8516   -242.51   242.51    -264.55   242.51   132.28     -143.3    -143.3   132.28   374.78   286.6      325.18     -341.71      325.18      699.9605     270.383    1-MOR-60
Kody Gray             23    MOR     65.4   67.5      0.7471   275.58    308.64    -347.22   308.64   176.37    198.41    214.95    214.95   523.59 363.76       413.36     440.92       440.92      964.5125   326.85625   1-MOR-67.5
David Raymond         29    MOR      75      75      0.6645   584.22    611.78    639.33    639.33   319.67    347.22    358.25    358.25   997.58 606.27       -633.82    -633.82      606.27     1603.8465   483.42375    1-MOR-75     3rd
Susan Casey           50    MOR      74      75      0.6716   236.99    259.04    275.58    275.58   132.28    -154.32   154.32    154.32    429.9  281.09      314.16     325.18       325.18      755.0755     230.023    2-MOR-75
Andrew Donnelly       23    MOR     79.6   82.5      0.6352   424.39    473.99    507.06    507.06   275.58    297.62    -303.13   297.62   804.68 424.39       -485.01    501.55       501.55     1306.2255     376.356   1-MOR-82.5
Derik Bailey          25    MOR     89.4     90      0.5877   710.98    755.08    793.66    793.66   358.25    380.29    -396.83   380.29   1173.9 677.91       -722.01    -722.01      677.91      1851.864     493.668    1-MOR-90     1st
Kolby Harrington      19    MOR     84.4     90      0.6098   562.17    611.78    -633.82   611.78   270.06    297.62    -319.67   297.62    909.4  584.22      -650.36    -650.36      584.22     1493.6165    413.1395    2-MOR-90
Dillon Jensen         29    MOR      90      90      0.5853   490.52    507.06    512.57    512.57   319.67    325.18     -336.2   325.18   837.75 606.27       617.29     633.82       633.82     1471.5705   390.68775    3-MOR-90
Dustin Bainbridge     22    MOR    89.58     90      0.5869    336.2    374.78    402.34    402.34   225.97    242.51    264.55    264.55   666.89 407.85       446.43      479.5        479.5      1146.392     305.188    4-MOR-90
Ryan Marx             34    MOR      97     100      0.5619   473.99        0        0      473.99    286.6    -297.62   297.62    297.62   771.61 440.92       473.99      -479.5      473.99      1245.599    317.4735   1-MOR-100
Noah Chartier         15    MOR     96.8    100      0.5624   369.27    -407.85   407.85    407.85   214.95    231.48    -248.02   231.48   639.33 374.78        429.9     440.92       440.92      1080.254     275.576   2-MOR-100
Austin Bultman        38    MOR    106.8    110      0.5408   749.56    -804.68   -804.68   749.56   473.99    -512.57   -512.57   473.99   1223.6 650.36       705.47     722.01       722.01     1945.5595     477.256   1-MOR-110
Cody Mohlencamp       27    MOR     109     110      0.5377    716.5    744.05    771.61    771.61    429.9    457.45    473.99    473.99   1245.6 633.82       -661.38    -661.38      633.82     1879.4215   458.38925   2-MOR-110
Joel Watchorn         22    MOR    109.2    110      0.5375    622.8    -677.91   677.91    677.91   231.48    -270.06   270.06    270.06   947.98 523.59       556.66     -578.71      556.66     1504.6395   366.84375   3-MOR-110
Preston Hocking       29    MOR    108.4    110      0.5385   402.34    457.45    485.01    485.01   242.51    270.06    -292.11   270.06   755.08 440.92        479.5     501.55       501.55      1256.622     306.945   4-MOR-110
Luke Uribe            41    MOR     118     125      0.5288    815.7    865.31    903.89    903.89    479.5    490.52    501.55    501.55   1405.4 611.78       -650.36    -650.36      611.78      2017.209     483.852   1-MOR-125     2nd
Ron Eaton             43    MOR    118.2    125      0.5286   683.43     -716.5    716.5     716.5   418.87    440.92    457.45    457.45   1173.9   573.2      617.29     -644.85      617.29     1791.2375    429.4875   2-MOR-125
Mike Langel           28    MOR    123.6    125       0.523   589.73    633.82     672.4     672.4   -385.81   396.83    418.87    418.87   1091.3 600.75       644.85     661.38       661.38      1752.657     415.785   3-MOR-125
Austin Homan          28    MOR    124.6    125      0.5216   617.29     672.4    -694.45    672.4   391.32    418.87    -435.41   418.87   1091.3 567.68       578.71     -611.78      578.71     1669.9845     395.112   4-MOR-125
Adam Harrington       40    MOR    139.2    140      0.5043   782.63    -843.26   -843.26   782.63   363.76    424.39       0      424.39    1207   683.43      744.05     -760.59      744.05      1951.071    446.3055   1-MOR-140
Bryce Snyder          32    MOR    137.2    140      0.5065   551.15    -584.22   -584.22   551.15   314.16    -347.22   -369.27   314.16   865.31 677.91       -727.52    -727.52      677.91       1543.22      354.55   2-MOR-140
Alex Anderson         25    MOR    136.4    140      0.5073    529.1    -551.15   551.15    551.15   363.76    385.81    -402.34   385.81   936.96 518.08       -556.66    -556.66      518.08      1455.036     334.818   3-MOR-140
