 19-Aug-18                                     2018 CAPO Powerlifting Championships, Brothers Rugby Club, Brisbane
                                       BWt     WtCls Glossbren   Squat   Squat    Squat     Squat Bench Bench Bench Bench Deadlif Deadlif Deadlif Deadlif               Coeff    Age &    Place     Pl-Div-
        Name              Age   Div                                                                                                                       PL Total
                                       (Kg)    (Kg)     ner        1       2        3         4     1     2     3     4     t1      t2      t3      t4                  Score    Coeff    code       WtCl

 Alex Canhao (QLD)        30 MO-RP 59.16        60     0.8439    170     -177.5   -177.5              90     97.5     -102.5    195    -205     -205            462.5   390.28   390.28   1.00    1-MO-RP-60
  Shane Rock (QLD)        45 MM-RP 67.22       67.5    0.7513    -190     195      205               125      135     -140      225     235     242.5    -250   582.5   437.60   461.67   3.00    2-MM-RP
   Vidu E.B (NSW)         38    MO-R   66.04   67.5    0.7630    -140     140      150                90      100     -105      205    -215     -215            455.0   347.17   347.17   1.00    1-MO-R-67.5

 Matthew Smith (SA)       28 MO-RP 78.02       82.5    0.6694    205      215     227.5              117.5    125     -132.5    220     240     247.5           600.0   401.61   401.61   1.00    1-MO-RP-82.5

   Dean Hall (QLD)        32 MO-RP     80.9    82.5    0.6557    190     -200     -207.5             130     -142.5   -150      190     210     -225            530.0   347.52   347.52   1.00    2-MO-RP-82.5

   Clay Scott (QLD)       28    MO-R   82.22   82.5    0.6462    195      215     -233     Injured                                                                                        1.00
  Cyll Duncan (QLD)       41 MM-RP 89.42        90     0.6142    185      195     -200               100      105      110      190     200      210            515.0   316.29   319.45   3.00    6-MM-RP
  Philip Glass (QLD)      45    MM-R   89.3     90     0.6146    147.5   157.5     165               82.5    87.5      -90      175     185     -190            437.5   268.87   283.65   3.00     3-MM-R
 Dominic Mitolo (SA)      25 MO-RP 88.28        90     0.6185    -215     220      250               165      175      185      230     250      270            705.0   436.01   436.01   1.00    1-MO-RP-90
Michael Trentin (QLD)     35 MO-RP     89.5     90     0.6138    -205     210     -217.5             142.5   -150      150      220     235     -242.5          595.0   365.18   365.18   1.00    2-MO-RP-90
Vince Simonetta (VIC)     57 MM-RP 98.22        100    0.5859    210     -230      230       240      95     -102.5    105     -260     260     -280            595.0   348.58   442.00   3.00    1-MM-RP
Peter Baskerville (QLD)   63 MM-RP 94.56        100    0.5962    185      200      205                80      85       90       200    212.5    217.5    225    512.5   305.53   434.15   3.00    3-MM-RP
 Sym Puskaric (QLD)       40    MM-R   97.18    100    0.5886    -180     180     -190               160      165     167.5     220     235      250            597.5   351.66   351.66   3.00     1-MM-R
 Paul Chapple (QLD)       43    MM-R   93.72    100    0.5990    125     132.5    -140               110      115     -117.5    165    172.5    182.5           430.0   257.57   265.55   3.00     4-MM-R
 Michael Kovac (QLD)      39 MO-RP 99.68        100    0.5821    215     -235      235               105     -115     -115      245     260     -265            600.0   349.23   349.23   1.00    1-MO-RP-100

 Garnet Gregory (WA)      59 MM-RP 91.84        100    0.6054    -190    -190     -190               120     -125      125      200     210      215                                      3.00
   Gary Jones (SA)        53 MM-RP 109.6        110    0.5631    -220    -232.5   232.5              155      165     -170      230    -247.5   -247.5          627.5   353.35   418.36   3.00    4-MM-RP
 Jarryd Reece (QLD)       28 MO-RP 108.8        110    0.5643    -270     285      300               160      175     -180      300     325     335.5           810.5   457.32   457.32   1.00    1-MO-RP-110

 Rohan Dwyer (QLD)        24 MO-RP 103.1        110    0.5744    245      260      270               135      140     -145      260     275     -290            685.0   393.46   393.46   1.00    2-MO-RP-110

Dennis Stephensen (QLD)   34 MO-RP 107.58       110    0.5661    205      220     227.5              125      135     137.5     210     230      235            600.0   339.66   339.66   1.00    3-MO-RP-110

  Kevin Conway (SA)       59 MM-RP 101.26       110    0.5783    150      165      175                90      100     -105     232.5    250     262.5           537.5   310.81   408.71   3.00    5-MM-RP
   Rob Joyner (WA)        35 MO-RP 109.02       110    0.5640    -265    -265     -280               135     147.5    152.5     300    307.5    -312.5                                    1.00
  Jarad Evans (QLD)       43    MM-R 119.94     125    0.5515    180      200     -205               117.5   127.5     130      245     265     -270            595.0   328.14   338.31   3.00     2-MM-R
   Luke Smith (SA)        33 MO-RP 120.7        125    0.5503    -250    -250              Injured                                                                                        1.00
Blane Robertson (QLD)     46 MM-RP 125.74       140    0.5447    -315     315     -330               170      180     -190      280     300      310            805.0   438.48   468.30   3.00    1-MM-RP
George Okunev (WA)        37 MO-RP 152.8       SHW     0.5210    340     -355                        230     -240     -240      300    -310                     870.0   453.27   453.27   1.00    1-MO-RP-SHW
