19-Jan-19            UPA-AD Full Power WINTER WARFARE-Kg Results
                                    BWt     WtCls   Schwartz/Malo    Squat   Squat              Best                                Best      Sub                     Deadlift   Deadlift    Best                             Age &
           Name      Age    Div                                                       Squat 3           Bench 1 Bench 2 Bench 3                          Deadlift 1                                  PL Total Coeff Score                Pl-Div-WtCl
                                    (Kg)     (Kg)        ne           1       2                 Squat                              Bench     Total                       2          3       Deadlift                           Coeff
Alice Garvin         23     F-RJr    66.8   67.5      1.0283         107.5     115     122.5    122.5     52.5     57.5      60      60      182.5        127.5         135       147.5     147.5     330       339.339        339.339   1-F-RJr-67.5
Lauren VanAmberg     22     F-RJr    73.7    75       0.9613          130    137.5      -145    137.5      60       65      67.5    67.5      205           125        132.5       -140     132.5    337.5    324.43875      324.43875    1-F-RJr-75
Haleigh Siple        23     F-EJr    72.2    75       0.9742          -175     175     187.5    187.5     82.5     87.5    -92.5    87.5      275         157.5        167.5       -180     167.5    442.5     431.0835       431.0835    1-F-EJr-75
Matteo Capozzoli     22     M-RJr    72.5    75         0.73          170    -182.5   -182.5     170     112.5     -115     -115   112.5     282.5          170        187.5       -195     187.5     470         343.1          343.1    1-M-RJr-75
Jack Person          21     M-RJr    74.1    75       0.7186         142.5     145               145       95      100    -102.5    100       245           185         -200       200       200      445       319.777        319.777    2-M-RJr-75
Kyle Evans           21     M-RJr    87.4    90       0.6483         227.5   242.5    -257.5    242.5    137.5   -147.5   -152.5   137.5      380           240         -255       -255      240      620       401.946        401.946    1-M-RJr-90
Zach DeRieu          23     M-RJr    89.1    90       0.6417          200      210      220      220      125    -137.5    137.5   137.5     357.5         -215         225        235       235     592.5    380.20725      380.20725    2-M-RJr-90
Brad Beddow          22     M-RJr    83.9    90       0.6633         182.5    -190      190      190      120      -130     -130    120       310         212.5         220       227.5     227.5    537.5    356.52375      356.52375    3-M-RJr-90
Matt Suter           23     M-RJr    99.1   100       0.6108        -247.5     255      275      275      145      -150     -150    145       420           250        262.5       -275     262.5    682.5      416.871        416.871   1-M-RJr-100
Tyler Pittiglio      22     M-EJr   116.4   125       0.5792          275    -297.5    297.5    297.5   -242.5   -242.5    242.5   242.5      540           290        297.5      307.5     307.5    847.5      490.872        490.872   1-M-EJr-125
Erin Janowicz        42    F-RM1      59     60       1.1295         102.5     115      -125     115      52.5      55     -57.5     55       170         147.5        157.5     -162.5     157.5    327.5    369.91125     377.309475   1-F-RM1-60
Thomas Zuck          41    M-RM1     89.4    90       0.6406          170      195     207.5    207.5     110    -122.5   -122.5    110      317.5          185         205       227.5     227.5     545       349.127      352.61827   1-M-RM1-90
Stacia Proefrock     48    F-RM2     132    SHW       0.7861           95      110      120      120       60       -70      -70     60       180           135         150      -157.5      150      330       259.413     284.576061   1-F-RM2-SHW
Nicole Eadeh         27     F-RO     72.6    75       0.9707          87.5   102.5      -115    102.5      40       -45      45      45      147.5          100         115       122.5     122.5     270       262.089        262.089    1-F-RO-75
Becca Lamar          28     F-RO     81.8   82.5       0.904        -152.5   152.5     162.5    162.5     87.5      95     -97.5     95      257.5        152.5       -162.5     -162.5     152.5     410        370.64         370.64   1-F-RO-82.5
Kimberly Bradley     54     F-RO     81.4   82.5      0.9064           95     -105      115      115      27.5     32.5     42.5    42.5     157.5          110         125      -127.5      125     282.5      256.058     308.293832   2-F-RO-82.5
Kimberly Bradley     54    F-RM3     81.4   82.5      0.9064           95     -105      115      115      27.5     32.5     42.5    42.5     157.5          110         125      -127.5      125     282.5      256.058     308.293832   1-F-RM3-82.5
Caitlin Dunne        24     F-RO     80.1   82.5      0.9144           85     92.5    -102.5     92.5      40       45       -50     45      137.5         87.5          95       102.5     102.5     240       219.456        219.456   3-F-RO-82.5
William Bowen        38     M-RO     78.3   82.5      0.6922         142.5   147.5      155      155     112.5     120      -125    120       275         207.5         225        235       235      510       353.022        353.022   1-M-RO-82.5
JJ Thomas            38     M-EO     89.6    90       0.6398          -340     340      365      365     242.5     -260     -260   242.5     607.5          285         300                  300     907.5     580.6185       580.6185   1-M-EO-90 Best Lifter - Male Equipped Full Power
Joseph LaMattina     25     M-EO     87.2    90       0.6491         267.5     295               295      -260     -260               0        0                                              0        0            0              0
Phillip Wengrowski   26     M-RO      97    100       0.6163          205    227.5     237.5    237.5     145     162.5     -165   162.5      400          225          250       260        260      660       406.758        406.758   1-M-RO-100
Derek Nichols        35     M-RO     90.9   100       0.6352         237.5   252.5      260      260      140      -145     -145    140       400          220         232.5     237.5      237.5    637.5       404.94         404.94   2-M-RO-100
Derek Beindorff      28     M-RO     96.1   100       0.6188          165      190    -202.5     190      -120     120    -142.5    120       310         157.5       -177.5                157.5    467.5      289.289        289.289   3-M-RO-100
Dan Allison          32     M-RO    107.1   110       0.5935          260    282.5     287.5    287.5     145      160      -165    160      447.5        262.5         -285       -285     262.5     710       421.385        421.385   1-M-RO-110
Alex Dixon           27     M-RO    105.5   110       0.5966         242.5   -262.5   -262.5    242.5     130      140      -145    140      382.5         215         232.5       250       250     632.5     377.3495       377.3495   2-M-RO-110
Adam Sparks          33     M-RO    105.9   110       0.5958         167.5   182.5     187.5    187.5     120      130     137.5   137.5      325          210          -235       -235      210      535       318.753        318.753   3-M-RO-110
Drew Sweany          31     M-RO    135.3   140       0.5618          300    322.5     342.5    342.5    187.5     -205     -205   187.5      530         287.5       -317.5     -317.5     287.5    817.5     459.2715       459.2715   1-M-RO-140
Cody Finney          18     M-RO    132.6   140       0.5636          230      250      -260     250      145      165    -182.5    165       415          230          250        275       275      690       388.884        388.884   2-M-RO-140
Cody Finney          18    M-RT3    132.6   140       0.5636          230      250      -260     250      145      165    -182.5    165       415          230          250        275       275      690       388.884        388.884   1-M-RT3-140
Michael Mowbray      25     M-RO    138.5   140       0.5597         217.5     230     237.5    237.5     140      145      -150    145      382.5        232.5         250        260       260     642.5    359.60725      359.60725   3-M-RO-140
Blair Dammerman      26     F-RO     98.2   SHW       0.8372           80       90      100      100      47.5      55     -57.5     55       155         102.5        112.5      122.5     122.5    277.5      232.323        232.323   1-F-RO-SHW
Philip Floraday      34    M-RSub   100.7   110       0.6069          175    -187.5    187.5    187.5     100      105      110     110      297.5         185          -205       -205      185     482.5    292.82925      292.82925   1-M-RSub-110
Serina Eadeh         19     F-RT3    64.2   67.5      1.0588           90       95      -105      95       40       -50     52.5    52.5     147.5        107.5         120        125       125     272.5      288.523        288.523   1-F-RT3-67.5
Timothy Walsh        55    M-RM4     97.4   100       0.6152         172.5     185     197.5    197.5     105      110    -112.5    110      307.5         165         192.5       205       205     512.5       315.29      386.23025   1-M-RM4-100




19-Jan-19            UPA-AD Bench Only WINTER WARFARE-Kg Results
                                    BWt     WtCls   Schwartz/Malo                                        Best    Coeff Age &
           Name      Age    Div                                     Bench 1 Bench 2 Bench 3                                                Pl-Div-WtCl
                                    (Kg)     (Kg)        ne                                             Bench    Score Coeff
Matthew Ogurek       45    M-EM2    115     125       0.5811         250     -272.5   -272.5             250     145.27 153.26             1-M-EM2-125




19-Jan-19            UPA-AD Push Pull WINTER WARFARE-Kg Results
                                                                                                                                                                      Push
                                    BWt     WtCls   Schwartz/Malo                                        Best Deadlift Deadlift Deadlift                  Best                   Coeff      Age &
           Name      Age    Div                                     Bench 1 Bench 2 Bench 3                                                                           Pull                                    Pl-Div-WtCl
                                    (Kg)     (Kg)        ne                                             Bench    1        2        3                     Deadlift                Score       Coeff
                                                                                                                                                                      Total
Gabe Richter         14    M-RT1    80.5    82.5       0.68           50      60       -75                60      100      110      125                    125         185       125.8      125.8            1-M-RT1-82.5



19-Jan-19            UPA Full Power WINTER WARFARE-Kg Results
                                   BWt WtCls        Schwartz/Malo    Squat   Squat              Best                                Best      Sub                     Deadlift   Deadlift    Best                              Age &
           Name      Age     Div                                                      Squat 3           Bench 1 Bench 2 Bench 3                          Deadlift 1                                  PL Total Coeff Score                Pl-Div-WtCl
                                   (Kg) (Kg)             ne           1       2                 Squat                              Bench     Total                       2          3       Deadlift                            Coeff
Kaitlyn Korecki      22     F-RJr  65.5 67.5          1.0432          140    152.5     162.5    162.5    77.5       -85      85      85      247.5        137.5         145      -152.5      145     392.5     409.456        409.456    1-F-RJr-67.5 Best Lifter - Female Raw Full Power
Austin Mayfield      21     M-RJr   95  100            0.622          185    197.5     207.5    207.5   132.5     137.5   -142.5   137.5      345          185          200        215       215      560       348.32         348.32    1-M-RJr-100
Julia Berman         31     F-RO   78.6 82.5          0.9242           -80      80      87.5     87.5     65        70       -75     70      157.5        137.5         145        -155      145     302.5    279.5705       279.5705    1-F-RO-82.5
Connor Enright       24     M-RO   81.1 82.5          0.6769          -265   277.5     282.5    282.5    160     -167.5    167.5   167.5      450          265        -277.5     -277.5      265      715     483.9835       483.9835    1-M-RO-82.5     Best Lifter - Male Raw Full Power
Brendan Rosenbergh   34     M-RO    81  82.5          0.6774         227.5     240      -255     240    132.5      140    -147.5    140       380          195         207.5     -227.5     207.5    587.5    397.9725       397.9725    2-M-RO-82.5
Brendan Rosenbergh   34    M-RSub   81  82.5          0.6774         227.5     240      -255     240    132.5      140    -147.5    140       380          195         207.5     -227.5     207.5    587.5    397.9725       397.9725    1-M-RSub-82.5
Dylan Price          24     M-EO   78.9 82.5          0.6888          -250     250      -285     250    227.5    -252.5   -252.5   227.5     477.5         240          265        -280      265     742.5     511.434        511.434    1-M-EO-82.5
Jessica Buckley      26     F-RO   86.8  90           0.8778           75     82.5     -92.5     82.5    57.5     -62.5     62.5    62.5      145          120         127.5      137.5     137.5    282.5    247.9785       247.9785    1-F-RO-90
Chris Ibarra         34     M-RO   82.9  90            0.668          260    -272.5    272.5    272.5   147.5      -155   -157.5   147.5      420          255          -260       -260      255      675        450.9          450.9    1-M-RO-90
Brandon Mannebach    32     M-EO   89.4  90           0.6406          -265    -265      -265      0     172.5      -185            172.5       0          242.5        257.5     -262.5     257.5      0           0              0
Jeremy Goss          31     M-RO    94  100            0.625          260    282.5      290      290    157.5      170    -172.5    170       460          290          310      -317.5      310      770       481.25         481.25    1-M-RO-100
Martin Black         28     M-RO  104.8 110            0.598          185      200     227.5    227.5    150       160     -175     160      387.5         185         197.5       -210     197.5     585       349.83         349.83    1-M-RO-110
Nathan Gearhart      32     M-RO  113.3 125           0.5834        -322.5   -322.5   -322.5      0                                   0        0                                              0        0           0              0
Jake Siebert        30     M-EO  138.3    140       0.5598        -377.5   377.5            377.5    215    -227.5 -227.5    215      592.5         250       265      -272.5     265    857.5    480.0285    480.0285 1-M-EO-140
Matthew Reibeling   25     M-RO  164.2    SHW       0.5461         177.5    195     205      205     155     162.5 -172.5   162.5     367.5         215      227.5      242.5    242.5    610      333.121     333.121 1-M-RO-SHW
Andrew Huber        35    M-RSub 120.4    125       0.5745         252.5    275     300      300     170     192.5  -205    192.5     492.5        252.5     277.5       300      300    792.5   455.29125   455.29125 1-M-RSub-125




19-Jan-19           UPA Bench Only WINTER WARFARE-Kg Results
                                  BWt     WtCls   Schwartz/Malo                                      Best   Coeff Age &
           Name     Age    Div                                    Bench 1 Bench 2 Bench 3                                           Pl-Div-WtCl
                                  (Kg)     (Kg)        ne                                           Bench   Score Coeff
Michael Kovacs      40    M-RM1   70.4    75        0.7461        92.5     112.5    -115            112.5   83.936 83.936           1-M-RM1-75
Gary Knurek         37    M-RO    94.6    100       0.6232        192.5     205    -217.5            205    127.75 127.75           1-M-RO-100    Best Lifter - Male Raw Bench Only
Joseph Fargo        40    M-EO    97.1    100       0.6161        -285     -285    -287.5             0        0      0
Joseph Fargo        40    M-EM1   97.1    100       0.6161        -285     -285     287.5             0        0      0
Michael Vertrees    39    M-RO    123.9   125       0.5709         220     -230     -230             220    125.59 125.59           1-M-RO-125
