20-Mar-21     UPA Hooligans Holiday Bash-Lb Results
                           BWt    WtCls                                             Best      Coeff
       Name   Age   Div                    Wilks   Bench 1   Bench 2   Bench 3                         Pl-Div-WtCl
                           (Kg)    (Kg)                                            Bench     Score
Robin Mundt         FOR    79.5   82.5    0.6358    143.3   154.32 -165.35        154.322    44.506    1-FOR -82.5
Jake Baker           MO   104.1    110    0.5454   -501.55 -501.55 -512.57           0         0           0
Paul Harris          MO   128.3    140     0.517   -661.38 677.91 -705.47        677.9145   158.9775    1-MO-140
               20-Mar-21 UPA Hooligans Holiday Bash-Lb Results

                                       BWt     WtCls                                            Best                                   Best      Sub    Deadlift   Deadlift   Deadlift    Best                    Coeff
        Name             Age    Div                     Wilks    Squat 1   Squat 2   Squat 3            Bench 1   Bench 2   Bench 3                                                                 PL Total                Pl-Div-WtCl
                                       (Kg)     (Kg)                                           Squat                                  Bench     Total      1          2          3       Deadlift                 Score
Lauren Ludwig                   FORE   50.8      52    0.978     159.83    170.86    181.88    181.88   88.184    93.696    -99.207   93.696   275.58   181.88     192.9      -203.93    192.9      468.4775     207.825    1-FORE-52
Tabitha Cain                   FORE    55.5     56     0.8835    214.95    -225.97   225.97    225.97   121.25    132.28    -137.79   132.28   358.25   225.97     236.99     -248.02    236.99      595.242     238.545    1-FORE-56

Lindsay Arensdorf              FORE 65.9       67.5    0.7524    -242.51    242.51   -275.58   242.51   110.23    -137.79   -137.79   110.23   352.74   281.09      297.62     319.67    319.67  672.403   229.482 1-FORE-67.5
Madison Hall                   FORE 82.1       82.5    0.6214     275.58   -303.13   -303.13   275.58   137.79     148.81   -159.83   148.81   424.39   281.09     -308.64     308.64    308.64 733.0295 206.6155 1-FORE-82.5
Mackenzie Brooks               FORE 133.9      SHW     0.5115    -236.99   275.58    308.64    308.64   137.79    181.88    203.93    203.93   512.57   319.67     358.25     402.34     402.34  914.909  212.2725 1-FORE-SHW
Leslie Albert                  FORE 109.1      SHW     0.5376      286.6    308.64    330.69   330.69   132.28      143.3    154.32   154.32   485.01    286.6      319.67     341.71    341.71  826.725     201.6 2-FORE-SHW
Rachel Ashmun                  FORE 141.4      SHW     0.5018     292.11   -325.18   -325.18   292.11   132.28     148.81    154.32   154.32   446.43    286.6      314.16     325.18    325.18   771.61    175.63 3-FORE-SHW
Ashley Seukuniam                FOR  46.2       48     1.0972     110.23    121.25    137.79   137.79   88.184     99.207   -104.72   99.207   236.99   225.97      242.51    -259.04    242.51 479.5005   238.641   1-FOR -48
Elizabeth Mckee                 FOR  59.9       60     0.8286    -225.97   -242.51    242.51   242.51   126.76     137.79     143.3    143.3   385.81    286.6      297.62    -314.16    297.62  683.426   256.866   1-FOR -60
Erica McClure                   FOR  74.9       75     0.6723     225.97    259.04    297.62   297.62   132.28     154.32    170.86   170.86   468.48   225.97      264.55     308.64    308.64 777.1215 236.98575   1-FOR -75
Jade Blasdell                   FOR  74.6       75     0.6673     198.41   -203.93   -209.44   198.41   88.184     99.207   -110.23   99.207   297.62   225.97      248.02     259.04    259.04 556.6615 168.49325   2-FOR -75
Madison Hall (FOR)              FOR  82.1      82.5    0.6214     275.58   -303.13   -303.13   275.58   137.79     148.81   -159.83   148.81   424.39   281.09     -308.64     308.64    308.64 733.0295 206.6155 1-FOR -82.5
Autumn Vergeyle                 FOR  88.9       90     0.5939     292.11    319.67     336.2    336.2   137.79     154.32   -176.37   154.32   490.52   303.13      352.74    -380.29    352.74 843.2595 227.16675   1-FOR -90
Kiersten Scurlock               FOR 107.5      SHW     0.5398     600.75    644.85    666.89   666.89   292.11     308.64    319.67   319.67   986.56   507.06      551.15    -567.68    551.15 1537.7085 376.5105 1-FOR -SHW *Women's Best Lifter
Ryan Lyles                      FOR 106.5      SHW     0.5413     303.13    325.18    341.71   341.71   137.79     148.81    170.86   170.86   512.57   363.76      380.29     402.34    402.34  914.909  224.6395 2-FOR -SHW
Jennifer Grulke                 FOR  92.2      SHW     0.5772     275.58    303.13    319.67   319.67   170.86      192.9   -203.93    192.9   512.57   270.06      292.11     314.16    314.16  826.725    216.45 3-FOR -SHW
Drew Richard                   MORE 82.4       82.5    0.6198     451.94   -473.99   -473.99   451.94   308.64    -319.67   -319.67   308.64   760.59    573.2     -600.75    -600.75     573.2  1333.783  374.979 1-MORE-82.5

John Dengler                   MORE    88.2     90     0.5926    534.62    567.68    -600.75   567.68   336.2     358.25    369.27    369.27   936.96   573.2      606.27     -633.82    606.27      1543.22     414.82     1-MORE-90

Sam Donath                     MORE    87.5     90     0.5956     363.76    402.34   429.9      429.9    281.09 -303.13 -303.13       281.09   710.98   407.85      424.39 446.43        446.43      1157.415    312.69  2-MORE-90
Jon Sodawasser                 MORE    97.3    100     0.561      512.57   -545.64 573.2        573.2    352.74 385.81 -396.83        385.81    959     545.64      584.22 611.78        611.78     1570.7775 399.7125 1-MORE-100
Tim Hoffman                    MORE    108.5   110     0.5384     507.06    540.13 -573.2      540.13    385.81 407.85 418.87         418.87    959     562.17      600.75 633.82        633.82     1592.8235 388.994   1-MORE-110
Brent Rehkemper                MORE    108.9   110     0.5392     523.59    551.15 567.68      567.68    264.55  286.6 -303.13         286.6   854.28   589.73      617.29 639.33        639.33     1493.6165 365.308   2-MORE-110
Chris Broadhurst               MORE     108    110     0.5391     281.09    303.13 -325.18     303.13    248.02 -259.04 -259.04       248.02   551.15   341.71     -369.27 369.27        369.27      920.4205 225.07425 3-MORE-110
Kirk Ondracek                  MORE    146.5   SHW     0.4964    -501.55   -501.55 501.55      501.55    407.85 462.97 -501.55        462.97   964.51   507.06       573.2  639.33       639.33     1603.8465 361.131 1-MORE-SHW
Tanner Atwood                  MOR     65.9    67.5    0.7524     319.67   -341.71 -363.76     319.67    203.93 214.95 -225.97        214.95   534.62   242.51      264.55  286.6         286.6      821.2135   280.269 1-MOR-67.5
Paul Schwendinger              MOR     65.4    67.5    0.7471     93.696   -115.74 132.28      132.28    93.696 115.74 -132.28        115.74   248.02   187.39      225.97 -236.99       225.97      473.989   160.6265 2-MOR-67.5
Maurdell Jackson               MOR     74.2     75     0.6701     407.85     429.9  468.48     468.48    275.58 -308.64 -308.64       275.58   744.05   418.87      451.94 501.55        501.55      1245.599 378.6065    1-MOR-75
Kade Bevars                    MOR     72.3     75     0.6843     440.92    473.99 496.04      496.04   -270.06 270.06 -281.09        270.06   766.1    396.83      413.36 424.39        424.39      1190.484   369.522   2-MOR-75
Brad Bebee                     MOR     72.4     75     0.6835     363.76    374.78 385.81      385.81    242.51 253.53 264.55         264.55   650.36   496.04      534.62 -540.13       534.62     1184.9725 367.38125   3-MOR-75
Alec Fjelstul                  MOR       82    82.5    0.6219     440.92    473.99 -485.01     473.99    275.58 297.62 -303.13        297.62   771.61   473.99     -501.55 501.55        501.55     1273.1565 359.14725 1-MOR-82.5

Michael Richard                 MOR    86.9     90     0.6027    479.5     501.55      0       501.55   303.13    -314.16 -314.16     303.13   804.68   600.75     -617.29 -617.29       600.75     1405.4325 384.22125     1-MOR-90

Jamial Jones                    MOR     89      90     0.5893    451.94    485.01    -523.59   485.01   330.69    -363.76 -363.76     330.69   815.7    551.15     578.71     -611.78    578.71 1394.4095 372.73225         2-MOR-90

Joel Smith                      MOR    89.1     90     0.5889    402.34    -429.9    -429.9    402.34   248.02    259.04    -270.06   259.04   661.38   424.39     451.94     462.97     462.97     1124.346     300.339    3-MOR-90

Chris Voss                      MOR     90       90    0.5853    -336.2     336.2    -352.74    336.2   286.6     -303.13 303.13      303.13   639.33    429.9      451.94 468.48        468.48     1107.8115   294.11325    4-MOR-90
Aaron Nance                     MOR    97.9     100    0.5622    578.71    611.78     628.31   628.31   402.34     424.39 440.92      440.92   1069.2   661.38     -699.96 699.96        699.96     1769.1915    451.1655   1-MOR-100     *Men's Best Lifter
Randy Shramek                   MOR    99.1     100    0.5563    556.66    600.75     617.29   617.29   418.87     440.92 -462.97     440.92   1058.2   556.66      600.75 -617.29       600.75     1658.9615   418.61575   2-MOR-100
Gabriel Inman                   MOR    96.3     100    0.5639    540.13    584.22    -606.27   584.22   325.18     363.76 380.29      380.29   964.51   545.64      584.22 600.75        600.75      1565.266     400.369   3-MOR-100
Pat Thompson                    MOR    96.7     100    0.5627    562.17    600.75     633.82   633.82   314.16       0       0        314.16   947.98   562.17      600.75 -611.78       600.75     1548.7315   395.29675   4-MOR-100
Jacob Foss                      MOR    96.9     100    0.5651    584.22    633.82    -650.36   633.82   286.6      314.16 -325.18     314.16   947.98   518.08      556.66 578.71        578.71     1526.6855   391.33175   5-MOR-100
Aaron Overstreet    MOR   97.4    100   0.5608   451.94   485.01   501.55   501.55   292.11   314.16   330.69   330.69   832.24   451.94   -479.5   501.55    501.55   1333.783   339.284   6-MOR-100

Bruce Sabel         MOR   99.6    100   0.555     418.87 473.99 496.04      496.04    275.58 -325.18 -347.22    275.58   771.61   501.55   551.15   -600.75   551.15  1322.76     333       7-MOR-100
Jonah Hayes         MOR   94.1    100   0.5707    451.94 -501.55 -501.55    451.94    253.53 281.09 -319.67     281.09   733.03   451.94   507.06    534.62   534.62 1267.645 328.1525      8-MOR-100
Josh Hale           MOR   95.4    100   0.5666    413.36 435.41 451.94      451.94   -281.09 281.09 -303.13     281.09   733.03    429.9   451.94    473.99   473.99 1207.0185 310.2135     9-MOR-100
Landyn Voss         MOR   107.1   110   0.5404    501.55 534.62 -562.17     534.62    352.74 -385.81 -385.81    352.74   887.35   534.62   584.22   -589.73   584.22 1471.5705 360.717      1-MOR-110
Tom Trussell        MOR   107.3   110   0.5401   -512.57 523.59 -534.62     523.59    352.74 -385.81 -385.81    352.74   876.33   551.15    573.2   -600.75    573.2 1449.5245 355.11575    2-MOR-110
Nate Yelton         MOR   119.1   125   0.5278    617.29 666.89 705.47      705.47    413.36 446.43 462.97      462.97   1168.4   617.29   683.43   -705.47   683.43 1851.864   443.352     1-MOR-125
Ashtin VanGorden    MOR   117.5   125   0.5292    551.15 -600.75 -600.75    551.15    275.58 297.62 -308.64     297.62   848.77   496.04    529.1   -551.15    529.1  1377.875   330.75     2-MOR-125
Alexander Kaufman   MOR   170.3   SHW   0.4749    727.52 771.61 -804.68     771.61    363.76 402.34 -424.39     402.34   1173.9   584.22   628.31    666.89   666.89 1840.841 396.53315     1-MOR-SHW
