           13-Nov-21 UPA Power Weekend-Lb Results
                                      BWt     WtCls                                      Best                               Best     Sub   Deadlift Deadlift Deadlift  Best             Coeff
       Name          Age      Div                      Wilks   Squat 1 Squat 2 Squat 3         Bench 1     Bench 2 Bench 3                                                     PL Total         Pl-Div-WtCl
                                      (Kg)    (Kg)                                      Squat                              Bench     Total    1        2        3     Deadlift          Score
Ryleigh Clark (AD)    30   MORE-AD    88.8      90    0.5901   501.55     529.1 551.15 551.15 363.76        391.32 -407.85 391.32   942.47 551.15 600.75 628.31 628.31 1570.7775 420.44625 1-MORE-AD-90
Cadellin Bauer        27   MORE-AD    88.8      90    0.5901   507.06    523.59 -540.13 523.59 -297.62     -319.67 -319.67   0         0      0        0        0        0        0       0          0
Anthony Paneral       30   MORE-AD    98.4     100    0.5581   462.97    485.01 501.55 501.55 292.11        303.13 -325.18 303.13   804.68 529.1 556.66 573.2          573.2 1377.875 348.8125 1-MORE-AD-100

Cody Mensinger        26   MORE-AD      95    100     0.5678    440.92    485.01    501.55   501.55 292.11 -303.13    0    292.11   793.66 523.59 -529.1 -529.1 523.59 1317.2485 339.2605 2-MORE-AD-100
Brandon Clark         28   MORE-AD      96    100     0.5648    413.36    440.92    457.45   457.45 253.53 270.06 292.11 292.11     749.56 457.45 501.55 534.62 534.62 1284.1795 328.996 3-MORE-AD-100
Dalles Johnson        29   MORE-AD     97.4   100     0.5608    391.32    418.87    451.94   451.94 236.99 259.04 -270.06 259.04    710.98 479.5 523.59 -551.15 523.59 1234.576     314.048 4-MORE-AD-100
Landyn Voss           24   MORE-AD    104.4   110     0.5448    501.55    556.66     573.2    573.2 374.78 -402.34 402.34 402.34    975.54 -584.22 584.22 -606.27 584.22 1559.7545 385.446 1-MORE-AD-110
Jeremy Norwood        33   MORE-AD    129.2   140      0.516     429.9    473.99    507.06   507.06 303.13 330.69 352.74 352.74     859.79 451.94 496.04 540.13 540.13 1399.921      327.66 1-MORE-AD-140
Ryleigh Clark         30    MORE       88.8    90     0.5901    501.55     529.1    551.15   551.15 363.76 391.32 -407.85 391.32    942.47 551.15 600.75 628.31 628.31 1570.7775 420.44625 1-MORE-90
Kyle Gifford          26    MORE       88.6    90      0.591    407.85     429.9    446.43   446.43 264.55 286.6 -303.13 286.6      733.03 507.06 534.62 556.66 556.66 1289.691     345.735   2-MORE-90
Aaron Nance           42    MORE       95.8   100     0.5654    556.66    589.73   -617.29   589.73 402.34 424.39 446.43 446.43     1036.2 655.87 688.94 722.01 722.01 1758.1685 450.9065 1-MORE-100 *Raw Best Lifter
Jamial Jones          34    MORE       97.4   100     0.5608    451.94       0         0     451.94 330.69 341.71 358.25 358.25     810.19 501.55 551.15 600.75 600.75 1410.944     358.912 2-MORE-100
Kurt Cain             32    MORE        98    100     0.5591    402.34     429.9    457.45   457.45 319.67 352.74 -374.78 352.74    810.19 485.01 518.08 -534.62 518.08 1328.2715 336.85775 3-MORE-100
Zack Engle            25    MORE       95.8   100     0.5654    485.01    496.04    518.08   518.08 286.6 -297.62 -297.62 286.6     804.68 457.45 479.5 501.55 501.55 1306.2255 334.9995 4-MORE-100
Conor Bernhard        29    MORE       94.2   100     0.5704    380.29    407.85    435.41   435.41 281.09 297.62 314.16 314.16     749.56 479.5 501.55 -529.1 501.55 1251.1105 323.702 5-MORE-100
Jordan Bormann        30    MORE        98    100     0.5591    374.78    396.83    407.85   407.85 248.02 253.53 264.55 264.55      672.4 496.04 529.1 -534.62 529.1 1201.507 304.7095 6-MORE-100
Aaron Davis           37    MORE      103.8   110     0.5459    314.16     336.2    363.76   363.76 176.37 203.93 -220.46 203.93    567.68 385.81 407.85 435.41 435.41 1003.093 248.3845 1-MORE-110
JP Price              37    MORE      138.2   140     0.5054    650.36   -705.47    705.47   705.47 573.2 -600.75 600.75 600.75     1306.2 611.78 -644.85 -644.85 611.78 1918.002   439.698 1-MORE-140
Matt McVey            29   MOR-AD      97.6   100     0.5602    507.06    545.64     573.2    573.2 248.02 264.55 -275.58 264.55    837.75 485.01 518.08 -529.1 518.08 1355.829     344.523 1-MOR-AD-100
Sean Maly             35    MO-AD      110    110     0.5365   -584.22    584.22   -600.75   584.22 479.5 -507.06     0     479.5   1063.7 529.1 556.66 573.2      573.2 1636.9155 398.35125 1-MO-AD-110
Maurdell Jackson      33     MOR       74.8    75     0.6659     429.9    468.48   -496.04   468.48 286.6 303.13 314.16 314.16      782.63 451.94 501.55 540.13 540.13 1322.76       399.54    1-MOR-75
Brent Thomas          30     MOR       81.2   82.5    0.6262    363.76    407.85     429.9    429.9 253.53 264.55 275.58 275.58     705.47 451.94 473.99 -501.55 473.99 1179.461    335.017 1-MOR-82.5
Taylor Cogdill        18     MOR       82.4   82.5    0.6198    369.27    402.34   -435.41   402.34 214.95 231.48 -236.99 231.48    633.82 385.81 413.36 -440.92 413.36 1047.185    294.405 2-MOR-82.5
Shawn Graves          25     MOR       89.4    90     0.5877    611.78    644.85   -661.38   644.85 402.34 -424.39 -424.39 402.34   1047.2 639.33 -672.4 -672.4 639.33 1686.519 449.5905       1-MOR-90 *Raw Elite Best Lifter
Mitch Phillips        32     MOR       89.4    90     0.5877    534.62    556.66    -573.2   556.66 303.13 319.67 -330.69 319.67    876.33 501.55 529.1 -540.13 529.1 1405.4325 374.65875 2-MOR-90
Chad Snyder           30     MOR        89     90     0.5893   -385.81    407.85   -424.39   407.85 286.6 303.13 319.67 319.67      727.52 485.01 507.06 523.59 523.59 1251.1105 334.42775 3-MOR-90
Joe Larscheid         56     MOR       88.8    90     0.5901    352.74    369.27   -385.81   369.27 303.13 -319.67 -319.67 303.13    672.4 473.99 507.06 -512.57 507.06 1179.461 315.7035      4-MOR-90
David Fastovich       27     MOR       87.8    90     0.5943    352.74    385.81    418.87   418.87 203.93 231.48 248.02 248.02     666.89 451.94 479.5 501.55 501.55 1168.438      314.979    5-MOR-90
Lane Severson         37     MOR        88     90     0.5935    363.76    374.78    402.34   402.34 242.51 259.04 -275.58 259.04    661.38 418.87 440.92 451.94 451.94 1113.323 299.7175       6-MOR-90
Randy Shramek         34     MOR       98.2   100     0.5586    606.27    639.33   -650.36   639.33 457.45 -473.99 -473.99 457.45   1096.8 606.27 -655.87 -655.87 606.27 1703.0535 431.5185 1-MOR-100
Jon Sodawasser        28     MOR       98.2   100     0.5586   584.22    628.31    644.85    644.85 363.76 391.32 -402.34 391.32    1036.2 578.71 622.8 -644.85 622.8 1658.9615 420.3465 2-MOR-100
Patrick Thompson      29     MOR       94.4   100     0.5697    611.78   -650.36    661.38   661.38 336.2 358.25 -374.78 358.25     1019.6 584.22 633.82 -644.85 633.82 1653.45     427.275   3-MOR-100
Fred Barnabe          34     MOR       100    100      0.554   -578.71    578.71   -611.78   578.71 330.69 352.74 -363.76 352.74    931.44 622.8 -639.33 639.33 639.33 1570.7775 394.725      4-MOR-100
Andrew Hessa          20     MOR       99.4   100     0.5555    562.17    578.71       0     578.71 341.71 363.76 -374.78 363.76    942.47 540.13 573.2 600.75 600.75 1543.22        388.85   5-MOR-100
Dillon Rosener        24     MOR        98    100     0.5591    485.01    518.08    551.15   551.15 303.13 -325.18 -325.18 303.13   854.28 424.39    0       0    424.39 1278.668   324.278   6-MOR-100
Gerald Baker          28     MOR        92    100     0.5779   -468.48    468.48    490.52   490.52 -248.02 -248.02 248.02 248.02   738.54 485.01 -518.08 518.08 518.08 1256.622    329.403   7-MOR-100
Jacob Morris          27     MOR      106.2   110     0.5417   683.43    -722.01   722.01    722.01 374.78 402.34 -413.36 402.34    1124.3 573.2 600.75 -633.82 600.75 1725.0995 423.88025 1-MOR-110
Kenneth Cain          35     MOR      104.4   110     0.5448    551.15    584.22    606.27   606.27 341.71 369.27 -396.83 369.27    975.54 584.22 661.38 -716.5 661.38 1636.9155 404.514      2-MOR-110
Omar Martinez         27     MOR       103    110     0.5475    385.81     429.9    440.92   440.92 231.48 248.02 264.55 264.55     705.47 462.97 496.04 -518.08 496.04 1201.507 298.3875 3-MOR-110
Sam Hartley           28     MOR      108.2   110     0.5388    440.92    473.99   -501.55   473.99 275.58 -303.13 -303.13 275.58   749.56 374.78 402.34 -424.39 402.34 1151.9035 281.523     4-MOR-110
Daniel Sonnemaker     36     MOR      117.6   125     0.5291    705.47    727.52    760.59   760.59 440.92 473.99 -479.5 473.99     1234.6 551.15 573.2 600.75 600.75 1835.3295 440.47575 1-MOR-125
Mark Ramirez          25     MOR      122.8   125      0.524     672.4    722.01   -744.05   722.01 341.71 369.27 -385.81 369.27    1091.3 650.36 683.43 -705.47 683.43 1774.703     421.82   2-MOR-125
Dan Scott             42     MOR       123    125     0.5237    749.56   -804.68   -804.68   749.56 407.85 440.92 -462.97 440.92    1190.5 518.08 -600.75    0    518.08 1708.565 405.8675 3-MOR-125
Justin Simmien        33     MOR       125    125      0.521    606.27    661.38    705.47   705.47 314.16 330.69 -341.71 330.69    1036.2 600.75 644.85 -661.38 644.85 1681.0075 397.2625 4-MOR-125
Tyler Ernst         31   MOR    124     125   0.5224 584.22 611.78 628.31      628.31   330.69 -347.22 -347.22   330.69    959    584.22 606.27    -611.78   606.27    1565.266  370.904  5-MOR-125
Micah Borop         26   MOR   112.8    125   0.5334 -633.82 650.36     0      650.36   440.92 462.97     0      462.97   1113.3 -694.45 -694.45       0        0         0         0         0
Nathan Culbertson   32   MOR   132.8    140   0.5116 -473.99 473.99 479.5       479.5   292.11 325.18 330.69     330.69   810.19 523.59 551.15     -556.66   551.15   1361.3405 315.913   1-MOR-140
Jeff Frank          33   MOR   179.8   SHW    0.4667 694.45 749.56 777.12      777.12   440.92 468.48 485.01     485.01   1262.1 688.94 716.5      738.54    738.54   2000.6745 423.5484 1-MOR-SHW
Adam Fenton         37   MO     80.6   82.5   0.6295 435.41 457.45 473.99      473.99   413.36 424.39 440.92     440.92   914.91 435.41 462.97      490.52   490.52   1405.4325 401.30625 1-MO-82.5 *Equipped Best Lifter
Josh Hale           35   MO     97.5    100   0.5605 512.57 -534.62 -534.62    512.57   407.85 424.39 -435.41    424.39   936.96 429.9 451.94        479.5    479.5   1416.4555 360.12125 1-MO-100
Greg Denny          39   MO    113.8    125   0.5325 -826.73 -826.73 -826.73      0     584.22    0       0        0        0       0       0          0        0         0         0         0
13-Nov-21           UPA Power Weekend-Lb Results
                               BWt     WtCls                                        Best      Coeff
       Name         Age    Div                  Wilks   Bench 1 Bench 2 Bench 3                      Pl-Div-WtCl
                               (Kg)    (Kg)                                        Bench      Score
Chris Lomelino      49    MM2R   90      90    0.5853   418.87   435.41 -451.94   435.4085 115.59675 1-MM2R-90
Josh Vondran (SM)   39    MSMR 124.4    125    0.5219   424.39   451.94 473.99     473.989  112.2085 1-MSMR-125
Mason Moeller       16    MT2R 88.8      90    0.5901   203.93   225.97 242.51     242.506    64.911  1-MT2R-90
Cody Jasper         31    MOR 109.6     110     0.537   407.85    429.9 451.94     451.943   110.085  1-MOR-110
Josh Vondran        39    MOR   125     125     0.521   424.39   451.94 473.99     473.989   112.015  1-MOR-125
          14-Nov-21 UPA Power Weekend-Lb Results
                                         BWt     WtCls                                           Best                              Best       Sub   Deadlift Deadlift Deadlift  Best                   Coeff
       Name             Age     Div                       Wilks   Squat 1 Squat 2 Squat 3              Bench 1 Bench 2    Bench 3                                                         PL Total               Pl-Div-WtCl
                                         (Kg)    (Kg)                                           Squat                             Bench       Total    1        2        3     Deadlift                Score
Brooke Ames (SM)        33    FSMRE-AD   66.5     67.5   0.7357   220.46    253.53    270.06    270.06 132.28 143.3       -148.81 143.3      413.36 314.16 -336.2      336.2    336.2      749.564    250.138    1-FSMRE-AD-67.5
Bailey Beal             23     FJRE-AD   61.2     67.5   0.7966   209.44    214.95    231.48    231.48 137.79 148.81      -154.32 148.81     380.29 209.44 225.97 -242.51 225.97           606.265    219.065    1-FJRE-AD-67.5
Brooke Clark            26     FORE-AD   50.8      52     0.978   121.25    137.79    148.81    148.81 71.65 82.673       -88.184 82.673     231.48 170.86 187.39 203.93 203.93           435.4085    193.155    1-FORE-AD-52

Erica Varner            27    FORE-AD    59.2     60     0.8242   220.46 236.99 248.02          248.02 115.74 126.76 132.28 132.28           380.29 303.13 319.67 336.2     336.2          716.495     267.865   1-FORE-AD-60
Savannah Mensinger      26    FORE-AD    59.4     60     0.8213   225.97 -236.99 236.99         236.99 132.28 143.3 -148.81 143.3            380.29 248.02 264.55 -281.09 264.55          644.8455   240.23025   2-FORE-AD-60
Brooke Ames (Op)        33    FORE-AD    66.5    67.5    0.7357   220.46 253.53 270.06          270.06 132.28 143.3 -148.81 143.3            413.36 314.16 -336.2   336.2   336.2          749.564     250.138   1-FORE-AD-67.5
Jessie Schrock (WM)     51     FM3RE     62.4    67.5    0.7814   187.39 209.44 -220.46         209.44 -137.79 137.79 -148.81 137.79         347.22 270.06 281.09 -292.11 281.09           628.311     222.699   1-FM3RE-67.5
Shelly Vroman           48     FM2RE      48      48     1.0469   126.76 154.32 165.35          165.35 93.696 115.74 -121.25 115.74          281.09 209.44 220.46 242.51 242.51           523.5925   248.63875   1-FM2RE-48
Rachel Kruzich          40     FM1RE     55.4     56     0.8853   -192.9 198.41 -214.95         198.41 88.184 93.696 -99.207 93.696          292.11 198.41 220.46 236.99 236.99            529.104     212.472   1-FM1RE-56
Bryanna Popejoy         20      FJRE     68.4     75     0.7174   214.95 231.48 248.02          248.02 126.76 -137.79 -137.79 126.76         374.78 242.51 253.53 264.55 264.55            639.334     208.046    1-FJRE-75
Sophia Swift            19     FTR3E     77.8    82.5    0.6461   165.35 187.39 203.93          203.93 93.696 115.74 -132.28 115.74          319.67 187.39 220.46 242.51 242.51            562.173    164.7555   1-FTR3E-82.5
Ashli Seukunian         35      FORE      46      48     1.1031    143.3 148.81 -154.32         148.81 93.696 -93.696 -99.207 93.696         242.51 -236.99 236.99 -242.51 236.99         479.5005   239.92425    1-FORE-48
Tabitha Cain            35      FORE     55.4     56     0.8853   220.46 236.99 -248.02         236.99 132.28 137.79 -143.3 137.79           374.78 231.48 248.02 -259.04 248.02          622.7995   250.09725    1-FORE-56
Ashleigh Blazek         30      FORE      59      60     0.8271   242.51 264.55 281.09          281.09 137.79 154.32 159.83 159.83           440.92 286.6 303.13 319.67 319.67             760.587    285.3495    1-FORE-60 *Raw Elite Best Lifter.
Jessie Schrock          51      FORE     62.4    67.5    0.7814   187.39 209.44 -220.46         209.44 -137.79 137.79 -148.81 137.79         347.22 270.06 281.09 -292.11 281.09           628.311     222.699   1-FORE-67.5
Lindsay Paneral         30      FORE     66.8    67.5    0.7327   181.88 203.93 -220.46         203.93 82.673 93.696 99.207 99.207           303.13 192.9 209.44 225.97 225.97             529.104     175.848   2-FORE-67.5
Leonora Criswell        28      FORE      72      75     0.6867   121.25 137.79 154.32          154.32 88.184 -99.207 -99.207 88.184         242.51 214.95 253.53 270.06 270.06           512.5695   159.65775    1-FORE-75
Erika Runge-Berry       34     FORE      79.8    82.5    0.6341   314.16    336.2     -358.25   336.2   154.32   176.37   -192.9    176.37   512.57   358.25   385.81 -407.85 385.81      898.3745 258.39575 1-FORE-82.5
Autumn Vergeyle         27       FORE    89.4     90     0.5877   319.67    341.71    347.22    347.22 165.35 176.37 -187.39 176.37          523.59 352.74 369.27 385.81 385.81 909.3975 242.42625 1-FORE-90
Caitlyn Locke           27       FORE      90      90    0.5853    104.72    132.28    154.32   154.32 104.72 121.25 -132.28 121.25          275.58 121.25 159.83 214.95 214.95 490.5235 130.22925 2-FORE-90
Ryan Lyles              28       FORE    115.8   SHW     0.5307    308.64    330.69    352.74   352.74 170.86 181.88 -187.39 181.88          534.62 374.78 396.83 407.85 407.85 942.4665 226.87425 1-FORE-SHW
Carla Schwerin          54       FM3R      66    67.5    0.7408    181.88     192.9    203.93   203.93 137.79 148.81 154.32 154.32           358.25 236.99 242.51 253.53 253.53 611.7765      205.572 1-FM3R-67.5
Brittany Rabe           23        FJR    67.2    67.5    0.7287   -385.81   385.81    402.34    402.34 165.35 176.37 181.88 181.88           584.22 363.76 391.32 407.85 407.85     992.07    327.915   1-FJR-67.5 *Raw Best Lifters
Taylea Manley           23        FJR     87.6     90    0.5952    264.55    292.11   -303.13   292.11 126.76 -148.81    0    126.76         418.87 275.58 292.11 -308.64 292.11 710.9835     191.952    1-FJR-90
Regan Abrahamson        13       FT1R     58.8     60    0.8301    99.207    126.76     143.3    143.3 -66.138 88.184 -99.207 88.184         231.48 154.32 159.83 187.39 187.39 418.874       157.719   1-FT1R-60
Jaime Kuenzi            37       FOR       59      60    0.8271    275.58    308.64    319.67   319.67 165.35 187.39 192.9     192.9         512.57 303.13 319.67 330.69 330.69 843.2595 316.36575 1-FOR -60
Lydia Gandy-Fastovich   27       FOR      73.6     75    0.6745    203.93    236.99    253.53   253.53 115.74 132.28 143.3     143.3         396.83 259.04 281.09 -314.16 281.09 677.9145 207.40875 1-FOR -75
Erin Bailey             25       FOR      82.2   82.5    0.6209    374.78    407.85   -424.39   407.85 159.83 -181.88 -181.88 159.83         567.68 352.74 -374.78 380.29 380.29 947.978      266.987 1-FOR -82.5
Paige Mitchell          25       FOR       82    82.5    0.6219    363.76   -402.34    402.34   402.34 126.76 143.3 154.32 154.32            556.66 341.71 380.29 -396.83 380.29 936.955     264.3075 2-FOR -82.5
Lisa Manley             45     FM2R-AD    121    SHW      0.526    270.06    297.62   -319.67   297.62 148.81 159.83 165.35 165.35           462.97 292.11 319.67 336.2     336.2 799.1675    190.675 1-FM2R-AD-SHW
Jeff Mensinger          56    MM4RE-AD     74      75    0.6716    385.81    418.87       0     418.87 281.09 -292.11 292.11 292.11          710.98 424.39 -440.92 -440.92 424.39 1135.369    345.874 1-MM4RE-AD-75
Todd Knutsen            55    MM4RE-AD    103     110    0.5475    385.81    413.36    424.39   424.39 264.55 286.6 -303.13 286.6            710.98 385.81 407.85 429.9     429.9 1140.8805 283.33125 1-MM4RE-AD-110
Aidan Lewis             17    MT2RE-AD    88.4     90    0.5918    418.87    446.43    473.99   473.99 231.48 248.02 259.04 259.04           733.03 -473.99 473.99 501.55 501.55 1234.576     331.408 1-MT2RE-AD-90
Billy Boyce             71      MM7RE      94     100     0.571    176.37   -209.44   -209.44   176.37 225.97 248.02 -275.58 248.02          424.39 275.58 303.13 314.16 314.16 738.541       191.285 1-MM7RE-100
Chris Broadhurst        53      MM3RE    108.8    110     0.538   -292.11    303.13   -325.18   303.13 259.04 -270.06 -270.06 259.04         562.17 347.22 374.78 -402.34 374.78 936.955       228.65 1-MM3RE-110
Jason Myers             48      MM2RE    105.4    110    0.5431    402.34       0         0     402.34 352.74 369.27 380.29 380.29           782.63 518.08 540.13     0    540.13 1322.76      325.86 1-MM2RE-110
Martin Rounds           34      MSMRE     88.4     90    0.5918    396.83    418.87    440.92   440.92 297.62 319.67 -330.69 319.67          760.59 462.97 501.55 -523.59 501.55 1262.1335 338.8055 1-MSMRE-90
Aaron Schmitz           21       MJRE     98.6    100    0.5575     429.9   -440.92    440.92   440.92 314.16 341.71     0    341.71         782.63 584.22 644.85 -688.94 644.85 1427.4785 360.98125 1-MJRE-100
Alex Martin             23       MJRE      95     100    0.5678    473.99    490.52       0     490.52 314.16 336.2 -347.22 336.2            826.73 496.04 551.15 -567.68 551.15 1377.875     354.875 2-MJRE-100
Zach Jensen             22       MJRE     96.2    100    0.5642    440.92    468.48    496.04   496.04 264.55 286.6 -303.13 286.6            782.63 451.94 479.5 512.57 512.57 1295.2025 331.4675 3-MJRE-100
Jacob Foss              21       MJRE     106     110    0.5421   -534.62     573.2    600.75   600.75 308.64 330.69 341.71 341.71           942.47 540.13 573.2 600.75 600.75 1543.22         379.47  1-MJRE-110
Michael McEnroe         64      MM5R       88      90    0.5935    275.58   -297.62   -297.62   275.58 248.02 259.04 270.06 270.06           545.64 440.92 -457.45 -457.45 440.92 986.5585 265.59125 1-MM5R-90
Randy Hall              44      MM1R     124.6    125    0.5216   -562.17   -562.17    562.17   562.17 363.76 385.81 -396.83 385.81          947.98 518.08 -600.75 -600.75 518.08 1466.059    346.864 1-MM1R-125
Dave Underwood    41    MM1R     125.6   140    0.5203 -650.36 -650.36 -650.36    0        0      0       0       0        0        0      0      0         0         0            0          0
Kyle Chapman      34    MSMR     106.6   110    0.5411 473.99 512.57 529.1      529.1   264.55 286.6 -308.64 286.6       815.7   424.39 468.48 501.55    501.55   1317.2485   323.30725 1-MSMR-110
Jose Miranda      23    MJR       79.4   82.5   0.6364 -473.99 496.04 518.08 518.08     270.06 286.6 -292.11 286.6      804.68    479.5 501.55 -523.59   501.55   1306.2255     377.067 1-MJR -82.5
Thomas Ottens     22    MJR       89.2    90    0.5885 440.92 473.99 -501.55 473.99     253.53 -275.58 -292.11 253.53   727.52   501.55 -529.1  529.1     529.1    1256.622     335.445   1-MJR -90
Luke Cutinello    22    MJR      127.6   140    0.5179 545.64 584.22 -611.78 584.22     264.55 286.6 -303.13 286.6      870.82    529.1 -562.17   0       529.1    1399.921    328.8665 1-MJR -140
Coleton Nehring   19   MT3R-AD     95    100    0.5678 325.18 -341.71 341.71 341.71      286.6 303.13 308.64 308.64     650.36   407.85 418.87 429.9      429.9    1080.254     278.222 1-MT3R-AD-100
Bill Carlough     61    MM5       85.4    90     0.605 600.75 -633.82     0    600.75   275.58 418.87 429.9     429.9   1030.7   407.85 446.43 473.99    473.99   1504.6395    412.9125   1-MM5-90
Mason Walters     17     MT2       95    100    0.5678 -661.38 661.38 -705.47 661.38    418.87 440.92 -462.97 440.92    1102.3   501.55 556.66 -589.73   556.66   1658.9615    427.2695 1-MT2-100
14-Nov-21          UPA Power Weekend-Lb Results
                              BWt     WtCls                                 Best Deadlift Deadlift Deadlift  Best    Push Pull    Coeff
        Name       Age    Div                  Wilks   Bench 1 Bench 2 Bench 3                                                             Pl-Div-WtCl
                              (Kg)    (Kg)                                 Bench    1        2        3     Deadlift   Total      Score
Billy Boyce (IM)   71    MM7R  94      100     0.571 225.97 248.02 -275.58 248.02 275.58 303.13 314.16 314.16 562.173            145.605   1-MM7R-100
Nick Simmons       62    MM5R 106.6    110    0.5411 -275.58 303.13 314.16 314.16 380.29 435.41 457.45 457.45         771.61     189.385   1-MM5R-110
14-Nov-21          UPA Power Weekend-Lb Results
                                BWt    WtCls            Deadlift Deadlift Deadlift     Best     Coeff
        Name       Age   Div                    Wilks                                                     Pl-Div-WtCl
                                (Kg)   (Kg)                1        2        3       Deadlift   Score
Billy Boyce (DL)   71    MM7R     94    100     0.571   275.58 303.13 314.16         314.1555  81.3675    1-MM7R-100
Matt Peterson      44    MM1R    118    125    0.5288   385.81 446.43 479.5          479.5005  115.014    1-MM1R-125
Nate McCoy         39    MSMR    100    100     0.554   462.97 512.57 523.59         523.5925  131.575    1-MSMR-100
Charlie Driscoll   61    MM5      99    100    0.5565   534.62 -600.75 600.75        600.7535 151.64625    1-MM5-100
