   19-10-2019                                                                                             The Vault Open
                                                                                                       3-Lift
        Name            Team     Div      Bwt      Wt Cls     YOB     SQ-1      SQ-2      SQ-3 Best SQ BP-1 BP-2 BP-3 Best BP Sub Total DL-1 DL-2 DL-3 Best DL PL Total    Pl/Div/Cls/Event IPF Points
            Aila Kilmer         F-SJ-U      90.1       84+    2005      77.5      82.5      87.5  87.5   45.0   50.0 -52.5   50.0 137.5 105.0 110.0 115.0   115.0 252.5      1/F-SJ-U/84+/PL  379.335
   Paniz Khosroshahy              F-J-U    79.75         84   1996      95.0    102.5     107.5  107.5   62.5   65.0 -67.5   65.0 172.5 130.0 137.5 -145.0  137.5 310.0         1/F-J-U/84/PL 484.521
     Vanessa Zingaro             F-O-U     51.45         52   1990    137.5     140.0     142.5  140.0   60.0   65.0 -67.5   65.0 205.0 140.0 150.0 157.5   157.5 362.5        1/F-O-U/52/PL  697.872
            Cam Luong            F-O-U      47.1         52   1995      77.5      82.5     -87.5  82.5   42.5   45.0   47.5  47.5 130.0   92.5  97.5 102.5  102.5 232.5        2/F-O-U/52/PL  453.308
     Anna Yamashita              F-O-U     71.55         72   1994    117.5     122.5    -125.0  122.5   55.0   57.5   60.0  60.0 182.5 137.5 145.0 150.0   150.0 332.5        1/F-O-U/72/PL  543.096
     Minette Meronyk             F-O-U      70.3         72   1995    100.0     107.5     112.5  112.5   57.5   60.0   62.5  62.5 175.0 120.0 130.0 137.5   137.5 312.5        2/F-O-U/72/PL  513.873
   Monique Gallagher             F-O-U     64.15         72   1986      87.5     -92.5      97.5  97.5 -45.0    45.0 -47.5   45.0 142.5 107.5 112.5 120.0   120.0 262.5        3/F-O-U/72/PL  446.828
    Brittany Etmanski            F-O-U     68.65         72   1991      80.0      82.5      87.5  87.5   57.5   60.0   62.5  62.5 150.0   90.0  97.5 102.5  102.5 252.5        4/F-O-U/72/PL  417.694
     Elizabeth Arnold            F-O-U     78.85         84   1993      87.5      92.5    100.0  100.0   55.0   62.5   65.0  65.0 165.0 130.0 137.5 145.0   145.0 310.0        1/F-O-U/84/PL  486.647
      Jacqueline Parr            F-O-U     76.45         84   1982     -82.5      87.5      92.5  92.5   50.0   52.5 -57.5   52.5 145.0   97.5 105.0 107.5  107.5 252.5        2/F-O-U/84/PL  401.143
      Kaitlyn Murray             F-O-U     104.1       84+    1989      95.0    100.0     107.5  107.5   52.5   57.5   62.5  62.5 170.0 110.0 115.0 135.0   135.0 305.0       1/F-O-U/84+/PL  434.322
Erin Taylor-Peckover           F-M1-U         69         72   1972     -75.0      85.0      92.5  92.5   55.0   65.0 -67.5   65.0 157.5 100.0 110.0 122.5   122.5 280.0      1/F-M1-U/72/PL   463.200
      Charlene James           F-M1-U      76.35         84   1972      75.0      80.0      82.5  82.5   42.5   45.0 -50.0   45.0 127.5 100.0 107.5 112.5   112.5 240.0      1/F-M1-U/84/PL   381.442
         Lyuba Minich          F-M1-U      119.8       84+    1973      82.5    100.0     110.0  110.0   42.5   52.5   57.5  57.5 167.5 105.0 120.0 127.5   127.5 295.0     1/F-M1-U/84+/PL   403.206
           Susan Alisat        F-M2-U      87.65       84+    1967    100.0     110.0    -115.0  110.0   52.5   55.0 -57.5   55.0 165.0 100.0 110.0 120.0   120.0 285.0     1/F-M2-U/84+/PL   430.808
           Anthony Dip          M-SJ-U      58.5         59   2001    132.5     142.5     147.5  147.5   95.0 105.0 112.5   112.5 260.0 130.0 147.5 162.5   162.5 422.5       1/M-SJ-U/59/PL  523.268
          Ethan Chung Invictus M-SJ-U      68.65         74   2002    125.0     132.5     140.0  140.0   82.5   92.5 -100.0  92.5 232.5 132.5 140.0 147.5   147.5 380.0       1/M-SJ-U/74/PL  402.467
      Christoph Fusch           M-SJ-U    102.05        105   2002    190.0     200.0     205.0  205.0   80.0   90.0 -95.0   90.0 295.0 220.0 230.0 -240.0  230.0 525.0     1/M-SJ-U/105/PL   445.281
            Carlos Ucat          M-J-U      64.7         66   2000    130.0     135.0     142.5  142.5   85.0   92.5   95.0  95.0 237.5 155.0 160.0 162.5   162.5 400.0        1/M-J-U/66/PL  449.696
        Anthony Nemi             M-J-U     73.45         74   1999   -195.0    -195.0    -195.0     0.0   0.0                 0.0   0.0    0.0                0.0   0.0                          0.000
           Joseph Tran Vault     M-J-U     90.55         93   1999    195.0     205.0    -210.0  205.0 105.0 110.0 -115.0   110.0 315.0 210.0 220.0 230.0   230.0 545.0        1/M-J-U/93/PL  503.168
    Matthew Kruczek              M-J-U     90.45         93   1998    165.0     175.0     182.5  182.5 117.5 125.0 130.0    130.0 312.5 195.0 207.5 215.0   215.0 527.5        2/M-J-U/93/PL  484.651
       Kyle Salvanera            M-J-U      99.4        105   2000    165.0     172.5     185.0  185.0 102.5 105.0 117.5    117.5 302.5 187.5 205.0 225.0   225.0 527.5       1/M-J-U/105/PL  455.426
     McKenzie Arner              M-J-U     112.7        120   1996    207.5    -220.0     220.0  220.0 -157.5 157.5 -165.0  157.5 377.5 260.0 277.5 290.0   290.0 667.5       1/M-J-U/120/PL  555.059
       Marlon Gomez              M-J-U    108.15        120   1995   -200.0     212.5     220.0  220.0 137.5 -145.0 -150.0  137.5 357.5 225.0 240.0 250.0   250.0 607.5       2/M-J-U/120/PL  510.040
         Pete Barbeau Vault M-O-U          58.45         59   1992    165.0    -175.0    -175.0  165.0   87.5   92.5   95.0  95.0 260.0 182.5 190.0 -197.5  190.0 450.0       1/M-O-U/59/PL   563.287
          John Fortich          M-O-U       70.2         74   1990    140.0     142.5     147.5  147.5   87.5   90.0   92.5  92.5 240.0 -200.0 200.0 -225.0 200.0 440.0       1/M-O-U/74/PL   470.967
          Gavin Leung           M-O-U       80.2         83   1994    195.0     205.0     212.5  212.5 130.0 140.0 145.0    145.0 357.5 215.0 227.5 240.0   240.0 597.5       1/M-O-U/83/PL   608.003
        Kareem Jelani           M-O-U      77.35         83   1991    182.5     195.0     197.5  197.5 -122.5 -132.5 132.5  132.5 330.0 237.5 257.5 265.0   265.0 595.0       2/M-O-U/83/PL   620.836
     Zachary Ho Tom             M-O-U       82.2         83   1994    185.0     192.5    -200.0  192.5 137.5 142.5 145.0    145.0 337.5 210.0 227.5 -237.5  227.5 565.0       3/M-O-U/83/PL   560.526
    Robin Macapagal             M-O-U      80.75         83   1990    170.0     175.0    -190.0  175.0   97.5 105.0 -110.0  105.0 280.0 215.0 230.0 -240.0  230.0 510.0       4/M-O-U/83/PL   504.066
         Tony Noonan            M-O-U         81         83   1991    167.5     175.0     185.0  185.0 -120.0 125.0 -127.5  125.0 310.0 192.5 200.0 -215.0  200.0 510.0       5/M-O-U/83/PL   502.952
    Syed Zain Abedin      LPC M-O-U        81.95         83   1989   -182.5    -182.5     182.5  182.5 105.0 107.5 110.0    110.0 292.5 -192.5 192.5 205.0  205.0 497.5       6/M-O-U/83/PL   484.483
       Paul Randhawa            M-O-U         83         83   1992   -140.0    -140.0     145.0  145.0   87.5   92.5   97.5  97.5 242.5 180.0 195.0 200.0   200.0 442.5       7/M-O-U/83/PL   417.660
       James Webster Vault M-O-U           78.75         83   1993      97.5    105.0     110.0  110.0 -77.5 -77.5 -77.5      0.0   0.0    0.0                0.0   0.0                          0.000
       Jared Maynard            M-O-U      86.25         93   1990    175.0     182.5     187.5  187.5 105.0 -115.0 115.0   115.0 302.5 190.0 205.0 215.0   215.0 517.5       1/M-O-U/93/PL   489.514
          John Finnson          M-O-U      90.85         93   1988    170.0     180.0     190.0  190.0 110.0 120.0 -140.0   120.0 310.0 205.0 -215.0 -215.0 205.0 515.0       2/M-O-U/93/PL   469.755
       Ryan DeMarco             M-O-U       88.1         93   1990   -185.0    -185.0     185.0  185.0   90.0   95.0 102.5  102.5 287.5 -192.5 192.5 200.0  200.0 487.5       3/M-O-U/93/PL   449.539
           Shane Kelly          M-O-U     100.65        105   1983    222.5     240.0     250.0  250.0 150.0 160.0 -165.0   160.0 410.0 232.5 252.5 -265.0  252.5 662.5      1/M-O-U/105/PL   589.071
           Curtis Boyd          M-O-U      97.05        105   1993    192.5     202.5     210.0  210.0 122.5 130.0 -137.5   130.0 340.0 230.0 237.5 242.5   242.5 582.5      2/M-O-U/105/PL   519.607
          Jose Romero           M-O-U       96.1        105   1994    187.5     205.0     220.0  220.0 112.5 120.0 -127.5   120.0 340.0 207.5 220.0 -230.0  220.0 560.0      3/M-O-U/105/PL   499.432
    William Nicholson           M-O-U      98.75        105   1992    190.0     200.0     210.0  210.0 100.0 105.0 110.0    110.0 320.0 215.0 227.5 -235.0  227.5 547.5      4/M-O-U/105/PL   477.912
     Anthony Romain             M-O-U     100.25        105   1994    155.0     165.0     170.0  170.0 125.0 132.5 -140.0   132.5 302.5 220.0 230.0 240.0   240.0 542.5      5/M-O-U/105/PL   468.223
Stephen Quackenbush             M-O-U       98.7        105   1984    177.5     187.5    -190.0  187.5 -125.0 -125.0 125.0  125.0 312.5 185.0 190.0 200.0   200.0 512.5      6/M-O-U/105/PL   442.092
       Jamie Donovan            M-O-U       99.7        105   1980    182.5     187.5     192.5  192.5 107.5 112.5 -120.0   112.5 305.0 185.0 192.5 205.0   205.0 510.0      7/M-O-U/105/PL   436.653
          Elvir Kadiric         M-O-U       98.7        105   1995    142.5     165.0    -185.0  165.0   85.0 102.5 120.0   120.0 285.0 185.0 200.0 -225.0  200.0 485.0      8/M-O-U/105/PL   413.826
         Jacob Buzzell          M-O-U      103.9        105   1997    240.0    -252.5    -252.5  240.0 -147.5 -147.5 -147.5   0.0   0.0 -215.0                0.0   0.0                          0.000
        Bradley Nickle          M-O-U      108.5        120   1995    197.5     217.5     227.5  227.5 155.0 175.0 -182.5   175.0 402.5 245.0 275.0 282.5   282.5 685.0      1/M-O-U/120/PL   584.780
           Brian Dickie         M-O-U     107.75        120   1994    145.0     155.0     162.5  162.5 110.0 -120.0 125.0   125.0 287.5 187.5 200.0 215.0   215.0 502.5      2/M-O-U/120/PL   408.204
           Alex Leistra         M-O-U      137.4      120+    1994    230.0     245.0     255.0  255.0 147.5 157.5 -165.0   157.5 412.5 237.5 255.0 272.5   272.5 685.0    1/M-O-U/120+/PL    511.653
        Jake Goulding           M-O-U       190       120+    1992    210.0     230.0     250.0  250.0 135.0 145.0 -155.0   145.0 395.0 255.0 270.0 -285.0  270.0 665.0    2/M-O-U/120+/PL    418.794
  Aboosma Alexander             M-O-U     130.65      120+    1997    190.0     200.0     210.0  210.0 115.0 127.5 137.5    137.5 347.5 187.5 195.0 -200.0  195.0 542.5    3/M-O-U/120+/PL    398.887
            Phil Kelsey        M-M1-U       89.9         93   1976    180.0     190.0    -200.0  190.0   90.0 -95.0 -97.5    90.0 280.0 217.5 227.5 235.0   235.0 515.0     1/M-M1-U/93/PL    473.109
      Pavel Kobyakov           M-M1-U     106.65        120   1978    175.0     187.5     202.5  202.5 110.0 120.0 -130.0   120.0 322.5 190.0 210.0 230.0   230.0 552.5    1/M-M1-U/120/PL    460.157


                                                                                                 Benchy Only
      Name            Team  Div           Bwt      Wt Cls     YOB                                      BP-1 BP-2 BP-3                                           PL Total   Pl/Div/Cls/Event IPF Points
      Aidan Kennah     DVP  M-J-U          116.9        120   1996                                     120.0 -125.0 -125.0                                        120.0      1/M-J-U/120/BP   393.449
        Travis Priest       M-O-U          92.15         93   1992                                     167.5 172.5 177.5                                          177.5       1/M-O-U/93/BP   672.375
    Terry Armstrong        M-M2-U         100.35        105   1960                                    -125.0 125.0 -137.5                                         125.0    1/M-M2-U/105/BP    448.454
