                                                                                                                                             Table 1
        Name        Age      Div       BWt (Kg)   WtCls (Kg)   Glossbrenner   Squat 1   Squat 2   Squat 3   Squat 4   Best Squat   Bench 1             Bench 2   Bench 3   Bench 4   Best Bench   Sub Total   Deadlift 1   Deadlift 2   Deadlift 3   Deadlift 4   Best Deadlift   PL Total   Coeff Score

Mia Nikolojev             F_OCR_AAPF     75.8        82.5       0.83025       -122.5    127.5     132.5      135        132.5       77.5                -82.5     82.5                  82.5        215         130          135         142.5        -147.5         142.5         357.5     296.814375

Maryam Khadr              F_OCR_AAPF     81.4        82.5       0.7931        102.5     112.5      120                   120        62.5                 65       -70                   65          185          110          115         130                         130           315       249.8265

Alora Griffiths           F_OCR_APF      59.5        60         0.99425       142.5     152.5      160                   160        82.5                87.5      -92.5                 87.5        247.5      167.5         175         -182.5                       175          422.5     420.070625

Katie Coleman             F_OCR_APF      67.1        67.5       0.90385         85        95       97.5                  97.5       57.5                62.5      -67.5                 62.5        160          115         125         132.5                       132.5         292.5     264.376125

Maureen Bornbaum          F_OCR_APF      73.4        75         0.84835       137.5      145       150                   150        87.5                92.5       95                   95          245        177.5         185         192.5                       192.5         437.5     371.153125

Farris Elhalaby           M_OCR_AAPF     87.7        90         0.6209         145      167.5     172.5                 172.5       92.5                110      -112.5                 110         282.5       215         232.5        237.5                       237.5          520       322.868

Granville Mayers          M_OCR_AAPF    108.7        110        0.5644        177.5     187.5      205                   205        190                 -205      -205                  190         395        272.5         285         -302.5                       285           680       383.792

David Gutschan            M_OCR_AAPF     107         110        0.5671         195       210      222.5     -227.5      222.5      122.5               137.5      -140                 137.5        360         255          265         272.5        282.5          272.5         632.5     358.69075

Jackson Porter            M_OCR_AAPF    106.4        110        0.5681         175      182.5      190       -195        190        82.5                92.5      -100                  92.5        282.5      182.5         200          -210                        200          482.5     274.10825

Karim Saleh               M_OCR_APF      68.5        75         0.73925         85        90       92.5                  92.5       52.5                 55       57.5                  57.5        150         92.5         -100         -100                        92.5         242.5     179.268125

Chris Jenkins             M_OCR_APF      81.9        82.5       0.6504        202.5      210       -215                  210       122.5               127.5      130                   130         340         210          215         222.5                       222.5         562.5       365.85

Jordan Moffitt            M_OCR_APF      99          100        0.5838        267.5      285       -290                  285       182.5               187.5                           187.5        472.5       270          290          -300                        290          762.5      445.1475

Alastair MacNicol         M_OCR_APF     100.4        110        0.58035        260       280       -295                  280       172.5               -177.5    177.5                 177.5        457.5       310          320          -325                        320          777.5     451.222125

Zack Parker               M_OCR_APF     109.1        110        0.5638        202.5      215      227.5                 227.5       150                 160       -165                  160         387.5      272.5        287.5        292.5                       292.5          680       383.384

Bradie Johnson            M_OCR_APF     123.3        125        0.54745       327.5     -362.5     -365                 327.5       230                 240       -250                  240         567.5       295          320         -332.5                       320          887.5     485.861875

Justin Zottl              M_OCR_APF     117.3        125        0.55375       302.5      315       330                   330       197.5                210       -220                  210         540        302.5         325          345                         345           885      490.06875

Chris Jackson             M_OCR_APF     119.4        125        0.55155       222.5     227.5     232.5                 232.5       150                -157.5    -157.5                 150         382.5      237.5         255         -272.5                       255          637.5     351.613125

Lance Lavallee            M_OCR_APF     137.25       140        0.53345       272.5     282.5      290                   290        205                 -215      -215                  205         495        317.5        327.5         -330                       327.5         822.5     438.762625

Parker Boyd               M_OCR_APF     132.7        140        0.5377        187.5      200       210                   210        120                 130      -137.5                 130         340        222.5        237.5         260                         260           600        322.62




                                                                                                                                                       1
