5-Dec-15          UPA Holiday Throwdown 2 - Lb Results
                               BWt     WtCls                                          Best     Coeff
       Name       Age   Div                    Schwartz   Bench 1 Bench 2 Bench 3                      Pl-Div-WtCl
                               (Lb)    (Lb)                                          Bench     Score
AD Ann Lenz       37    F-O     165     165    0.6659     187.39 209.44 -225.97      209.437  63.2605     1-F-O
AD Ted Lindberg   84    M-M9   263.8    275    0.5273     242.51 -253.53 -253.53     242.506   58.003    1-M-M9
Troy Breitlow     41    M-M1   405.2   SHW     0.4629     462.97 -501.55 -501.55     462.966  97.2174    1-M-M1
AD Jay Ragalie    38    M-S    328.5   SHW     0.4939     501.55 -518.08 -518.08    501.5465 112.36225    1-M-S
Joey Kouba        29    M-O    385.1   SHW     0.4714     507.06 540.13 -562.17      540.127 115.48565    1-M-O
Zach Brown        27    M-O     249     275    0.5343     363.76 385.81 -402.34      385.805  93.5025     1-M-O
5-Dec-15                UPA Holiday Throwdown 2 - Lb Results
                                     BWt     WtCls                                         Best                                   Best     Sub   Deadlift Deadlift Deadlift  Best              Coeff
       Name             Age   Div                    Schwartz   Squat 1 Squat 2 Squat 3            Bench 1 Bench 2 Bench 3                                                           PL Total         Pl-Div-WtCl
                                     (Lb)     (Lb)                                        Squat                                  Bench     Total    1        2        3     Deadlift           Score
AD Marjorie Schalles    65    F-M6   244.8   SHW     0.5353 126.76 176.37 214.95          214.95    -71.65    104.72   -121.25   104.72   319.67 143.3 225.97 -308.64 225.97 545.6385 132.48675          1-F-M6
AD Lynn McCormick       58    F-M4   151.6    165    0.7137 99.207 -110.23 115.74         115.74     71.65    82.673   -93.696   82.673   198.41 154.32 170.86 -176.37 170.86 369.2705 119.54475         1-F-M4
AD Dawn Hickman         47    F-M2   105.8    105    1.0469 352.74     0       0            0       214.95      0         0        0         0   314.16      0        0        0        0        0          0
AD Alyssa Klein         43    F-M1   159.8    165    0.6828 369.27 402.34 424.39          424.39    236.99   -264.55   -264.55   236.99   661.38 336.2 363.76 380.29 380.29 1041.6735 322.623            1-F-M1
AD Barb Welp            44    F-M1    153     165    0.7083 110.23 121.25 137.79          137.79    93.696    104.72   -121.25   104.72   242.51 187.39 214.95 -231.48 214.95 457.4545 146.97225         2-F-M1
Belinda Clary           40    F-M1   144.8    148    0.7439 275.58     0       0            0        143.3      0         0        0         0   303.13      0        0        0        0        0          0
Cathy Edblom            39     F-S   197.4    198    0.5873 220.46 236.99 242.51          242.51     143.3    154.32    170.86   170.86   413.36 209.44 220.46 242.51 242.51 655.8685 174.72175           1-F-S
Cary Breitlow           36     F-S   176.5    181    0.6324 225.97 -253.53 253.53         253.53   -148.81    154.32    165.35   165.35   418.87 303.13 314.16 330.69 330.69 749.564          215.016     1-F-S
AD Dawn Hickman         47    F-O    105.8    105    1.0469 352.74 391.32 413.36          413.36    214.95    236.99   -248.02   236.99   650.36 314.16 336.2 -352.74 336.2 986.5585 468.48775            1-F-O
Pamela Bosko            42    F-O    154.6    165    0.7022 314.16 347.22 374.78          374.78    176.37    192.9     203.93   203.93   578.71 352.74 -385.81 -385.81 352.74 931.4435 296.6795          2-F-O
Belinda Clary           40    F-O    144.8    148    0.7439 275.58 308.64 -325.18         308.64     143.3    165.35   -176.37   165.35   473.99 303.13 336.2 -352.74 336.2 810.1905 273.38325            3-F-O
Anne Gramling           22    F-O     130     132    0.8271 225.97 248.02 270.06          270.06    88.184    110.23    115.74   115.74   385.81 259.04 297.62 319.67 319.67 705.472          264.672     4-F-O
AD Maura Shuttleworth   39    F-O     114     114    0.958 275.58 303.13 325.18           325.18    220.46    236.99    248.02   248.02   573.2 275.58 297.62 -308.64 297.62 870.817           378.41     5-F-O
AD Alyssa Klein         43    F-O    159.8    165    0.6828 369.27     0       0            0       236.99      0         0        0         0   352.74      0        0        0        0        0          0
AD Amanda Gray          23    F-O    112.2    114    0.999 209.44 -220.46 220.46          220.46    104.72   -115.74   -115.74   104.72   325.18 225.97 248.02 -259.04 248.02 573.196          259.74     5-F-O
AD Holea Bruggman       25    F-O    146.6    148    0.7357 192.9 203.93 214.95           214.95   -110.23    121.25   -132.28   121.25   336.2 253.53 264.55 -275.58 264.55 600.7535 200.47825           5-F-O
AD Kelsey Hansen        26    F-O    188.6    198    0.6045 -286.6 -303.13 -303.13          0       137.79    154.32   -159.83   154.32      0   314.16 330.69        0     330.69      0        0          0
AD Kathy Johnson        26    F-O     175     181    0.6364 242.51 275.58 303.13          303.13    181.88    203.93    214.95   214.95   518.08 314.16 352.74 385.81 385.81 903.886          260.924     5-F-O
AD Alyssa Way           24    F-O    181.2    181    0.6209 303.13 347.22 -385.81         347.22    159.83    170.86   -181.88   170.86   518.08 352.74 385.81 -407.85 385.81 903.886         254.569     5-F-O
AD Kristy Kinney        23    F-JR    163     165    0.6797 143.3 154.32 170.86           170.86     71.65    82.673   -93.696   82.673   253.53 165.35 187.39 198.41 198.41 451.943 139.3385            1-F-JR
AD Amanda Gray          23    F-JR   112.2    114    0.999 209.44      0       0            0       104.72      0         0        0         0   225.97      0        0        0        0        0          0
Anne Gramling           22    F-JR    130     132    0.8271 225.97     0       0            0       88.184      0         0        0         0   259.04      0        0        0        0        0          0
AD Morgan Irons         18    F-T3    157     165    0.6931 214.95 225.97 242.51          242.51    126.76    132.28    -143.3   132.28   374.78 281.09 303.13 325.18 325.18 699.9605 220.05925          1-F-T3
John Dorsher            55    M-M4   258.6    275    0.5294 440.92 473.99 501.55          501.55     286.6    308.64    319.67   319.67   821.21 418.87 462.97        0     462.97 1284.1795 308.3755   1-M-M4
AD Bob Brashear         58    M-M4   222.6    242    0.5517 292.11 314.16 330.69          330.69    -192.9    192.9    -203.93   192.9    523.59 385.81 407.85 -418.87 407.85 931.4435 233.09325        2-M-M4
Thomas Fahy             50    M-M3   238.6    242    0.5388 633.82 672.4 -705.47          672.4     473.99   -512.57    512.57   512.57    1185  633.82 677.91 -710.98 677.91 1862.887 455.286          1-M-M3
AD Jesse Rodriguez      50    M-M3    257     275     0.53   462.97 -507.06 -507.06       462.97     286.6   -303.13    303.13   303.13   766.1 462.97 -501.55 -501.55 462.97 1229.0645 295.475         2-M-M3
AD Jerry Hatzenbuhler   50    M-M3   144.2    148    0.7471 203.93 214.95 231.48          231.48    148.81    159.83   -170.86   159.83   391.32 236.99 -242.51 242.51 242.51 633.8225 214.79125        3-M-M3
Fred Clary              48    M-M2   292.8    308    0.5116 727.52 -777.12     0          727.52    369.27    391.32    407.85   407.85   1135.4 573.2 628.31         0     628.31 1763.68     409.28   1-M-M2
Roberto Galvan          44    M-M1   351.6   SHW     0.4839 600.75 633.82 655.87          655.87    358.25   -374.78    374.78   374.78   1030.7 595.24 -633.82 -633.82 595.24 1625.8925 356.87625      1-M-M1
Walter Leher            37    M-S    303.8    308    0.5058 551.15 611.78 633.82          633.82    352.74    407.85   -440.92   407.85   1041.7 451.94 567.68 -606.27 567.68 1609.358 369.234           1-M-S
Patrick Umphrey         38    M-S    189.4    198    0.6074 396.83 424.39 451.94          451.94    270.06    292.11    303.13   303.13   755.08 424.39 446.43 -468.48 446.43 1201.507 331.033           1-M-S
AD Greg Smith           38    M-S    164.8    165    0.6659 363.76     0       0            0       203.93      0         0        0         0    429.9      0        0        0        0        0          0
AD John Lenz            42    M-O    242.2    242    0.5378 777.12 -854.28 -854.28        777.12    540.13   -600.75   -600.75   540.13   1317.2 473.99 545.64 -567.68 545.64 1862.887 454.441           1-M-O
Phillip Pease           27    M-O    131.4    132    0.8185 457.45 -485.01 -485.01        457.45   -270.06    270.06    292.11   292.11   749.56 363.76 -407.85 -407.85 363.76 1113.323 413.3425         2-M-O
Cody Campbell           32    M-O    240.4    242    0.5377 -650.36 650.36 -705.47        650.36    341.71   -380.29   -380.29   341.71   992.07 485.01 556.66 -611.78 556.66 1548.7315 377.73425        2-M-O
AD Joe Grosz            34    M-O     275     275    0.5214 -777.12 -777.12 777.12        777.12    523.59    567.68   -600.75   567.68   1344.8 606.27 -655.87 655.87 655.87 2000.6745 473.1705         2-M-O    AD Equipped Best Lifter
Jason Ehlert            38    M-O    267.2    275    0.5258   959    1063.7 -1102.3       1063.7    358.25   -402.34   -402.34   358.25    1422  733.03 771.61 -804.68 771.61 2193.577 523.171           2-M-O    Equipped Best lifter
Marshall Johnson        32    M-O     287     308    0.5147 953.49 -1052.7 -1052.7        953.49    220.46   -705.47    -766.1   220.46   1173.9 733.03 804.68 -826.73 804.68 1978.6285 461.94325        2-M-O
Fred Clary              48    M-O    292.8    308    0.5116 727.52     0       0            0       369.27      0         0        0         0    573.2      0        0        0        0        0          0
AD Casey Paul           26    M-O    195.8    198    0.5901 385.81 413.36 -435.41         413.36     192.9    209.44   -225.97   209.44   622.8 407.85 -440.92 -440.92 407.85 1030.6505 275.87175        2-M-O
Steve Heintz            32    M-O     189     198    0.6036 440.92 479.5 -518.08          479.5     248.02    264.55    281.09   281.09   760.59 424.39 451.94 473.99 473.99 1234.576 338.016            2-M-O
AD Greg Smith           38    M-O    164.8    165    0.6659 363.76 402.34 413.36          413.36    203.93    225.97    231.48   231.48   644.85 429.9 468.48 501.55 501.55 1146.392 346.268             2-M-O    AD Raw Best Lifter
AD Rob Fafinski         30    M-O    196.4    198    0.5889 -363.76 396.83 -424.39        396.83    253.53    264.55    -286.6   264.55   661.38 429.9 468.48 -501.55 468.48 1129.8575 301.81125         2-M-O
Matt Hanson             25    M-O    195.8    198    0.5901 385.81 418.87 451.94          451.94    330.69   -352.74    352.74   352.74   804.68 507.06 -551.15 551.15 551.15 1355.829 362.9115          2-M-O
AD Patrick Elkin        30    M-O    265.8    275    0.5264 429.9 446.43 462.97           462.97    292.11    319.67   -325.18   319.67   782.63 451.94 507.06 -512.57 507.06 1289.691 307.944           2-M-O
Garrett Kelm         20   M-O    210     220   0.5669   457.45     0        0        0      396.83     0        0        0        0      556.66     0       0        0         0         0        0
Adam Ward            27   M-O    346.4   SHW   0.486    727.52   777.12   804.68   804.68   446.43   473.99   501.55   501.55   1306.2   639.33   672.4   699.96   699.96   2006.186   442.26   2-M-O    Raw Best Lifter
Garrett Kelm         20   M-JR    210    220   0.5669 457.45 479.5 501.55 501.55 396.83 413.36 424.39 424.39                    925.93   556.66   578.71 584.22 584.22 1510.151 388.3265        1-M-JR
Casey Saunders       22   M-JR    240    242   0.5392 462.97 507.06 523.59 523.59 -319.67 341.71 -352.74 341.71                 865.31   562.17   606.27 -628.31 606.27 1471.5705 359.916       2-M-JR
AD Dave Bartholow    21   M-JR   183.2   198   0.6162 -336.2 336.2 -341.71 336.2 -248.02 248.02 259.04 259.04                   595.24   435.41   446.43 457.45 457.45 1052.6965 294.2355       3-M-JR
AD Seth Olive        23   M-JR   191.8   198   0.5978 -275.58 275.58 286.6 286.6 225.97 236.99 -248.02 236.99                   523.59   308.64   325.18 352.74 352.74 876.3285 237.6255        4-M-JR
Khalid Khalil        23   M-JR   213.8   220   0.5619 369.27 391.32 413.36 413.36 225.97 242.51 264.55 264.55                   677.91   457.45   496.04 523.59 523.59 1201.507 306.2355        4-M-JR
AD Vishnu Jamunar    23   M-JR   209.1   220   0.5685 374.78 407.85 451.94 451.94 -303.13 319.67 -341.71 319.67                 771.61   501.55   534.62 567.68 567.68 1339.2945 345.36375      4-M-JR
Evan Burkdoll        18   M-T3    172    181   0.6448 314.16 347.22 363.76 363.76 225.97 253.53 264.55 264.55                   628.31   374.78   407.85 424.39 424.39 1052.6965 307.892        1-M-T3
AD Nathanal Flint    17   M-T2   206.8   220   0.5717 352.74 374.78 402.34 402.34 203.93 214.95 225.97 225.97                   628.31   396.83   407.85 424.39 424.39 1052.6965 272.98675      1-M-T2
Dave Nelson          27   M-O                     0      0      0      0     0       0      0       0      0                      0        0        0       0      0        0        0             0
AD Phillip Schmidt   26   M-O                     0      0      0      0     0       0      0       0      0                      0        0        0       0      0        0        0             0
