      8-Dec-18              UPA War of the Demigods Powerlifting Championship-Lb Results
                                                       WtCls                                          Best                                   Best                                                     Best                 Coeff
          Name               Age      Div   BWt (Kg)         Schwartz   Squat 1   Squat 2   Squat 3           Bench 1   Bench 2   Bench 3           Sub Total Deadlift 1   Deadlift 2   Deadlift 3              PL Total           Pl code    Pl-Div-WtCl   Tm Pts            Team
                                                       (Kg)                                           Squat                                 Bench                                                    Deadlift              Score
Julia Underwood (AD)           16   FT2RE-A 89.2        90    0.589     187.39    209.44    231.48    231.5 115.7 -126.8 -126.8             115.7    347.2 308.6            325.2        336.2       336.2       683.4     182.4        2    1-FT2RE-AD         7
Julia Underwood                16   FORE    89.2        90    0.589     187.39    209.44    231.48    231.5 115.7 -126.8 -126.8             115.7    347.2 308.6            325.2        336.2       336.2       683.4     182.4        1    1-FORE-90          7
Candice Fillpot                41   FOR     66.6        68    0.735      286.6    308.64    -325.2    308.6 154.3 165.3 170.9               170.9    479.5 308.6            325.2        336.2       336.2       815.7     271.8        1    1-FOR-67.5         7
Manjusha Das                   30   FOR     67.2        68    0.729      192.9    209.44    220.46    220.5   93.7 -104.7 -104.7             93.7    314.2 220.5            242.5          259         259       573.2     189.5        1    2-FOR-67.5         5
Molly Pasley                   34   FOR       67        68    0.731     176.37    187.39    203.93    203.9 -115.7 121.3 -132.3             121.3    325.2 187.4            209.4        231.5       231.5       556.7     184.5        1    3-FOR-67.5         3
Saundra Weed                   31   FOR    102.2       SHW    0.549     253.53    270.06    -281.1    270.1 115.7 126.8 132.3               132.3    402.3 264.6            286.6        303.1       303.1       705.5     175.7        1    1-FOR-SHW          7
Kierra Branch                  26   FOR     95.2       SHW    0.567     93.696    -104.7    -115.7     93.7 71.65    93.7 -104.7             93.7    187.4 187.4            220.5          237         237       424.4     109.2        1    2-FOR-SHW          5
Cheryl Resnick                 57   FM4R    72.6        75    0.682     214.95    225.97    -242.5      226 110.2 115.7 126.8               126.8    352.7 275.6            292.1       -303.1       292.1       644.8     199.5        2    1-FM4R             7
Penny Bergstrom                53   FM3R    72.4        75    0.684     209.44    220.46    225.97      226 132.3 137.8 -143.3              137.8    363.8 275.6            292.1       -308.6       292.1       655.9     203.3        2    1-FM3R             7
Candice Fillpot (Masters)      41   FM1R-A 66.6         68    0.735      286.6    308.64    -325.2    308.6 154.3 165.3 170.9               170.9    479.5 308.6            325.2        336.2       336.2       815.7     271.8        2    1-FM1R-AD          7
Laura Steele Fritsch           43   FM1R    85.9        90    0.607      192.9    203.93    214.95    214.9 143.3 148.8 154.3               154.3    369.3 203.9            231.5         -248       231.5       600.8     165.5        2    1-FM1R             7
Claire Brown                   20   FJR-AD 67.4         68    0.727      286.6    319.67    -330.7    319.7 121.3 126.8 -132.3              126.8    446.4    259           281.1        303.1       303.1       749.6     247.1        2    1-FJR-AD           7
Autumn Sulouff                 23   FJR-AD 73.6         75    0.675     281.09    -303.1    303.13    303.1 132.3 -148.8 -165.3             132.3    435.4 281.1            303.1        319.7       319.7       755.1       231        2    2-FJR-AD           5
Jennifer Gaeding               24   FOR     74.8        75    0.666     402.34    435.41    462.97      463    226    248 -253.5              248      711 424.4            451.9          474        474         1185     357.9        1    1-FOR-75           7                           *Best Female Lifter

Julien Nicholson               18   MT3R 123.8         125    0.523     -518.1    584.22    -639.3    584.2 281.1 341.7 -374.8              341.7    925.9    463           501.5        562.2       562.2       1488      352.8        2    1-MT3R             7                           *Best Male Teen/Junior Lifter

Braeden Weiss                  17   MT2R-A 109         110    0.538     374.78    402.34    -418.9    402.3 275.6 297.6 -308.6              297.6      700 429.9            468.5         -474       468.5        1168       285        2    1-MT2R-AD          7
Dave Underwood                 38   MSMRE 120          125    0.527     314.16    330.69    -369.3    330.7 314.2 325.2 341.7               341.7    672.4   496            518.1        540.1       540.1        1213     289.9        2    1-MSMRE            7
Daniel Sonnemaker (Sub-        33   MSMR 107.5         110     0.54     633.82    683.43    -716.5    683.4 418.9 440.9 -446.4              440.9    1124 523.6             545.6            0       545.6        1670     408.9        2    1-MSMR             7    Team Franklin
Ryan Darby                     37   MSMR    97.6       100     0.56     -396.8    -396.8    396.83    396.8    226    248    259             259     655.9 396.8            429.9        451.9       451.9        1108     281.5        2    2-MSMR             5
Jake Hendrix                   27   MORE-A 109.6       110    0.537     418.87    440.92    462.97      463 325.2 341.7 -352.7              341.7    804.7 518.1            540.1        567.7       567.7        1372     334.3        1    1-MORE-AD-         7
Adam Stocksiek                 24   MOR-AD 65.4         68    0.747     314.16    330.69     336.2    336.2 181.9 192.9 -203.9              192.9    529.1 325.2            347.2        380.3       380.3       909.4     308.2        1    1-MOR-AD-6         7    Team Franklin
Isaiah Perry                   24   MOR-AD 70           75    0.703     391.32    -418.9    418.87    418.9 292.1 -314.2 -314.2             292.1      711 507.1           -529.1       -529.1       507.1        1218     388.5        1    1-MOR-AD-7         7
Dermane Lloyd                  27   MOR-AD 75           75    0.665     -374.8    -407.9    -407.9        0      0      0      0                0        0      0               0            0           0           0         0        1              0        0
Alex Ramirez                   22   MOR-AD154.2        SHW    0.489      479.5    518.08    534.62    534.6 281.1 314.2 -330.7              314.2    848.8    474           523.6        551.2       551.2        1400     310.3        1    1-MOR-AD-S         7
Justin Hegg                    25   MOR     66.8        68    0.733      336.2    358.25    380.29    380.3 270.1 292.1 308.6               308.6    688.9 418.9            435.4        451.9       451.9        1141     379.2        1    1-MOR-67.5         7
Bill Kemper                    25   MOR     81.4        83    0.625     347.22    363.76    -380.3    363.8 303.1 325.2 -347.2              325.2    688.9 407.9            435.4        451.9       451.9        1141     323.5        1    1-MOR-82.5         7
Tom Kallas                     25   MOR     87.6        90    0.595     -738.5    738.54     815.7    815.7 352.7 363.8 374.8               374.8     1190 600.8           -633.8        633.8       633.8        1824     492.5        1    1-MOR-90           7    Cornfed Meathead       *Best Raw Male Lifter

Carson Parks                   20   MOR     86.8        90    0.599     523.59    562.17     573.2    573.2 352.7 -380.3 380.3              380.3    953.5 573.2            600.8        628.3       628.3        1582     429.5        1    2-MOR-90           5
Will England                   27   MOR      100       100    0.554     501.55     529.1    -556.7    529.1 319.7 341.7 -358.2              341.7    870.8 518.1            540.1        562.2       562.2        1433     360.1        1    1-MOR-100          7    Team Franklin
Austyn Yeske                   24   MOR     97.4       100    0.561     -501.5    501.55    -512.6    501.5 325.2 352.7 -369.3              352.7    854.3 507.1            540.1       -551.2       540.1        1394     354.7        1    2-MOR-100          5
Ryan Samsel                    24   MOR     96.8       100    0.562     402.34    440.92    451.94    451.9 314.2 330.7 -341.7              330.7    782.6 451.9            501.5        523.6       523.6        1306     333.2        1    3-MOR-100          3
Joseph Lowery                  22   MOR     99.4       100    0.556       -463    462.97    -501.5      463   -259   -259   -259                0        0      0               0            0           0           0         0        1              0        0
Cameron Needham                26   MOR    107.8       110    0.539      672.4     716.5    755.08    755.1 440.9 479.5     -485            479.5     1235 705.5           -766.1       -766.1       705.5       1940      474.6        1    1-MOR-110          7    Cornfed Meatheads
Ernie Lilliebridge             30   MOR     110        110    0.537     705.47    749.56    782.63    782.6 303.1 341.7 374.8               374.8     1157 705.5            749.6       -804.7       749.6       1907      464.1        1    2-MOR-110          5
Daniel Sonnemaker              33   MOR    107.5       110     0.54     633.82    683.43    -716.5    683.4 418.9 440.9 -446.4              440.9    1124 523.6             545.6            0       545.6        1670     408.9        1    3-MOR-110          3    Team Franklin
Jordan Staker                  25   MOR    107.2       110     0.54     -551.2     573.2    -600.8    573.2 352.7 374.8 402.3               402.3    975.5 606.3            628.3        650.4       650.4        1626     398.4        1    4-MOR-110          0
Anthony Stoddard               27   MOR    107.2       110     0.54     534.62    -589.7    600.75    600.8 308.6 319.7 330.7               330.7    931.4 534.6            573.2        600.8       600.8        1532     375.4        1    5-MOR-110          0
Dillon Haase                   31   MOR      116       125    0.531     551.15    600.75    628.31    628.3 407.9 429.9 451.9               451.9     1080 606.3           -633.8            0       606.3        1687     405.8        1    1-MOR-125          7
Luke Stolp                     33   MOR    112.4       125    0.534     440.92    507.06    540.13    540.1 314.2 385.8        0            385.8    925.9 573.2           -639.3        639.3       639.3        1565       379        1    2-MOR-125          5    Midwest Iron Gym
Michael Bertoia                19   MOR      133       140    0.511     567.68    606.27     622.8    622.8 363.8 402.3 -413.4              402.3     1025 507.1            540.1       -578.7       540.1       1565      363.1        1    1-MOR-140          7
Spencer Tolson                 24   MOR    140.2       SHW    0.503     600.75    -617.3    -617.3    600.8 396.8 407.9 -413.4              407.9     1009 551.2           -578.7       -578.7       551.2        1560       356        1    1-MOR-SHW          7    Fat Boys of Illinois
Connor Karwowski               24   MO     134.4       140     0.51     -854.3    -854.3    854.28    854.3 606.3 628.3        0            628.3     1483 617.3            633.8        650.4       650.4        2133     493.1        1    1-MO-140           7
Ryan Hinkamper                 39   MO     150.4       SHW    0.493     -551.2    551.15    -600.8    551.2 402.3 451.9 479.5               479.5     1031 529.1            589.7        633.8       633.8        1664     371.8        1    1-MO-SHW           7    Midwest Iron Gym
Chris Broadhurst               50   MM3R-A 108.8       110    0.538     236.99    -253.5    -253.5      237 -220.5 231.5 242.5              242.5    479.5 308.6            341.7        363.8       363.8       843.3     205.8        2    1-MM3R-AD          7
Bryan Sanders                  54   MM3R 127.6         140    0.518     -628.3    -650.4    -650.4        0      0      0      0                0        0      0               0            0           0           0         0        2              0        0    Fat Boys of Illinois
Erik Mains                     44   MM1R 142.6         SHW    0.501     -600.8    -600.8    -600.8        0      0      0      0                0        0      0               0            0           0           0         0        2              0        0    Fat Boys of Illinois
Joey Corrales                  23   MJRE      99       100    0.557     314.16    363.76    -402.3    363.8    226    237   -248             237     600.8 402.3            429.9        451.9       451.9        1053     265.7        2    1-MJRE             7
Erik Swanson                   23   MJR-AD 123.2       125    0.524     -446.4    446.43    485.01      485 297.6 -319.7       0            297.6    782.6 451.9            567.7       -600.8       567.7        1350     320.6        2    1-MJR-AD           7
Joey Stocksiek                 21   MJR-AD 73.4         75    0.676     -352.7    352.74    396.83    396.8 192.9 214.9 -231.5              214.9    611.8 402.3            424.4       -451.9       424.4        1036     317.7        2    2-MJR-AD           5    Team Franklin
Connor Morrison                23   MJR-AD 138.4       140    0.505     374.78    -402.3    418.87    418.9 242.5 264.6 -275.6              264.6    683.4 440.9              474       -501.5         474        1157     265.2        2    3-MJR-AD           3
Cam Harshbarger                22   MJR-AD 87.6         90    0.595     -380.3    380.29    -402.3    380.3 220.5     237 -253.5              237    617.3 -446.4               0            0           0           0         0        2              0        0
Taylor Ramey                   21   MJR     87.6        90    0.595     457.45     479.5    -512.6    479.5 292.1 -319.7 -319.7             292.1    771.6 529.1                0            0       529.1        1301     351.2        2    1-MJR              7    Midwest Iron Gym
Grant Cooper                   22   MJR     93.8       100    0.572     374.78    407.85    435.41    435.4 275.6 303.1 -319.7              303.1    738.5    496           529.1        540.1       540.1        1279     331.6        2    2-MJR              5
Wyatt Klimko                   22   MJR     98.4       100    0.558     -440.9    473.99    -501.5      474 242.5 253.5 -275.6              253.5    727.5 440.9              485        512.6       512.6        1240     313.9        2    3-MJR              3
Joseph Lowery (Junior)         22   MJR     99.4       100    0.556       -463    462.97    -501.5      463   -259   -259   -259                0        0      0               0            0           0           0         0        2              0        0
Nathan Cox                     23   MJR     88.4        90    0.592     242.51     286.6    308.64    308.6 176.4 192.9 -198.4              192.9    501.5      0               0            0           0           0         0        2              0        0
Nino Giganti                   22   MJR     80.8        83    0.628     385.81     429.9    468.48    468.5 270.1 292.1 -297.6              292.1    760.6      0               0            0           0           0         0        2              0        0
   8-Dec-18            UPA War of the Demigods Powerlifting Championship-Lb Results
                                                WtCls                                           Best    Coeff
        Name           Age     Div   BWt (Kg)         Schwartz   Bench 1   Bench 2   Bench 3                      Pl code Pl-Div-WtCl Tm Pts    Team
                                                (Kg)                                           Bench    Score
Dermane Lloyd (BP)      27   MOR         75       75    0.6645 319.667 -336.202      -336.202 319.667 96.3525          1   1-MOR-75       7
Brad Weiss              42   MOR       105.6     110    0.5427 402.3395 424.3855      -440.92 424.3855 104.4698        1   1-MOR-110      7
Mike Smothers           53   MM3       109.8     110    0.5367 -628.311 -628.311     -628.311        0        0        2            0     0
Brad Weiss (Masters)    42   MM1R      105.6     110    0.5427 402.3395 424.3855      -440.92 424.3855 104.4698        2   1-MM1R         7
WT Franklin             41   MGL       138.4     140    0.5051 446.4315 -479.501     -479.501 446.4315 102.2828        1   1-MGL-140      7 Team Franklin
