 Women's Masters
105 lb class
Carol Krochmal        47 WM      44.60 105        55.00        57.50           62.50           67.50           67.50    62.50           92.157 137.789 1
132 lb class
Susan Mies            51 WM      54.90 132        67.50        70.00           72.50 1                         70.00    70.00           86.715 154.324 1
148 lb class
Lisa Petergal         47 WM      63.80 148        52.50        55.00           57.50           60.00 1         57.50    57.50           59.264 126.766 1
181 lb class
Betty Tenorio         75 WM      82.20 181        25.00        30.00           32.50                           32.50    32.50           48.678      71.650 1
SHW class
Sidney Thoms          51 WM 108.50 SHW 132.50                 142.50          147.50          150.00          150.00 147.50 121.694 325.182 1 Best Lifter Women

Women's Open
148 lb class
Kim Hairston          27 WO      65.10 148        92.50 1      92.50 1         92.50           95.00           95.00    92.50           87.923 203.928 1
Kim Carter            29 WO      63.10 148        62.50        72.50           85.00           87.50           87.50    85.00           83.007 187.393 2
SHW class
Lisa Miller           29 WO 111.50 SHW 145.00                 157.50          170.00 1                        157.50 157.50 108.541 347.228 1
Sidney Thoms          51 WO 108.50 SHW 132.50                 142.50          147.50   150.00                 150.00 147.50 104.190 325.182 2

Men's Junion/Teen
165 lb class
Oleksandr Martynuk 20        J   73.40 165 160.00             170.00          180.00          190.00 1 180.00 180.00 125.955 396.832 1 Best Lifter JT
220 lb class
Ronnie Mueller     19        T   94.20 220 182.50             192.50          200.00                          200.00 200.00 119.480 440.925 1
275 lb class
Mark Engle JR.               J   114.00 275 192.50            207.50          217.50                          217.50 217.50 121.224 479.505 1
                                                                                                                            Be
Men's Open
198 lb class
Jeffery Rebera         37 MO     89.00 198 210.00             217.50          227.50                          227.50 227.50 140.072 501.552 1
220 lb class
Kevin Farley           39 MO     97.10 220 200.00             212.50          227.50                          227.50 227.50 133.963 501.552 1
242 lb class
Rick Purdy             39 MO 107.80 242 242.50                257.50 1 257.50 1                               242.50 242.50 137.207 534.621 1
Vitaliy Bobchenko         MO 101.70 242 220.00                240.00 1 240.00 1                               220.00 220.00 127.028 485.017 2
275 lb class
Tommy Harrison         31 MO 123.40 275 300.00 1 300.00                       317.50 1                        300.00 300.00 164.190 661.387 1 Best Lifter MO/MS
308 lb class
Michael Gerard         42 MO 133.90 308 227.50 1 227.50                       242.50          242.50          242.50 242.50 130.109 534.621 1

Men's Sub Master
198 lb class
Jeffery Rebera         37 MS     89.00 198 210.00             217.50          227.50                          227.50 227.50 140.072 501.552 1
242 lb class
Rick Purdy             39 MS 107.80 242 242.50                257.50 1 257.50 1                               242.50 242.50 137.207 534.621 1
275 lb class
Dale Szymanski         35 MS 118.30 275 217.50                250.00          260.00                          260.00 260.00 143.702 573.202 1
Men's Masters
40 - 44
William Blackstone    44 MM 87.40 198 160.00    170.00                       172.50                          172.50 172.50 112.043 380.297 1
Sam Luciano           43 MM 99.30 220 220.00 1 220.00                        230.00 1                        220.00 220.00 131.863 485.017 1
Michael Gerard        42 MM 133.90 308 227.50 1 227.50                       242.50   242.50                 242.50 242.50 131.930 534.621 1
45 - 49
Mark Fadke            49   MM 89.20 198 130.00               137.50          142.50                          142.50    142.50 99.190 314.159 1
Robert Mcconaughey    45   MM 105.20 242 257.50              275.00          287.50 1                        275.00    275.00 199.648 606.271 1 Best Lifter Master's
Mark Engle            46   MM 108.90 242 190.00              205.00          215.00                          215.00    215.00 160.767 473.994 2
Roger Ryan            49   MM 119.30 275 242.50              272.50          307.50 1                        272.50    272.50 170.167 600.760 1
50 - 54
Randy Egli            53 MM 86.10 198 145.00                 165.00 1 165.00                                 165.00 165.00 125.010 363.763 1
Dave Murphy           50 MM 108.00 242 182.50                200.00   207.50 1                               200.00 200.00 130.065 440.925 1
55 - 59
Dan Swift             57 MM 88.20 198 187.50 1 187.50   192.50 1                                             187.50 187.50 150.497 413.367 1
Ron Cuny              59 MM 88.20 198 135.00   140.00 1 140.00 1                                             135.00 135.00 112.785 297.624 2
Thomas Nelson         56 MM 140.90 SHW 190.00  202.50   210.00 1                                             202.50 202.50 136.734 446.436 1
60 - 64
Jim Hussey            61 MM     87.30 198 150.00             160.00 1 160.00 1                               150.00 150.00 131.680 330.693 1
Walter Anczerewicz    63 MM     89.00 198 117.50             127.50   132.50 1                               127.50 127.50 115.398 281.089 2
65 - 69
Floyd Kucharski       65 MM     96.00 220 102.50             110.00          120.00          125.00          125.00 120.00 113.432 264.555 1
70 - 74
Bruce Bianco          70 MM 104.00 242 102.50                110.00          120.00 1                        110.00 110.00 107.067 242.508 1

OUT
Frederick Woodson     37 MO 99.30 220 235.00 1 240.00 1 240.00 1                                              0.00   0.00    0.000   0.000
Frederick Woodson     37 MS  99.30 220 235.00 1 240.00 1 240.00 1                                             0.00   0.00    0.000   0.000
Mark Hairston         38 MO 106.60 242 260.00 1 265.00 1 265.00   272.50                                     272.50 265.00 154.726 584.225
O
Teen Women 13-15
Sarah Biddle        13 TW 48.80 114   62.50    70.00    77.50 1          70.00                                37.50    42.50      47.50               47.50    117.50 72.50               75.00    82.50    92.50 1 82.50                          200.00 232.820              440.920 1
Rachael Mayer       15 TW 64.20 148 105.00    120.00   127.50   132.50   127.50                               52.50    57.50 1    57.50     65.00 1   57.50    185.00 100.00             115.00 1 120.00   127.50 1 120.00                         305.00 285.404              672.403 1
Hannah Jo Biddle    14 TW 101.60 SHW 87.50    102.50   125.00 1          102.50                               45.00    50.00      60.00 1             50.00    152.50 102.50             110.00   135.00 1          110.00                         262.50 186.716              578.708 1
Teen Women 16-17
Abigail Biddle      17 TW 82.10 181 102.50    117.50 1 125.00 1          102.50                               52.50    60.00      65.00 1             60.00    162.50 102.50             120.00         135.00                        135.00       297.50 234.698              655.869 1
Junior Women
Jasmin Desrosier    21 WJ 66.40 148 155.00    170.00   177.50 1          170.00                               85.00    92.50 1    92.50 1             85.00    255.00 117.50             140.00 1 140.00 1                            117.50       372.50 339.459              821.214 1
Teen Men 12-15
Juan Silvestre      12 T   61.00 148  80.00    97.50   115.00            115.00                               30.00    47.50      57.50 1              47.50   162.50 82.50              105.00         127.50                        127.50       290.00 237.728 639.334 1
Eric Lilliebridge   15 T   87.90 198 180.00 T 180.00   200.00            200.00                              115.00   125.00     132.50 1             125.00   325.00 200.00             217.50         227.50                        227.50       552.50 342.605 1218.042 1
Teen Men 16-17
Joshua Morris       17 T   80.20 181 237.50   250.00 1 250.00            250.00                              137.50   150.00 1 150.00                 150.00   400.00 220.00             235.00   240.00 1                            235.00       635.00 417.005 1399.921 1
Zachary Zenzen      17 T   88.70 198 230.00   250.00   267.50 1          250.00                              125.00   142.50   152.50 1               142.50   392.50 205.00             230.00   245.00                              245.00       637.50 393.242 1405.433 1
Paul Green          17 T   97.20 220 195.00 1 200.00   227.50            227.50                              132.50 1 132.50   155.00 1               132.50   360.00 185.00             217.50 1 217.50                              217.50       577.50 339.888 1273.157 1
Teen Men 18-19
Otis Brown          19 T   57.00 132 120.00   132.50   135.00   137.50   135.00                              100.00 1 100.00     102.50 1             100.00   235.00 160.00             182.50 1 182.50 1          160.00                         395.00 346.198 870.817 1
Cam Clayton         19 T   81.20 181 207.50 1 207.50   227.50 1          207.50                              157.50   167.50     175.00 1             167.50   375.00 215.00             220.00   232.50   240.00 1 232.50                         607.50 395.665 1339.295 1
Kyle Davis          19 T 107.80 242 250.00    275.00 1 275.00            275.00                              190.00   205.00     217.50               217.50   492.50 227.50             250.00   260.00 1          250.00                         742.50 420.107 1636.916 1
Junion Men
Eric Cressey        24 J   74.00 165 210.00   227.50 1 227.50            227.50                              145.00   155.00 1 155.00 1               145.00   372.50    237.50          257.50         262.50 1                      257.50       630.00      438.134     1388.898   1
Dan Diemert         20 J   81.50 181 182.50   205.00   227.50 1          205.00                              130.00   137.50   142.50 1               137.50   342.50    192.50          210.00         220.00 1                      210.00       552.50      358.987     1218.042   1
Travis Kaufman      21 J   85.50 198 197.50   220.00 1 230.00 1          197.50                              110.00   112.50   132.50 1               112.50   310.00    170.00          190.00         200.00                        200.00       510.00      321.479     1124.346   1
Nicholas Mezera     20 J   96.80 220 260.00 1 260.00   277.50 1          260.00                              125.00   182.50 1 182.50 1               125.00   385.00    147.50         PASS           PASS                           147.50       532.50      313.989     1173.950   1
Women's Open
Alison Rogers       30 WO 51.50 114   72.50   122.50   137.50   140.00 1 137.50                               72.50    80.00 1 80.00 1           72.50         210.00 140.00             145.00         150.00   155.00               150.00       360.00 401.796 793.656 1
Brooke Fineis-Curry 27 WO 74.10 165 200.00    215.00   227.50 1          215.00                              102.50   115.00  122.50   127.50 1 122.50         337.50 157.50             182.50         190.00 1                      182.50       520.00 438.308 1146.392 1
Kathryn Saunders    37 WO 118.10 SHW 165.00   180.00   185.00            185.00                               60.00    70.00   77.50             77.50         262.50 142.50             165.00         175.00 1                      165.00       427.50 290.828 942.467 1
Women's Masters 40-44
Tywnia Brewton      41 WM 73.80 165 115.00    127.50   137.50 1          127.50                               75.00    80.00      82.50     85.00     82.50    210.00 125.00             137.50         145.00 1                      137.50       347.50 295.193              766.099 1
Stephanie Ross      43 WM 76.60 181 120.00    135.00   145.00            145.00                               70.00    75.00 1    77.50               77.50    222.50 117.50             130.00         137.50 1                      130.00       352.50 298.792              777.122 1
Women's Masters 50-54
Jane Stabile        52 WM 80.00 181 135.00    142.50 1 142.50            142.50                               62.50    65.00 1    65.00 1             62.50    205.00 142.50             150.00         160.00 1                      150.00       355.00 337.845              782.633 1
Women's Masters 55-59
Susan McCallion     56 WM 52.70 123   80.00    90.00    95.00   100.00   95.00                                32.50    37.50      42.50 1             37.50    132.50         90.00      100.00         105.00 1                      100.00       232.50 324.356              512.570 1
O
Men's Masters 40-44
Michael Robinson   44       MM   66.40 148 192.50         210.00          222.50 1                         210.00 132.50            137.50 1 137.50 1            132.50    342.50 207.50           220.00   227.50 1                            220.00       562.50 445.723 1240.088 1
Dyke Naughton      41       MM   81.20 181 137.50         140.00          142.50                           142.50 175.00            192.50   202.50   207.50     202.50    345.00 65.00            200.00 T 225.00 T                             65.00       410.00 268.481 903.886 1
Leo Welch          41       MM   89.90 198 282.50         300.00          317.50 1                         300.00 127.50            172.50   182.50              182.50    482.50 277.50           292.50   305.00 1                            292.50       775.00 476.866 1708.565 1
Men's Masters 45-49
Vincent Scelfo     47       MM   67.20   148   167.50   185.00            195.00           205.00          195.00        110.00     120.00   127.50 1            120.00    315.00    130.00        145.00   160.00                              160.00       475.00      391.101     1047.185    1
Manuel Rivera      45       MM   74.50   165   227.50   250.00            272.50     1                     250.00        145.00     160.00   167.50 1            160.00    410.00    217.50        227.50 1 227.50 1                            217.50       627.50      460.251     1383.387    1
Steve Lumpe        45       MM   73.50   165   237.50 1 237.50            257.50     1                     237.50        115.00     142.50   155.00 1            142.50    380.00    192.50        210.00 1 210.00                              210.00       590.00      437.155     1300.714    2
Michael Larsen     45       MM   73.70   165   175.00   197.50            205.00     1                     197.50         72.50      82.50 1 82.50                82.50    280.00    160.00        172.50   182.50                              182.50       462.50      341.974     1019.628    3
Robert Fabiano     48       MM   82.50   181   227.50   245.00            255.00                           255.00        172.50     182.50 1 182.50   187.50     182.50    437.50    227.50        240.00   245.00 1                            240.00       677.50      486.502     1493.617    1
Douglas Morong     48       MM   89.10   198   230.00   247.50            265.00     1                     247.50        182.50     190.00   195.00 1            190.00    437.50    262.50        277.50   290.00                              290.00       727.50      498.661     1603.847    1
Men's Masters 50-54
Rudy Ruettiger     51       MM   81.70 181 260.00         285.00 1 285.00 1                                260.00 150.00   165.00   167.50 1                     165.00    425.00 227.50           237.50         242.50                        242.50       667.50 505.752 1471.571 1
Gordon Wolfe       52       MM   80.50 181 235.00         255.00   277.50                                  277.50 142.50 1 142.50 1 142.50                       142.50    420.00 210.00           232.50         237.50 1                      232.50       652.50 507.348 1438.502 2
Vincent Donofrio   52       MM   85.50 198 225.00         245.00 1 245.00                                  245.00 155.00   170.00   175.00 1                     170.00    415.00 225.00           237.50         242.50 1                      237.50       652.50 488.217 1438.502 1
Men's Masters 55-59
Mike Wider         57       MM   66.80 148 170.00         185.00   195.00                                  195.00 95.00             100.00  105.00               105.00    300.00 177.50           192.50         202.50   210.00               202.50       502.50 492.131 1107.812 1
Theodore Feight    58       MM   66.60 148 147.50         157.50   160.00                                  160.00 92.50              97.50 1 97.50 1              92.50    252.50 150.00           165.00         170.00 1                      165.00       417.50 417.842 920.421 2
Jon Smoker         58       MM   74.90 165 210.00         235.00 1 235.00 1                                210.00 115.00            120.00  122.50               122.50    332.50 205.00           222.50        PASS                           222.50       555.00 505.673 1223.553 1
Men's Masters 60-64
Anthony Noplos     61       MM   64.40 148 142.50         155.00          167.50           185.00 1 167.50 110.00                   120.00 1 120.00 1            110.00    277.50 180.00           200.00 1 200.00 1                            180.00       457.50 502.965 1008.605 1
Men's Masters 65-69
Richard Gidcumb    68       MM   65.30   148   137.50     147.50   160.00 1                                147.50 92.50             102.50   110.00              110.00    257.50    137.50        157.50         167.50 1                      157.50       415.00      520.968 914.909         1
Fred Glass         68       MM   66.30   148   165.00     182.50 1 182.50 1                                165.00 62.50              67.50 1 67.50 1              62.50    227.50    170.00       PASS            190.00 1                      170.00       397.50      484.907 876.329         2
Kirby Anderson     69       MM   66.40   148   105.00     120.00 1 122.50                                  122.50 82.50              87.50    90.00               90.00    212.50    105.00        122.50         127.50                        127.50       340.00      429.412 749.564         3
Richard Flores     67       MM   74.10   165   182.50     210.00   235.00                                  235.00 112.50            117.50 1 117.50 1            112.50    347.50    162.50       PASS           PASS                           162.50       510.00      565.812 1124.346        1
Men's Masters 70-74
Eugene McCulloch   75       MM   80.30 181 135.00 1 135.00 1 135.00                        147.50 1 135.00                90.00 1    90.00    95.00     100.00   95.00     230.00 135.00           155.00        PASS                           155.00       385.00 479.864              848.771 1
Men's Sub Masters
Charles Morse      38       MS 66.90 148 200.00           230.00          237.50           250.00          237.50 125.00            140.00   145.00     150.00 1 145.00    382.50 195.00           205.00         215.00 1                      205.00       587.50 443.063 1295.203 1
Andrew Miller      37       MS 135.90 308 275.00          282.50          295.00                           295.00 245.00            257.50   272.50              272.50    567.50 265.00           277.50         295.00                        295.00       862.50 461.200 1901.468 1

OUT
Darrell Hoard             34 MS 111.40 275 295.00         317.50 1 317.50 1                                295.00 250.00 1 250.00 1 250.00 1                      0.00     295.00 250.00                                                          0.00       295.00 165.377              650.357 X
O
Men's Masters 40-44
Bruce McCord           44 MM 94.10        220   230.00      250.00 1 257.50 1                     230.00     152.50          165.00 1 165.00 1                                     152.50        382.50 202.50         210.00   217.50                   217.50        600.00 374.399 1322.760 1
Samuel Tyler           40 MM 122.40       275   300.00      320.00 1 320.00                       320.00     230.00          235.00   240.00                                       240.00        560.00 262.50         275.00 1 275.00                   275.00        835.00 457.956 1840.841 1
Scott Edmiston (2)     42 MM 139.90       308   322.50                                            322.50     227.50                                                                227.50        550.00 287.50                                           287.50        837.50 451.172 1846.353 1
Men's Masters 45-49
Marc Terman            45   MM 99.80      220   272.50      300.00   317.50 1          300.00                155.00   165.00                   172.50                              172.50        472.50       277.50   302.50   320.00 1                 302.50        775.00     477.949    1708.565      1
Robert McConaughey     45   MM 107.80     242   260.00      282.50 1 282.50            282.50                257.50   272.50                   282.50   287.50                     282.50        565.00       227.50   242.50   247.50 1                 242.50        807.50     484.297    1780.215      1
Buddy McKee            49   MM 113.40     275   320.00      342.50   350.00   365.00 1 350.00                245.00 1 265.00                   295.00 1                            265.00        615.00       250.00   280.00 1 280.00                   280.00        895.00     565.363    1973.117      1
Timothy Lane           46   MM 129.80     308   317.50 1    317.50   345.00 1          317.50                185.00   195.00 1                 195.00   202.50                     195.00        512.50       265.00   292.50   315.00 1                 292.50        805.00     468.205    1774.703      1
Men's Masters 50-54
Dick Zenzen (2)        53 MM 95.20        220   275.00      300.00 1 320.00 1                     275.00     157.50          165.00   172.50 1                                     165.00        440.00 202.50         227.50       247.50 1             227.50        667.50 476.475 1471.571 1
Joe Smolinski          50 MM 108.20       242   272.50      285.00   295.00                       295.00     240.00          252.50 1 252.50 1                                     240.00        535.00 250.00         262.50       277.50 1             262.50        797.50 528.539 1758.169 1
Men's Masters 55-59
John Magee             56 MM 143.30 SHW         320.00 1 320.00 1 320.00                          320.00     195.00          205.00 1 PASS                                         195.00        515.00 182.50         PASS         PASS                 182.50        697.50 469.180 1537.709 1
Men's Masters 65-69
Edward Brown           66 MM      92.40   220   140.00      155.00          167.50                167.50     112.50          122.50 1 122.50 1                                     112.50        280.00 140.00         155.00       170.00 1             155.00        435.00 410.712            959.001 1
Fire & Police
Dick Zenzen (2)        53 PF      95.20   220   275.00      300.00 1 320.00 1                     275.00     157.50          165.00            172.50 1                            165.00        440.00 202.50         227.50       247.50 1             227.50        667.50 394.760 1471.571 1
Men's Open
Robert Leoni           38   MO    51.70   114   182.50      197.50          215.00 1              197.50      92.50   100.00   110.00   115.00 1 110.00                                          307.50       182.50   192.50       200.00       207.50 1 200.00       507.50     493.620    1118.835      1
Charles Morse (2)      38   MO    66.90   148   237.50                                            237.50     145.00                              145.00                                          382.50       205.00                                      205.00       587.50     443.063    1295.203      1
Eric Stone             22   MO    74.90   165   265.00      297.50          305.00                305.00     145.00   162.50   170.00   175.00 1 170.00                                          475.00       195.00   227.50       237.50                237.50       712.50     491.055    1570.778      1
Louie Morrison         25   MO    81.50   181   287.50    1 287.50          307.50       320.00   307.50     192.50   202.50 1 202.50            202.50                                          510.00       262.50   277.50       287.50   1            277.50       787.50     511.678    1736.123      1
Putt Houston           33   MO    82.50   181   242.50    1 260.00          265.00   1            260.00     160.00   175.00   182.50 1          175.00                                          435.00       227.50   230.00       250.00                250.00       685.00     441.551    1510.151      2
Jesse Soule            29   MO    88.10   198   250.00      285.00          295.00                295.00     200.00   212.50 1 212.50            212.50                                          507.50       265.00   282.50   1   282.50                282.50       790.00     489.208    1741.634      1
Robert Clark           35   MO    86.50   198   280.00    1 280.00          307.50   1            280.00     185.00 1 195.00 1 195.00            195.00                                          475.00       280.00   302.50       315.00   1            302.50       777.50     486.676    1714.077      2
Ronnie Paras           43   MO    89.70   198   310.00    1 310.00          327.50   1            310.00     220.00 1 220.00   227.50 1          220.00                                          530.00       242.50   247.50   1   247.50   1            242.50       772.50     473.543    1703.054      3
Toby Irby              31   MO   109.70   242   340.00      367.50          377.50                377.50     205.00   222.50   237.50            237.50                                          615.00       272.50   302.50   1   315.00                315.00       930.00     523.497    2050.278      1
Anthony Acome          33   MO   106.80   242   345.00      357.50          365.00                365.00     260.00   267.50 1 267.50            267.50                                          632.50       282.50   292.50   1   295.00   1            282.50       915.00     519.198    2017.209      2
Joshua Gotlieb         31   MO   101.50   242   310.00      325.00          340.00   1            325.00     192.50   205.00 1 205.00            205.00                                          530.00       272.50   295.00       320.00   1            295.00       825.00     476.685    1818.795      3
Brandon Williamson     25   MO   122.20   275   230.00      275.00          300.00   1            275.00     145.00 1 145.00   165.00 1          145.00                                          420.00       277.50   290.00   1   300.00   1            277.50       697.50     382.669    1537.709      1
Robert Bierschbach     37   MO   132.00   308   300.00      325.00          345.00                345.00     227.50   237.50 1 237.50            237.50                                          582.50       267.50   282.50       290.00                290.00       872.50     469.728    1923.514      1
Scott Edmiston (2)     42   MO   139.90   308   332.50    1 332.50          352.50   1            332.50     227.50   237.50 1 237.50 1          227.50                                          560.00       292.50   307.50   1   315.00   1            292.50       852.50     452.912    1879.422      2

OUT
Randy Boynton          44 MM 118.30       275   310.00 1 320.00 1 320.00 1                         0.00      135.00                                                                135.00        135.00 227.50                                           227.50        362.50 209.169            799.168
