                                                        CAMPEONATO NACIONAL POWERLIFTING GPA APERTURA 2017




                                                                                                                                                                                                                                                                              Product
                                                                                                                                    Squat                                Bench Press                                   Dead Lift




                                                                                                                                                                                                    TOTAL




                                                                                                                                                                                                                                                     TOTAL




                                                                                                                                                                                                                                                                     Reshel
                                                                     Edad
                                      Equipo
                                                         Fecha




                                                                                                                                                                                                                                                             Podio




                                                                                                                                                                                                                                                                                        Lugar
                                                                                                                                                                                                                                                                     Coef.



                                                                                                                                                                                                                                                                              Coef.
                                                                                              Peso      Cat. de




                                                                                                                                                                                                    SUB
                                                 H-M
                                                       Nacimiento
         Nombres                                                            Div 1 Div 2      Corporal    Peso
Nº




                                                                                                                   1.       2.        3.        4.      Total    1.        2.       3.      Total            1.          2.         3.      Total




                                                                                                                                                                                                                                                                              o
1    Alejandra Asenjo       Ares Lifters          F    08-06-1984    32     Open              47,9       48,0      85,0     90,0      97,5              97,5     47,5      50,0     -52,5   50,0    147,5   95,0       105,0       -110,0   105,0   252,5     1      1,955    493,64    2
2    Paula Berrios          Warlike               F    09-02-1989    28     Open              51,7       52,0      77,5     -80,0     -82,5             77,5      40,0     42,5     -47,5   42,5    120,0   87,5       95,0         -97,5   95,0    215,0     1      2,105    452,58    3
3    Javiera Contreras      Ares Lifters          F    25-10-1996    20     Open   Junior     52,8       56,0      50,0      55,0     -65,0             55,0     -27,5     32,5     -35,0   32,5     87,5   80,0       90,0        -100,0   90,0    177,5     1      2,041    362,28
4    Yassna Riffo           Titanes               F    01-11-1973    43     Open   M40-49     61,1       67,5     -100,0   -110,0     -                  -       -         -      -          0,0    ABD       -          -         -         0,0    ABD              1,757       -
5    Marlys Valdes          Team Genesis          F    19-06-1984    32     Open              80,8       82,5      120,0    135,0    150,0             150,0    120,0     130,0 -140,0      130,0   280,0   160,0      180,0     200,0      200,0   480,0     1      1,490    715,20    1
6    Karen Rodriguez        Power Menace          F    29-01-1989    28     Open              88,9       90,0       50,0    -65,0    -70,0             50,0      35,0     -40,0 -           35,0     85,0   105,0      110,0     115,0      115,0   200,0     1      1,428    285,60


7    Jepherson Olave        Ludus Power           M    08-12-1987    29     Open              65,8       67,5     160,0    170,0     185,0             185,0    100,0     105,0    107,5    107,5   292,5   160,0      170,0       -180,0   170,0   462,5     1      1,273    588,76
8  Benjamin Diaz            Ares Lifters          M                          Inv              66,3       67,5     -145,0   -145,0     145,0            145,0     -85,0     85,0     -90,0   85,0    230,0   155,0      160,0     -162,5     160,0   390,0     2      1,263    492,57
 9 Victor Rodriguez         Team Rhyno            M                          Inv              64,0       67,5      130,0   -140,0    -140,0            130,0      85,0     90,0    -100,0   90,0    220,0   130,0      140,0     145,0      145,0   365,0            1,311    478,52
10 Jonathan Naranjo         Team Rhyno            M                          Inv              65,5       67,5     -130,0    130,0    -135,0            130,0     -85,0     90,0    -100,0   90,0    220,0   140,0      155,0     165,0      165,0   385,0     3      1,279    492,42
11 Arnaldo Salinas          Ludus Power           M    01-04-1983    33     Open              74,8       75,0     250,0    270,0      290,0            290,0    130,0     135,0     140,0   140,0   430,0   250,0      270,0     275,0      275,0   705,0     1      1,120    789,60    1
12 Maximiliano Rojas        Ares Lifters          M    19-09-1999    17     Open   Tn16-17    73,1       75,0      90,0    110,0     -112,5            110,0    100,0     110,0    -112,5   110,0   220,0   160,0      170,0     -180,0     170,0   390,0            1,147    447,33
13 Nicolas Amestica         Ares Lifters          M    23-06-1989    27     Open              75,0       75,0     145,0     155,0    -167,5            155,0    100,0     107,5    -112,5   107,5   262,5   175,0      182,5     -190,0     182,5   445,0            1,117    497,07
14 Ariel Bustos             Titanes               M    06-10-1992    24     Open              73,3       75,0     160,0     170,0    -180,0            170,0    100,0     105,0    -107,5   105,0   275,0   -170,0     180,0     190,0      190,0   465,0     3      1,143    531,50
15 Patricio Poblete         Power Menace          M    26-01-1994    23     Open   Junior     74,4       75,0     175,0    -190,0    -190,0            175,0    110,0     115,0    -120,0   115,0   290,0   200,0      -210,0    -210,0     200,0   490,0     2      1,128    552,72
16 Alexey Kormshchikov Ares Lifters               M                          Inv              76,9       82,5     105,0    -115,0    120,0             120,0    105,0     110,0     115,0   115,0   235,0   95,0       110,0     125,0      125,0   360,0     3      1,093    393,48
17 Brayan Diaz         Ludus Power                M    20-05-1997    19     Open   Tn18-19    81,3       82,5     207,5     220,0    230,0    240,0    230,0    115,0     120,0    -125,0   120,0   350,0   190,0      200,0     -215,0     200,0   550,0     1      1,041    572,55
18 Esteban Peña             Ludus Power           M    07-11-1989    27     Open              81,7       82,5      140,0   160,0     180,0             180,0     130,0     140,0   -145,0   140,0   320,0   180,0      200,0     210,0      210,0   530,0     2      1,039    550,67
19 Manuel Farias            Ludus Magnus          M                          Inv              80,3       82,5     -170,0   170,0     180,0             180,0    -130,0    -130,0     -        -     ABD     200,0      210,0     -220,0     210,0   ABD              1,051       -
20 Felipe Gonzalez          Ares Lifters          M    13-11-1990    26     Open              85,3       90,0      140,0   150,0     170,0             170,0      80,0     -90,0     90,0   90,0    260,0   190,0      210,0     225,0      225,0   485,0     2      1,004    486,94
21 Elias Urrutia            Ares Lifters          M                          Inv              86,8       90,0     -140,0   150,0      170,0            170,0     90,0     -100,0   105,0    105,0   275,0   150,0      170,0     190,0      190,0   465,0     3      0,992    461,28
22 Mauricio Rodriguez       Power Menace          M    06-07-1988    28     Open              87,4       90,0      210,0   220,0     -230,0            220,0    110,0      120,0    -       120,0   340,0   -235,0     235,0     -260,0     235,0   575,0     1      0,988    568,10
23 Nelson Hermosilla        Titanes               M    20-12-1985    31     Open              90,7      100,0     130,0    140,0     150,0             150,0    100,0     -105,0   -105,0   100,0   250,0   180,0      195,0     -217,5     195,0   445,0     3      0,965    429,43
24 Evgeny Belov             Ares Lifters          M                          Inv              94,3      100,0     125,0    140,0      -                140,0    135,0      145,0    152,5   152,5   292,5   150,0      170,0     175,0      175,0   467,5     2      0,941    439,92
25 Ricardo Romero           Power Menace          M    18-04-1994    22     Open   Junior     96,1      100,0     -202,5    202,5    -210,0            202,5    130,0      137,5   142,5    142,5   345,0   250,0      -270,0    -270,0     250,0   595,0     1      0,932    554,54
26 Franco Quijanes          Ares Lifters          M    17-10-1990    26     Open             107,9      110,0      215,0   -230,0    -230,0            215,0    120,0     -130,0    -       120,0   335,0   200,0      -220,0      -        200,0   535,0     1      0,890    476,15
27 Carlos Anabalon          Power Menace          M    02-02-1990    27     Open             105,2      110,0     -190,0    190,0    -200,0            190,0     85,0       90,0   -95,0    90,0    280,0   190,0      200,0     210,0      210,0   490,0     2      0,898    440,02
28 Alejandro Acuña          Titanes               M    13-03-1985    32     Open             124,8      125,0      240,0    260,0      -               260,0    140,0      150,0    -       150,0   410,0   240,0      260,0     280,0      280,0   690,0     1      0,858    592,02     3
29 Sergio Mardones          Ludus Power           M    10-05-1989    27     Open             142,4      140+      340,0    360,0     -380,0            360,0    205,0     220,0      -      220,0   580,0   290,0      310,0       -330,0   310,0   890,0     1      0,838    745,82     2
30   Edgardo Leal           Titanes               M    19-04-1973    43     Open   M40-49    159,0      140+      250,0      -         -               250,0    190,0       -        -      190,0   440,0   240,0        -           -      240,0   680,0     2      0,824    560,32


                                                                                                                                                                                                                      NACIONAL
                                                                                                                                                                                                                    SUDAMERICANO
                                                                                                                                                                                                                      MUNDIAL




           /Users/alejandroantonioacunagonzalez/Documents/Powerlifting/ACHIPO/2017/CAMPEONATOS/Apertura/Apertura	2017	Santiago.xls         27-03-2017		17:40                                                                                                                   1/1
