All England Open
                                                WtCls   Wilks                                                                                                                        (1) PL      (2)
Name                   Team   Div    Bwt (kg)                    SQ-1    SQ-2     SQ-3     Best SQ   BP-1    BP-2    BP-3    Best BP Sub Total   DL-1    DL-2     DL-3     Best DL
                                                 (kg)   Coeff                                                                                                                         Total   Wilks Pts
Ann Robertson          SW     F-2      64.1      72     1.0601    -35       35      -40       35       35     37.5    -40     37.5      72.5      80       90      -92.5     90      162.5     172.266
Gemma Burley           EM     F-O     59.95      63     1.1156     75       80     -82.5      80       55    -57.5    57.5    57.5     137.5      90       100    102.5     102.5     240      267.744
Beverley Rodgers       SW     F-2      60.3      63     1.1106     80       85      -90       85     -62.5    62.5     65      65       150       110      115      120      120      270      299.862
Shasha Bowers          SW     F-O      71.7      72     0.9788     95    -102.5   -102.5      95      52.5     55     -60      55       150       115    -122.5   122.5     122.5    272.5     266.723
Nina Cambatta          EM     F-O      64.5      72     1.0551     85       90     -92.5      90       55     -60     -60      55       145       110      120      125      125      270      284.877
Helen Toms             SW     F-1     81.65      84     0.9049    -85       85       90       90       50     -55     -55      50       140       110      120      125      125      265      239.799
Faye Jordan            EM     F-O     60.35      63     1.1099     75      77.5      80       80       65    -67.5   -67.5     65       145       120      130      135      135      280      310.772
Fiona Christie         EM     F-O      68.8      72     1.0069    100      110     -115      110       50      55    -57.5     55       165       130      140     -145      140      305      307.104
Joanne Barnes          YNE    F-1     67.35      72     1.0223     90      105    112.5     112.5     52.5    57.5     60      60      172.5      120    132.5      145      145     317.5     324.580
Jackie Blasbery        EM     F-2      83.5      84     0.8944    120      130    137.5     137.5      75      80      85      85      222.5     152.5   162.5    172.5     172.5     395      353.288
Charlie Shotton-Gale   SW     F-O     83.75      84     0.8931    150    157.5    -162.5    157.5     -90      90     -95      90      247.5     162.5   172.5    180.5     180.5     428      382.247
Lucy Rayner            SW     F-SJ    55.45      57     1.1857     85       90      -95       90       55      60    -65.5     60       150       95     105.5    -112.5    105.5    255.5     302.946
Anita Kidgell           SE    F-1     50.95      52     1.2664     60      -65      -65       60       45     47.5    -50     47.5     107.5      95     102.5      105      105     212.5     269.110
Molly Chapman          SW     F-J      54.8      57     1.1967     65       70      72.5     72.5      35     37.5    -40     37.5      110       95       105     -110      105      215      257.290
Catherine Workman      SM     F-O      49.9      52     1.2866     70     -77.5    -82.5      70       35      40    -42.5     40       110       100    112.5     -125     112.5    222.5     286.268
Lesley Laver           SW     F-O       56       57     1.1766    62.5      65       70       70      42.5    47.5    -50     47.5     117.5      110      120     -130      120     237.5     279.442
Louise Dutton          SW     F-O      54.1      57     1.2088    87.5     92.5      95       95       55      60    -62.5     60       155      122.5   132.5    -142.5    132.5    287.5     347.530
Krishnaa Mahbubani     EM     F-O      51.6      52     1.2541    100     -105      105      105      -60      60     -65      60       165       130      140    -146.5     140      305      382.500
Jenny Hunter           EM     F-O       52       52     1.2466     70       80       85       85       60      70     72.5    72.5     157.5      130      140     -150      140     297.5     370.864
Pelin Baykal            GL    F-1     56.75      57     1.1644   -87.5     97.5   -102.5     97.5     52.5    57.5     60      60      157.5      130     -140     -140      130     287.5     334.765
Rosimery Lima          SW     F-O      56.9      57     1.162     115      120    125.5     125.5     72.5    77.5     80      80      205.5      145      155      163      163     368.5     428.197
All England Open
                                             WtCls   Wilks                                                                                                                                     (2)
Name                Team   Div    Bwt (kg)                    SQ-1    SQ-2    SQ-3     Best SQ   BP-1    BP-2     BP-3     Best BP Sub Total   DL-1    DL-2    DL-3     Best DL   400.000
                                              (kg)   Coeff                                                                                                                                  Wilks Pts
Chris Simmons        SE    M-O     65.35      66     0.7916    190     200               200     132.5    -140     -140     132.5    332.5      215     225    -230.5     225      557.5     441.317
Paul Bartlet        YNE    M-O      64.7      66     0.7983    160    167.5   172.5     172.5     100      105    -107.5     105     277.5      185    192.5    200       200      477.5     381.188
Sean Maloney        EM     M-O     65.55      66     0.7896    140     145    -147.5     145       90      95      -100       95      240      172.5                     172.5     412.5     325.710
Alexsandr Pinegin   SM     M-O      64.9      66     0.7962    115    117.5   127.5     127.5    -120     -120      120      120     247.5     -140    140     152.5     152.5      400      318.480
Steven Tyers        SW     M-O     71.85      74     0.7348   182.5   192.5   202.5     202.5    127.5   -132.5   -132.5    127.5     330       225    235      245       245       575      422.510
Scott Bradwell      YNE    M-O     73.25      74     0.7246    175     190     -200      190     137.5   -147.5   -147.5    137.5    327.5     -190    210     -230       210      537.5     389.473
Tim Baker           SW     M-O     71.95      74     0.7341    155     160      165      165     117.5    -120     -120     117.5    282.5      210    215      220       220      502.5     368.885
Chris Fudge         YNE    M-O      68.6      74     0.7612    140     150      160      160       85      90       -95       90      250       160    170      180       180       430      327.316
Ben Richens          GL    M-O      69.9      74     0.7502    150    -155               150     -92.5                         0       0                                   0         0        0.000
Sam Pile             SE    M-J       66       66     0.7852    125    132.5     140      140      77.5     85        90       90      230       160     170    182.5     182.5     412.5     323.895
Andrew Dixon         SE    M-J      68.1      74     0.7656    130    137.5   -142.5    137.5      80      85      -87.5      85     222.5      180     190     -200      190      412.5     315.810
Alisdair Cannings   SW     M-J      81.9      83     0.6729    210    222.5     230      230     137.5     145     -150      145      375       215    232.5   -237.5    232.5     607.5     408.787
Thomas Forrest       SE    M-J      81.2      83     0.6764    155     165      170      170      125      130     -135      130      300       200     210      220      220       520      351.728
Tom Rowell          EM     M-J     80.05      83     0.6824    165     175     -180      175       95    102.5     -105     102.5    277.5      215     230    -242.5     230      507.5     346.318
Dan Brunt-Murphy    SW     M-J      81.1      83     0.6769    140     150     -155      150      115    117.5      125      125      275       175    187.5   197.5     197.5     472.5     319.835
Dave Parnell         SE    M-J     78.15      83     0.693     145     155    -162.5     155       95      100    107.5     107.5    262.5      175    -190               175      437.5     303.188
Julian Fernandez    SW     M-J     89.65      93     0.6397   -220     220    -232.5     220     127.5   -132.5   -132.5    127.5    347.5     272.5   282.5   -290      282.5      630      403.011
Scott Hobbs         GU     M-J      86.5      93     0.6519    185     195      200      200     107.5     115     -120      115      315       215     225     235       235       550      358.545
Sid Atkinson         GL    M-J       92       93     0.6315   -170    -175      175      175     122.5   127.5    -132.5    127.5    302.5                                 0         0        0.000
Jordan Lam           GL    M-SJ    58.05      59     0.8794    110     120      130      130      82.5    -87.5     87.5     87.5    217.5     150      160     170       170      387.5     340.768
Jack Suljevic        SE    M-SJ    61.55      66     0.8335   117.5   122.5    -130     122.5      75      -80      -80       75     197.5     105     -120    132.5     132.5      330      275.055
Tristan Moatt       EM     M-SJ     80.9      83     0.6779    120     130      140      140      77.5     85       -90       85      225      160      170     175       175       400      271.160
Ben Jenkins         EM     M-SJ    80.25      83     0.6814   -165    -165     -165       0       -95      -95       95       95       0       200      205     210       210        0        0.000
Christian Royles    SW     M-SJ    88.55      93     0.6438   -115     115     -125      115       95    102.5    -107.5    102.5    217.5     130      150    167.5     167.5      385      247.863
All England Open
                                              WtCls   Wilks                                                                                                                                    (2)
Name                  Team   Div   Bwt (kg)                    SQ-1    SQ-2     SQ-3     Best SQ   BP-1    BP-2     BP-3     Best BP Sub Total   DL-1    DL-2    DL-3     Best DL   0.000
                                               (kg)   Coeff                                                                                                                                 Wilks Pts
Ted Brown             SM     M-5    58.35      59     0.8752     75     85      87.5       87.5      70      75       81        81     168.5      120    130     -135.5     130     298.5    261.247
Henry Clark           SM     M-4     73.5      74     0.7228    110     120      125       125       50      55      57.5      57.5    182.5      140    150      160       160     342.5    247.559
Ernie Parkes           GL    M-4    80.65      83     0.6792    145     155      165       165      87.5    92.5      95        95      260       200    210                210      470     319.224
Dave Brown            EM     M-3    57.75      59     0.8838    82.5   87.5      -90       87.5      65      70      72.5      72.5     160       115    120      125       125      285     251.883
Alan Twigg            YNE    M-3     72.9      74     0.7271     95    -105      105       105      100    107.5      113      113      218       165    185      200       200      418     303.928
Allen Ottolangui      EM     M-2    73.95      74     0.7197   -165     165     -180       165      97.5     105    -107.5     105      270       190                       190      460     331.062
John O'Riodan         SW     M-2    80.75      83     0.6787    150     160      165       165      130      140     -145      140      305       180    220      235       235      540     366.498
Mick Coopey           YNE    M-2    78.65      83     0.6902    145                        145       90      100      105      105      250       120    140      170       170      420     289.884
Roy Cole               SE    M-2      92       93     0.6315    200    -217.5   -217.5     200     142.5   -152.5             142.5    342.5      200                       200     542.5    342.589
Mark Macey             SE    M-2    91.85      93     0.632    -180      180     -190      180      115      125     -130      125      305       195     205    212.5     212.5    517.5    327.060
Gary Lovett           YNE    M-1     73.6      74     0.7221    100      120    -132.5     120      100    107.5      110      110      230       165     185     -200      185      415     299.672
Martin Smith          SW     M-1    81.95      83     0.6726    185     -195      200      200      145    152.5    157.5     157.5    357.5      230    242.5    -250     242.5     600     403.560
Simon Walden          EM     M-1     88.4      93     0.6444    160      170     -175      170      100      110      120      120      290       180     190      200      200      490     315.756
Adrian Phillips       GU     M-1     85.5      93     0.6562   -130     -130      130      130      100     -105     -105      100      230       190     205      210      210      440     288.728
Mark Hodgett          NM     M-O    80.45      83     0.6803    175      185      190      190      135      140    -142.5     140      330       240     255    267.5     267.5    597.5    406.479
Richard Bradley       YNE    M-O    82.45      83     0.6701    155      165      170      170      135      140    -142.5     140      310       180     190    202.5     202.5    512.5    343.426
Paul Everson          EM     M-O    81.55      83     0.6746    150     -160      160      160      100      110    112.5     112.5    272.5      180     190      200      200     472.5    318.749
Philip Wood           SM     M-O     77.2      83     0.6987    130    -137.5   -137.5     130     102.5   107.5    -112.5    107.5    237.5     192.5   202.5   -212.5    202.5     440     307.428
Ali Wilson            EM     M-O     80.6      83     0.6795    120     -125      125      125      100      110      115      115      240       180     190    -202.5     190      430     292.185
Matthew Fleet         EM     M-O    90.95      93     0.635     200      220      230      230      155      160    162.5     162.5    392.5      270     280    287.5     287.5     680     431.800
Tom Gee               NM     M-O     91.8      93     0.6321    215      230     -235      230      165      175      180      180      410       240     255      265      265      675     426.667
Pierre Shillingford    GL    M-O     88.3      93     0.6447   202.5   217.5    232.5     232.5     150      160     -170      160     392.5      250     265     -280      265     657.5    423.890
Sheridan Wray         YNE    M-O    92.85      93     0.6287    190      205      215      215      165    172.5    -177.5    172.5    387.5      230     250    -272.5     250     637.5    400.796
Max Lloyd             WM     M-O    90.65      93     0.6361    140      155    162.5     162.5     100    107.5    -112.5    107.5     270       210     220      225      225      495     314.869
All England Open
                                                WtCls   Wilks                                                                                                                                (2)
Name                   Team   Div    Bwt (kg)                    SQ-1    SQ-2    SQ-3     Best SQ   BP-1    BP-2    BP-3    Best BP Sub Total   DL-1   DL-2    DL-3     Best DL   0.000
                                                 (kg)   Coeff                                                                                                                             Wilks Pts
Steve Blackwell         SE    M-2     101.6     105     0.6048    195     205      215      215     147.5   152.5   155       155      370      265     285    -295       285      655     396.144
Phil Frost             YNE    M-2     111.1     120     0.5867    190     205      215      215      120     130              130      345      200     220     230       230      575     337.353
Ian Finch              EM     M-2      110      120     0.5885    170    182.5   187.5     187.5     110    112.5   -115     112.5     300      200    212.5             212.5    512.5    301.606
Toby Eves               SE    M-2     110.9     120     0.587     140     150     -160      150       95     100     105      105      255      170    182.5   -192.5    182.5    437.5    256.813
Russ Kirby              SE    M-1     103.3     105     0.6011    240    252.5    -260     252.5     165    172.5   -175     172.5     425      260     270     -275      270      695     417.765
Marc Giles             NM     M-1     104.5     105     0.5986    200     215     -225      215      155    162.5            162.5    377.5     240     260    -272.5     260     637.5    381.607
Stewart Gates          EM     M-1      101      105     0.6062    200     210     -220      210      120     130    -140      130      340      230     240     -245      240      580     351.596
Thomas Celestin         GL    M-O     101.7     105     0.6046    225    -235     -235      225      115     120     125      125      350      280     305     -315      305      655     396.013
Edgaras Kreipavicius   EM     M-O     102.9     105     0.6019   -220     220     -235      220      150    157.5    165      165      385      240     255    -272.5     255      640     385.216
Mitchell Tutt           SE    M-O     103.15    105     0.6014    180     195     -205      195      150    -160    -160      150      345      230     255    -262.5     255      600     360.840
Mark Whiteman          EM     M-O       96      105     0.6191    165     175     -180      175      110    -115     115      115      290      220    232.5     240      240      530     328.123
James Frost            EM     M-O      102      105     0.6039    160     170      175      175      110     115    -120      115      290      190     200     -210      200      490     295.911
Luke Conboy            YNE    M-O     119.4     120     0.5756    260     275    287.5     287.5     170     180              180     467.5     255    -275     -275      255     722.5    415.871
Andy Rodney            EM     M-O     118.85    120     0.5762    255     275     -290      275      165    172.5   -180     172.5    447.5     245    -260               245     692.5    399.019
Andy Hutchings         EM     M-O     114.7     120     0.5815   212.5   222.5    -230     222.5     155    162.5    170      170     392.5     255     270    -277.5     270     662.5    385.244
Ricky Nicholls         EM     M-O     156.6     120+    0.5499    220     230      240      240      155     160     165      165      405      250     260     -270      260      665     365.683
James Anderton         EM     M-O     133.15    120+    0.5632    170     180      185      185      110     115    122.5    122.5    307.5     200     215      225      225     532.5    299.904
Matthew Ward            SE    M-J      94.1     105     0.6247    150     160    -172.5     160      87.5    92.5             92.5    252.5     180     190      200      200     452.5    282.677
Calum Nicholls          SE    M-J     117.2     120     0.5782    210    -215               210      160    -170    -170      160      370      230     245      255      255      625     361.375
David Cridland          SE    M-J     114.7     120     0.5815    180    -190     -190      180      120    127.5   -130     127.5    307.5     205     215     -220      215     522.5    303.834
Cameron Keyes           SE    M-SJ     93.5     105     0.6266    155    162.5   -167.5    162.5      90      95    -100       95     257.5     190     200    -212.5     200     457.5    286.670
Daniel Fletcher         SE    M-SJ    114.95    120     0.5811    165     175      185      185      100     110    -115      110      295      200     210      215      215      510     296.361
All England Open
                                           WtCls   Wilks                                                                                                                                    (2)
Name               Team   Div   Bwt (kg)                    SQ-1   SQ-2    SQ-3     Best SQ   BP-1     BP-2    BP-3     Best BP Sub Total   DL-1    DL-2     DL-3     Best DL   0.000
                                            (kg)   Coeff                                                                                                                                 Wilks Pts
Joga Singh         WM     M-3     73.6       74    0.7221   -190    200     220       220       125     130     135       135      355       200    212.5    -217.5    212.5    567.5     409.792
Kevin Jane         EM     M-3     92.9       93    0.6285    240   262.5    270       270       155     160    162.5     162.5    432.5      260    -272.5   -272.5     260     692.5     435.236
Karnail Singh      WM     M-2     79.2       83    0.6871    200    215     225       225       90      100     105       105      330       180      200     210       210      540      371.034
Phil Guise         WM     M-2     82.7       83    0.6689    175    190     205       205     122.5    127.5    130       130      335       185     -210               185      520      347.828
Allen Ottolangui   EM     M-2    75.75       83    0.7077    190    210    -230       210       90                         90      300       165                        165      465      329.081
Chris Cooper       YNE    M-2     92.4       93    0.6301    200                      200       160               0       160      360       140    -190                140      500      315.050
Joe Bullock        NW     M-1     99.9      105    0.6088    295   310     317.5     317.5      170     180    187.5     187.5     505       250     265     -272.5     265      770      468.776
Aaron Gideon        GL    M-O      63        66    0.8166    100                      100     -167.5   167.5   -177.5    167.5    267.5      100                        100     367.5     300.101
Simon Cotter       WM     M-O     88.4       93    0.6444   -180    190     -200      190       120     125     -130      125      315       180     190     202.5     202.5    517.5     333.477
Jake O'Neill       EM     M-O    102.25     105    0.6034    290    310    -317.5     310      -190     190    197.5     197.5    507.5      260     275     282.5     282.5     790      476.686
Dean Bowring       SM     M-O    119.1      120    0.5759    360    380      390      390       265     275    282.5     282.5    672.5      315     340     -355       340     1012.5    583.099
John Hamson        NM     M-J    102.6      105    0.6026    320   -335     -335      320       215                         0       0       -290                         0        0        0.000
Marina Cornwall    SM     F-2     44.5       47    1.3974   67.5    75       80       80        45      47.5    -50       47.5    127.5     107.5   117.5    -125      117.5     245      342.363
Jenny Hunter       EM     F-O     51.9       52    1.2485    110    115    122.5     122.5      70       75     -80        75     197.5      140     150      155       155     352.5     440.096
Shasha Bowers      SW     F-O    71.85       72    0.9774    145   -155     -155      145       60      62.5    65         65      210       125    132.5    -140      132.5    342.5     334.760
Sharn Rowlands     EM     F-J    41.15       43    1.4692    115    125    132.5     132.5     47.5    -52.5   52.5       52.5     185      107.5   112.5     120       120      305      448.106
Martin Green       SM     M-O    104.2      105    0.5992                              0        230    -240    -240       230       0                                    0        0        0.000
