Tatu Avola Memorial 2019
Powerlifting
                                                WtCls                                                                      Best                                                        Best                                                                  Best                  Coeff     Age &
        Name          Age    Div     BWt (Kg)           Glossbrenner   Squat 1      Squat 2      Squat 3      Squat 4                  Bench 1     Bench 2     Bench 3      Bench 4           Sub Total Deadlift 1   Deadlift 2   Deadlift 3   Deadlift 4              PL Total                       Pl-Div-WtCl
                                                (Kg)                                                                       Squat                                                      Bench                                                                 Deadlift               Score     Coeff
Ada Ritamäki          15    F-T1-R     70.3      75      0.87385           60           65           70          75           70          40          45        -47.5                   45       115         90       102.5        107.5          110        107.5      222.5     194.43162     0      1-F-T1-R
Aino Ehrukainen       19     F-J-R     57.7      60       1.0191           80           90         -100                       90          40         47.5        -50                   47.5     137.5       110       -120          120                       120       257.5     262.41825     0       1-F-J-R
Tuulikki Kare         52     F-O-R     66.3     67.5     0.91235          145        -152.5        152.5                    152.5        87.5         95        -97.5                   95      247.5       170       185.5        -195                      185.5       433      395.04755 460.23039 1-F-O-R
Angelica Anastasiou   28     F-O-R     65.9     67.5     0.91665          125          130          135                      135         72.5       -77.5        77.5                  77.5     212.5       140        145          150                       150       362.5     332.28562     0      2-F-O-R
Mari Penttilä         31     F-O-R     74.7      75      0.83835          115         -125          130                      130          60          65        -72.5                   65       195        130        140         -145                       140        335      280.84725     0      3-F-O-R
Kirsi Hietamäki       33     F-O-R     68.6      75      0.88895          100          105          110                      110          60         -65          65                    65       175        120        125          130                       130        305      271.12975     0      4-F-O-R
Krisse Tuominen       39      F-O      99.8     SHW       0.7162          140        -157.5       -157.5                     140       -132.5      -132.5       132.5                 132.5     272.5       160        175         -196                       175       447.5     320.4995      0       1-F-O
Billy Haavisto        54    M-M3-R    105.3     110       0.5701          220         -240          240                      240         160        -170                               160       400        240       252.5        -260                      252.5      652.5     371.99025 447.87626 1-M-M3-R
Jari Pekka Suominen   48    M-M2-R    100.5     110      0.58015          220          240          255                      255         160         165          170                  170       425        230        240         -250                       240        665      385.79975 423.22232 1-M-M2-R
Eemil Nieminen        20     M-J-R    117.9     125      0.55355         -190          190          225                      225         120       -127.5         130                  130       355        210        225         232.5                     232.5      587.5     325.21062     0      1-M-J-R
Niklas Lahtinen       23     M-J-R     98.6     100       0.5848         -255          255                                   255         160        167.5        -171                 167.5     422.5      -300                                                0          0           0         0          0
Joonas Vepsäläinen    27    M-O-R      81.4     82.5     0.65025          270         -285          285         -300         285         180         185          190                  190       475        250         280         -300                      280        755      490.93875     0      1-M-O-R
Joni Orpana           31    M-O-R      74.9      75      0.69275         -240          255          270         -285         270         130         140         -145                  140       410        260         275        -292.5                     275        685      474.53375     0      2-M-O-R
Robert Pirkkiö        26    M-O-R     104.3     110       0.572           250         267.5        -275                     267.5       137.5       142.5       -147.5                142.5      410       272.5        300         -305                      300        710       406.12       0      3-M-O-R
Daniel Szaszko        36    M-O-R      81.3     82.5      0.6508          190          205          215                      215         115         125          135                  135       350       232.5      -242.5       -242.5                    232.5      582.5      379.091      0      4-M-O-R
Sami Niittymaa        31    M-O-R     108.9     110      0.56475          215          230          240                      240         145        152.5        -160                 152.5     392.5       245         260          275                      275       667.5     376.97062     0      5-M-O-R
Jouni Hänninen        38    M-O-R      99.4     100       0.5828          220         237.5       -242.5                    237.5        135        142.5        147.5                147.5      385        225         240          245                      245        630       367.164      0      6-M-O-R
Taavi Lankinen        24    M-O-R      99.5     100      0.58255          180          200          210                      210         150         160          165                  165       375        230         255         -265                      255        630      367.0065      0      7-M-O-R
Tero Laine            35    M-O-R      96.4     100       0.5908          190          210         -220                      210         145         155          160                  160       370        210         240         -245                      240        610       360.388      0      8-M-O-R
Antti Penttilä        31    M-O-R     106.7     110      0.56765          210          220         -235                      220         145        152.5       -157.5                152.5     372.5       210        -220                                   210       582.5     330.65612     0      9-M-O-R
Jussi Jantunen        32    M-O-R     111.5     125      0.56045          200          220         -225                      220        142.5      -147.5       -147.5                142.5     362.5       210        -230         -230                      210       572.5     320.85762     0     10-M-O-R
Jan-Erik Maantila     34    M-O-R     116.6     125       0.5545         -275         -275                                    0          195                                            0         0         260                                                0          0           0         0          0
Vellu Karhu           48    M-M2      106.4     110       0.5681         -280         -280         -305                       0         -170         185         -200                  185        0        -220                                                0          0           0         0          0
Dennis Riihimäki      36      M-O     108.6     110      0.56455          310                                                310        -220         220                               220       530        300                                               300        830      468.5765      0       1-M-O
Nicky Norris          30      M-O      84.6      90      0.63445         -240          240         -250                      240        -225        -225         -225                   0         0        -240                                                0          0           0         0          0
Robin Westman         33      M-O      100      100       0.5813          310         -330         -330                      310         170        -180         -200                  170       480       -280        -280         -280                       0          0           0         0          0


Bench Press
                                                WtCls                                                                       Best       Coeff       Age &
        Name          Age    Div     BWt (Kg)           Glossbrenner   Bench 1      Bench 2      Bench 3      Bench 4                                         Pl-Div-WtCl
                                                (Kg)                                                                       Bench       Score       Coeff
Virpi Knuutila        52    F-M3-R     87.6      90      0.75895        127.5          140        -147.5                     140       106.253    123.78474   1-F-M3-R
Virpi Pukkila M3      52    F-M3-R     70.8      75      0.86955         105         -112.5       -112.5                     105      91.30275    106.36770   2-F-M3-R
Mia Vepsäläinen       46    F-M2-R     88.3      90      0.75545         105           115        -117.5                     115      86.87675    92.784369   1-F-M2-R
Jenna Peltola         23     F-J-R     66.2     67.5     0.91345          55          -62.5        -62.5                     55       50.23975        0         1-F-J-R
Virpi Pukkila         52     F-O-R     70.8      75      0.86955         105         -112.5       -112.5                     105      91.30275    106.36770    1-F-O-R
Amanda Wentjärvi      20      F-J      72.8      75      0.85305          90            95          97.5                    97.5      83.172375       0          1-F-J
Juha Pukkila          56    M-M4-R     103      110       0.5746         120           140          150                      150        86.19     107.39274   1-M-M4-R
Marko Kokkinen        50    M-M3-R    107.4     110      0.56645        192.5          200         -205                      200       113.29     128.0177    1-M-M3-R
Jani Vepsäläinen      44    M-M1-R     96.5     100       0.5905         155           170          175                      175      103.3375    107.78101   1-M-M1-R
Jesse Ilvonen         12    M-T1-R     83.5      90      0.63965          50            55          57.5                    57.5      36.779875       0       1-M-T1-R
Emil Karjalainen      20     M-J-R      87       90      0.62385         125           140         -145                      140       87.339         0        1-M-J-R
Petteri Tuomisto            M-O-R      125      125       0.5454         215           230         -240                      230       125.442        0        1-M-O-R
Juha Tikka            28    M-O-R      99.9     100       0.5828         195           205         207.5                    207.5      120.931        0        2-M-O-R
Ville Karppanen       32    M-O-R      133      140       0.5374        -180           180         -195                      180       96.732         0        3-M-O-R
Robert Rindell        25    M-O-R      94.6     100      0.59615         150           160         -170                      160       95.384         0        4-M-O-R
Aki Alatapio          25    M-O-R     137.4     140       0.5333         160           175                                   175       93.3275        0        5-M-O-R
Saku Lohela           24    M-O-R     109.7     110       0.5629         145           155          165                      165       92.8785        0        6-M-O-R
Tero Manner           39    M-O-R     121.9     125       0.5495        -135          -145         -145                       0           0           0            0
Jesse Pentti          36    M-O-R     102.9     110       0.5758        -150          -150         -150                       0           0           0            0
Simon Kankkonen               M-O      89.8      90       0.6126         330          -350         -350                      330       202.158        0         1-M-O
Antti Peltoniemi      28      M-O     127.1     140      0.54325        -160           170         -190                      170       92.3525        0         2-M-O


Deadlift
                                                WtCls                                                                       Best       Coeff       Age &
        Name          Age    Div     BWt (Kg)           Glossbrenner   Deadlift 1   Deadlift 2   Deadlift 3   Deadlift 4                                      Pl-Div-WtCl
                                                (Kg)                                                                       Deadlift    Score       Coeff
Virpi Knuutila        52    F-M3-R     87.6      90      0.75895          205         220          230                       230      174.5585 203.36065 1-F-M3-R
Jenna Peltola         23     F-J-R     66.2     67.5     0.91345          130         135          140                       140       127.883     0       1-F-J-R
Jerna Rytkönen        35     F-O-R     70.5      75      0.87215          160         170          180                       180       156.987     0      1-F-O-R
Natalia Gadolin       25     F-O-R     98.6     SHW      0.71955          175        -190         -190                       175      125.92125    0      2-F-O-R
Amanda Wentjärvi      20      F-J      72.8      75      0.85305          135        -145         -145                       135      115.16175    0        1-F-J
Marko Kokkinen        50    M-M3-R    107.4     110      0.56645          271         280          290                       290      164.2705 185.62566 1-M-M3-R
Jesse Ahvenkoski      23     M-J-R     74.9      75      0.69275          215        230.5         240                       240       166.26      0      1-M-J-R
Vilho Laaksonen       20     M-J-R     69.2      75       0.7331          195         205         -220                       205      150.2855     0      2-M-J-R
Asko Karu             27    M-O-R     147.1     SHW       0.5253          370         390         402.5                     402.5     211.43325    0      1-M-O-R
Tero Manner           39    M-O-R     121.9     125       0.5495          225         240          245                       245      134.6275     0      2-M-O-R
Petri Hietamäki       42    M-M1       98.6     100       0.5848          290         310         -315                       310       181.288 184.91376 1-M-M1
Emil Karjalainen      20      M-J       87       90      0.62385          225         245          260                       260       162.201     0       1-M-J
