                                                                    2018 WPC-SA INAUGURAL RESULTS
03/03/2018              WPC-SA 1st-Kg Results
                                     BWt     WtCls   Glossbrenn                             Best                               Best   Sub     Deadlift Deadlift Deadlift  Best                   Coeff      Age &
         Name           Age   Div                                 Squat 1 Squat 2 Squat 3           Bench 1 Bench 2 Bench 3                                                         PL Total                             Pl code   Pl-Div-WtCl   Raw/Equipped   Team
                                     (Kg)    (Kg)        er                                 Squat                             Bench   Total      1        2        3     Deadlift                Score      Coeff

Shannon van Rij         25    FO     64.4    67.5    0.93345       100    -110     -110     100        40     -55       55      55     155     130       140      150      150        305      284.70225 284.70225         1        1-FO-67.5        Raw
Jeanne du Plessis       29    FO     67.5    67.5    0.89995         90    100      110     110        50    57.5       60      60     170     100       110      120      120        290       260.9855 260.9855          2        2-FO-67.5        Raw
Somare Herbst           18    FT3     65     67.5    0.92665        70      80      -95      80        35      40      42.5    42.5   122.5     85       -95       95       95       217.5     201.546375 213.6391575      3       1-FT3-67.5        Raw
Charlene Skinner        27    FO     71.5      75     0.8637       120     130      135     135       -65     -65      -65       0      0      130       140     -150      140         0            0           0          1            0            Raw
Trevor Smit             24    MO     74.8      75     0.6899       -130    130      140     140       115     120     -125     120     260     190       200      205      205        465       320.8035 320.8035          1         1-MO-75         Raw
Reuben Coetzee          16    MT2    68.2      75    0.74195       120     130      140     140        75      85     -87.5     85     225     125       145     157.5    157.5      382.5     283.795875 320.68933875     2        1-MT2-75         Raw
Ronwyn Jacob            18    MT3   82.14    82.5    0.64665       -165    165    -177.5    165        70     77.5     82.5    82.5   247.5    165      177.5     180      180       427.5     276.442875 293.0294475      1       1-MT3-82.5        Raw
Francois Kruger         21    MJ     77.2    82.5    0.67425        125    135      145     145       100     105     -110     105     250     140       160      175      175        425      286.55625 292.287375        2        1-MJ-82.5        Raw
Chandre' Swanepoel      17    MT2    82.8      90     0.6431        165    175     -190     175       110     115    -122.5    115     290     220       225     -230      225        515       331.1965 357.69222         1        1-MT2-90         Raw
Tristen Carter          23    MJ    89.06      90     0.6153       150     160      170     170       120     125     132.5   132.5   302.5    160       175      190      190       492.5     303.03525 303.03525         2         1-MJ-90         Raw
Hanrè Leibbrandt        13    MT1    89.1      90     0.6153        90     105     -115     105        55      65      -70      65     170     120       130      140      140        310       190.743 244.15104          3        1-MT1-90         Raw
Dawid Diakowski         27    MO     97.7    100     0.58715       180     200     220      220      170      185    -192.5    185     405     250       275      285      285        690       405.1335 405.1335          1        1-MO-100       Equipped
Gary Lewis              46    M2      99      100     0.5838       -220   -220      220     220      -170     170     -200     170     390     240       270     -300      270        660        385.308 411.508944        2        1-M2-100       Equipped
Shandon Carter          26    MO    97.28     100    0.58825       -230    235      245     245       145    152.5     160     160     405     245       255      270      270        675      397.06875 397.06875         1        2-MO-100         Raw
FJ (Frikkie) Veldman    30    MO     96.6     100     0.5902       200     215      225     225       140     155      165     165     390     210      -215     -215      210        600        354.12     354.12         2        3-MO-100         Raw
Manie Clegg             48    M2      97      100     0.5891       160     170     180      180      125      135      140     140     320     195       205      210      210        530       312.223 342.508631         3        2-M2-100         Raw
Johan Steenkamp         47    M2    101.5     110     0.5778        250    270     -285     270       145     155     -160     155     425     250       265     -270      265        690        398.682 431.373924        1        1-M2-110         Raw
Duane Hall              31    MO    103.6     110    0.57335        200    220      235     235       165     170     -175     170     405     260       270     -280      270        675      387.01125 387.01125         2        1-MO-110         Raw
Dylan Jones             30    MO    109.8     110    0.56275       210     220      240     240       120     130      135     135     375     220      242.5     260      260        635      357.34625 357.34625         3        2-MO-110         Raw
Richard Gerntholtz      24    MO     105      110    0.57065       220     230     -235     230       130    -140     -140     130     360     220       240     -250      240        600         342.39    342.39         4        3-MO-110         Raw
Vaughn Viljoen          27    MO    122.7     125     0.5481       310     325      345     345      170      185      195     195     540     320       340     -350      340        880        482.328    482.328        1        1-MO-125         Raw
Nicolaas du Preez       23    MJ    114.5     125    0.55675       300     320     340      340      190     -200     -200     190     530     320       340    -342.5     340        870       484.3725 484.3725          2        1-MJ-125         Raw
Luan Kruger             28    MO    116.6    125      0.5545       230     250     275      275      160      175    182.5    182.5   457.5    270       290     -310      290       747.5     414.48875 414.48875         3        2-MO-125         Raw
Cory van Rooyen         21    MJ    114.7    125     0.55655       230     250     260      260      150      165     -175     165     425     270       285      290      290        715      397.93325 405.891915        4        2-MJ-125         Raw
Cornel Welgemoed        47    M2    118.8     125     0.5522        215    235     -245     235       155    -180     -180     155     390     235       265      275      275        665        367.213 397.324466        5        1-M2-125         Raw
Shaun Roos              40    M1    115.8     125    0.55535       240     250      255     255       140     150     152.5   152.5   407.5    240       250      255      255       662.5     367.919375 367.919375       6        1-M1-125         Raw
Nick Storm              28    MO    121.4     125     0.5495       210     220      230     230       130     140      150     150     380     250       260      270      270        650        357.175    357.175        7        3-MO-125         Raw
Donovan Carter          49    M2    122.3     125    0.54855       240     255      265     265      115      125    -132.5    125     390     210       225      240      240        630       345.5865 384.6377745       8        2-M2-125         Raw
Alexei Spangenberg      22    MJ    123.34    125    0.54745         80    110     -130     110        80      95     -110      95     205     160       185     -210      185        390       213.5055 215.640555        9        3-MJ-125         Raw
Bain Viljoen            26    MO    131.7     140    0.53865        310    330     -350     330       180    -195     -195     180     510     330      -350     -350      330        840        452.466    452.466        1        1-MO-140         Raw
Amiel Morton            42    M1    130.8     140     0.5395       245    -255     -260     245      -145     145      150     150     395     255       270    -282.5     270        665       358.7675 365.94285         2        1-M1-140         Raw
Bronwin Grib            24    MO    138.3     140    0.53255        180    195      210     210       150     160      170     170     380     200       210     -215      210        590       314.2045 314.2045          3        3-MO-140         Raw
FJ Janse van Rensburg   37    MO    132.5     140    0.53785       220     260      280     280      -225     225      265     265     545     225       250     -255      250        795      427.59075 427.59075         1        2-MO-140       Equipped
Michael Snooke          20    MJ    167.6    SHW     0.51069       290    307.5     325     325      190     202.5    -210    202.5   527.5    290      307.5    322.5    322.5       850      434.08225 447.1047175       1       1-MJ-SHW          Raw
Jared Leask             26    MO    193.3    SHW     0.49388                                          220     235     -250             235                                            235      116.060625 116.060625       1       1-MO-SHW          Raw
