                             Bembel Man VIII
                             Groß Zimmern, 15. Dezember 2012

                                                                           Kniebeugen                    Bankdrücken                              Kreuzheben

Pl. Name, Vorname            Verein                    Geb       KG      V1      V2     V3      KB      V1      V2      V3      BD      Sub     V1      V2      V3      KH      Total    Wilks      Pkt
Frauen
 1   Meyer Tamara            FSV Sarstedt             24.09.82    66,5   130,0   140,0 145,0    145,0    67,5    70,0   -75,0    70,0   215,0   140,0   150,0   155,0   155,0    370,0   381,7213   12
 2   Golombek Irina          ---                      23.07.79    70,0   100,0   105,0 110,0    110,0    75,0   -80,0   -80,0    75,0   185,0   135,0   142,5   147,5   147,5    332,5   330,7854    9
 3   Depp Constanze          ---                      27.01.92    66,4    87,5    92,5 -95,0     92,5    55,0    55,0    60,0    60,0   152,5   140,0   150,0   155,0   155,0    307,5   317,5888    8
 4   Kroth Stephanie         ---                      02.08.73    79,6   100,0   105,0 -115,0   105,0    50,0    55,0   -62,5    55,0   160,0   100,0   110,0   120,0   120,0    280,0   256,9217    7
Junioren bis 90 kg
 1   Stendebach Sascha       KSV Mainz 08             11.06.91    85,5   200,0 -210,0 -210,0    200,0   150,0 157,5 162,5       162,5   362,5   150,0 260,0 270,0       270,0    632,5   415,0225   12
 2   Silvano Pepe            AV Groß Zimmern          09.09.89    83,4   170,0 175,0 180,0      180,0   145,0 150,0 -155,0      150,0   330,0   215,0 235,0 250,0       250,0    580,0   386,0480    9
 3   Kröner Moritz           AC Siegfried Darmstadt   30.01.90    89,9   190,0 200,0 207,5      207,5   152,5 157,5 -160,0      157,5   365,0   215,0 -230,0 -230,0     215,0    580,0   370,5040    8
 4   Leitow Tim              FSV Sarstedt             26.01.94    82,3   180,0 -190,0 -190,0    180,0   130,0 140,0 -147,5      140,0   320,0   200,0 225,0 -240,0      225,0    545,0   365,6405    7



                                       www.kondraschow.de
 5   Skuballa Matthias       SV Fellbach                          87,4   195,0 205,0 -215,0     205,0   127,5 -135,0 -135,0     127,5   332,5   230,0 -230,0 230,0      230,0    562,5   364,6688    6
 6   Kayadan Eren            AV Groß-Zimmern          03.05.96    68,5   130,0 140,0 145,0      145,0   107,5 112,5 117,5       117,5   262,5   190,0 185,0 190,0       190,0    452,5   344,8503    5
 7   Lautenschläger Thomas   ---                                  80,3   145,0 155,0 -165,0     155,0   115,0 -120,0 120,0      120,0   275,0   210,0 220,0 -230,0      220,0    495,0   337,1417    4
 8   Schneider Marius        Aktiv Sport Trier        24.01.96    74,2   140,0 150,0 160,0      160,0    90,0 100,0 -110,0      100,0   260,0   180,0 190,0 -200,0      190,0    450,0   323,0731    3
 9   Forst Benjamin          AV Groß-Zimmern          18.08.90    85,0   145,0 155,0 160,0      160,0   112,5 117,5 122,5       122,5   282,5   180,0 192,5 200,0       200,0    482,5   317,6489    2
10   Kayadan Deniz           AV Groß-Zimmern          04.03.89    75,4   125,0 140,0 -150,0     140,0   100,0 110,0 -112,5      110,0   250,0   170,0 185,0 192,5       192,5    442,5   314,1473    1
11   Wolf David              ---                      12.04.92    83,5   140,0 150,0 160,0      160,0   100,0 105,0 110,0       110,0   270,0   160,0 170,0 180,0       180,0    450,0   299,3131    1
12   Dietrich Robin          AV Groß-Zimmern          22.02.95    88,4   155,0 165,0 170,0      170,0    87,5   92,5 -100,0      92,5   262,5   175,0 187,5 192,5       192,5    455,0   293,1799    1
13   Wetzel Simon            ---                                  86,9   125,0 135,0 145,0      145,0    92,5 -100,0 102,5      102,5   247,5   170,0 180,0 190,0       190,0    437,5    284,502    1
14   Di Girolano Michele     AV Groß-Zimmern          30.10.90    79,8   100,0 110,0 -130,0     110,0    90,0   97,5 -102,5      97,5   207,5   165,0 175,0 185,0       185,0    392,5   268,3833    1
15   Schneider Lukas         Aktiv Sport Trier        16.07.97    58,0    65,0   72,5   80,0     80,0    50,0   55,0 -57,5       55,0   135,0    90,0 100,0 -105,0      100,0    235,0   206,8364    1
Junioren plus 90 kg
 1   Rippe Marvin            AC Siegfried Darmstadt   05.10.90   103,6   200,0   212,5 -220,0   212,5   140,0 147,5 -152,5      147,5   360,0 265,0     275,0 -300,0    275,0    635,0   381,2714   12
 2   Pusikow Dennis          Fit + Fun Gotha          14.07.92   101,0   190,0   200,0 210,0    210,0   140,0 150,0 152,5       152,5   362,5 -220,0    220,0 230,0     230,0    592,5   359,1762    9
 3   Stolorz Markus          ASC Zeilsheim            02.05.92    92,4   157,5   165,0 -170,0   165,0   117,5 -122,5 -122,5     117,5   282,5 187,5     202,5 -207,5    202,5    485,0   305,6157    8
 4   Jones Nico              KSV Mainz 08             29.03.94   103,0   120,0   135,0 150,0    150,0   110,0 117,5 120,0       120,0   270,0 140,0     170,0 200,0     200,0    470,0    282,803    7
 5   Koch Sebastian          AC Siegfried Darmstadt   14.04.89   106,5   130,0   140,0 150,0    150,0   100,0 110,0             110,0   260,0 130,0     140,0 155,0     155,0    415,0   246,7779    6
Männer - bis 100 kg
 1   Burghardt Konrad            AC Marburg               19.04.74   89,6 235,0 245,0 255,0     255,0   175,0 190,0 200,0     200,0   455,0 240,0     260,0   -280,0   260,0   715,0   457,4915   12
 2   Virzi Cesco                 Club der Bembel-Men      25.07.83   86,7 210,0 230,0 240,0     240,0   150,0 165,0 172,5     172,5   412,5 220,0     250,0    270,0   270,0   682,5   444,3821    9
 3   Podszuweit Jeffrey          Leipzig                  12.07.77   83,4 180,0 200,0 220,0     220,0   180,0 -190,0 -190,0   180,0   400,0 180,0     220,0    240,0   240,0   640,0   425,9893    8
 4   Schorr Peter                 ---                     13.04.78   75,5 190,0 200,0 205,0     205,0   117,5 122,5 -125,0    122,5   327,5 230,0     242,5   -252,5   242,5   570,0   404,2945    7
 5   Gerritzen Fabian            Elmshorn                 18.08.87   87,9 180,0 190,0 -200,0    190,0   110,0 115,0 125,0     125,0   315,0 240,0     260,0    285,0   285,0   600,0   387,7752    6
 6   Knuth Peter                 KSV Mannheim             13.06.84   88,6 180,0 190,0 195,0     195,0   155,0 160,0           160,0   355,0 230,0    -240,0    240,0   240,0   595,0   382,9337    5
 7   Hüter Axel                  AC Siegfried Darmstadt   20.05.71   96,2 190,0 210,0 215,0     215,0   150,0 160,0 162,5     162,5   377,5 195,0     222,5    232,5   232,5   610,0    377,320    4
 8   Siegle Matthias             SV Fellbach              11.07.63   82,9 182,5 195,0 -200,0    195,0   127,5 -132,5 -135,0   127,5   322,5 210,0     227,5   -235,0   227,5   550,0   367,3873    3
 9   Griesch Myrco               Cross Power Rodgau       14.08.80   68,6 140,0 150,0 160,0     160,0   115,0 120,0 -125,0    120,0   280,0 175,0     185,0    200,0   200,0   480,0   365,3784    2
10   Baier Sebastian             KSV Mannheim             09.04.87   84,2 165,0 172,5 177,5     177,5   145,0 150,0           150,0   327,5 205,0     215,0    220,0   220,0   547,5   362,3989    1
11   Denhard Johannes             ---                     22.12.84   91,6 177,5 185,0 190,0     190,0   125,0 132,5 -137,5    132,5   322,5 215,0     232,5   -235,0   232,5   555,0    351,205    1
12   Burth Christian              ---                     30.09.88   74,3 150,0 157,5 165,0     165,0    95,0 102,5 107,5     107,5   272,5 195,0     205,0    215,0   215,0   487,5   349,6632    1
13   Tropea Christopher          AV Groß-Zimmern                     85,7 145,0 155,0 165,0     165,0   130,0 135,0 -140,0    135,0   300,0 180,0     200,0    215,0   215,0   515,0   337,4811    1
14   Ott Jaari                    ---                     23.05.93   91,0 150,0 165,0 175,0     175,0   125,0 135,0 -150,0    135,0   310,0 200,0     210,0    220,0   220,0   530,0   336,4745    1
15   Einheuser Niklas             ---                     26.05.92   95,2 175,0 185,0 195,0     195,0   140,0 145,0 -147,5    145,0   340,0 195,0    -210,0            195,0   535,0   332,4695    1
16   Damien Zaid                  ---                     20.05.88   91,3 170,0 180,0           180,0    95,0 105,0 -110,0    105,0   285,0 220,0    -230,0    230,0   230,0   515,0   326,4192    1
17   Spahn Benjamin              Cross Power Rodgau       29.07.84   94,8 160,0 170,0 180,0     180,0   120,0 130,0 -137,5    130,0   310,0 175,0     185,0    200,0   200,0   510,0   317,5376    1
18   Schneider Alwin             Aktiv Sport Trier        23.07.60   91,1 145,0 160,0 170,0     170,0   120,0 130,0 140,0     140,0   310,0 165,0     180,0    185,0   185,0   495,0   314,0832    1
19   Läßle Leo                   Aktiv Sport Trier        26.01.88   97,3 160,0 170,0 180,0     180,0   100,0 105,0 -110,0    105,0   285,0 200,0     210,0    220,0   220,0   505,0    310,836    1
20   Müller Peter                Gallier                  26.06.75   97,9 170,0 180,0 190,0     190,0    95,0 100,0 -105,0    100,0   290,0 180,0     195,0   -205,0   195,0   485,0   297,7478    1
21   Abel Peter                  Gallier                  13.01.85   77,5 -130,0 130,0 -145,0   130,0    90,0 100,0 -110,0    100,0   230,0 190,0    -210,0   -210,0   190,0   420,0   292,6815    1
22
23
24
25
     Dedry Konrad
     Sowa Oliver
     Hakki Bozat
     Wegner David
                                 Leverkusen

                                           www.kondraschow.de
                                 AC 82 Schweinfurt
                                 Powerlifting Esslingen
                                 Koethener SV 09
                                                          10.06.93
                                                          10.02.84
                                                          20.10.60
                                                          27.06.78
                                                                     96,1 170,0 -180,0 -180,0
                                                                     89,2 140,0 150,0 -160,0
                                                                     70,3 100,0 -115,0 115,0
                                                                     99,4 130,0 140,0 145,0
                                                                                                170,0
                                                                                                150,0
                                                                                                115,0
                                                                                                145,0
                                                                                                        100,0 107,5 110,0
                                                                                                        110,0 115,0 120,0
                                                                                                         80,0   90,0 -100,0
                                                                                                        105,0 110,0 115,0
                                                                                                                              110,0
                                                                                                                              120,0
                                                                                                                               90,0
                                                                                                                              115,0
                                                                                                                                      280,0 160,0
                                                                                                                                      270,0 160,0
                                                                                                                                      205,0 135,0
                                                                                                                                      260,0 160,0
                                                                                                                                                      175,0
                                                                                                                                                      170,0
                                                                                                                                                      145,0
                                                                                                                                                      170,0
                                                                                                                                                               185,0
                                                                                                                                                               175,0
                                                                                                                                                               160,0
                                                                                                                                                               185,0
                                                                                                                                                                       185,0
                                                                                                                                                                       175,0
                                                                                                                                                                       160,0
                                                                                                                                                                       185,0
                                                                                                                                                                               465,0
                                                                                                                                                                               445,0
                                                                                                                                                                               365,0
                                                                                                                                                                               445,0
                                                                                                                                                                                       287,7608
                                                                                                                                                                                       285,3899
                                                                                                                                                                                       272,6362
                                                                                                                                                                                       271,4792
                                                                                                                                                                                                   1
                                                                                                                                                                                                   1
                                                                                                                                                                                                   1
                                                                                                                                                                                                   1
26   Eisenbarth Oliver            ---                     22.01.80   89,3 125,0 135,0 150,0     150,0    85,0 100,0 110,0     110,0   260,0 145,0     160,0   -180,0   160,0   420,0   269,2007    1
27   Mazlum Ökcu                 AC 82 Schweinfurt        17.08.90   85,7 -120,0 120,0 -130,0   120,0    90,0   95,0 -100,0    95,0   215,0 160,0     170,0    185,0   185,0   400,0   262,1212    1
28   Dwight Foyil                 ---                     31.01.71   95,2 120,0 130,0 140,0     140,0    90,0 100,0 105,0     105,0   245,0 150,0     160,0    170,0   170,0   415,0   257,8969    1
29   Roth Leonard                 ---                     26.08.94   75,0 105,0 110,0 115,0     115,0    80,0 -85,0 -85,0      80,0   195,0 125,0     135,0    150,0   150,0   345,0   245,8334    1
30   Werra Manfred               AV Groß-Zimmern          22.04.40   95,8 130,0 140,0 -150,0    140,0    75,0   77,5 -80,0     77,5   217,5 160,0     165,0   -170,0   165,0   382,5   237,0338    1
31   Schulz-Herberg Maximilian    ---                     25.02.93   94,1 110,0 120,0 130,0     130,0    85,0   95,0 100,0    100,0   230,0 120,0     130,0    145,0   145,0   375,0   234,2779    1
32   Schwarz Yannick             Gallier                  10.05.98   64,5   75,0  85,0   95,0    95,0    55,0 -60,0 -60,0      55,0   150,0 110,0     125,0    135,0   135,0   285,0   228,1072    1
     Landua Sven                 Outback Gym Mainz                   64,9 100,0 135,0 -142,5    135,0   -70,0   75,0   85,0    85,0   220,0 -110,0   -110,0   -110,0   Disq.    Out
Männer - plus 100 kg
 1   Graser Marc           Powerlifting Esslingen         13.08.74    104,4 230,0 250,0 260,0     260,0   160,0 170,0 180,0          180,0   440,0   270,0 300,0 -310,0   300,0   740,0   443,0867   12
 2   Frey Uwe              Maxx Stuttgart                 14.03.69    149,1 -290,0 290,0 300,0    300,0   200,0 207,5 212,5          212,5   512,5   240,0 260,0 270,0    270,0   782,5   433,3206    9
 3   Loosen Gregor         KSV Mannheim                   06.06.86    110,1 235,0 245,0 250,0     250,0   155,0 165,0                165,0   415,0   270,0 295,0 302,5    302,5   717,5   422,1265    8
 4   Gramlich Philipp      AV Groß-Zimmern                06.10.87    125,3 270,0 -282,5 -282,5   270,0   160,0 165,0 167,5          167,5   437,5   272,5 285,0 302,5    302,5   740,0   421,4808    7
 5   Koch Andreas          KSV Mainz08                    22.08.64    141,0 210,0 250,0 275,0     275,0   175,0 190,0 -200,0         190,0   465,0   220,0 260,0 275,0    275,0   740,0   413,0794    6
 6   Müller Hans           AC Siegfried Darmstadt         22.06.79    111,0 240,0 260,0 -270,0    260,0   150,0 -160,0               150,0   410,0   270,0 -290,0         270,0   680,0   399,0822    5
 7   Dell Volker           KSV Mainz08                    07.03.57    101,0 200,0 230,0 245,0     245,0   120,0 130,0 140,0          140,0   385,0   200,0 230,0 250,0    250,0   635,0   384,9399    4
 8   Wennmacher Benjamin    ---                           19.04.88    110,9 205,0 215,0           215,0   170,0 175,0 -185,0         175,0   390,0   260,0                260,0   650,0   381,5783    3
 9   Czeranowski Tino      Powerlifting Esslingen         29.01.71    130,6 270,0 300,0           300,0    25,0                       25,0   325,0   270,0 290,0 300,0    300,0   625,0   353,2061    2
10   Hegen Max             ---                            04.02.78    111,9 190,0 200,0 205,0     205,0   130,0 140,0 -145,0         140,0   345,0   200,0 210,0 220,0    220,0   565,0   330,8029    1
11   Kurtz Roland          Leverkusen                     20.03.68    131,1 175,0 185,0 190,0     190,0   150,0 -160,0 160,0         160,0   350,0   215,0 225,0 232,5    232,5   582,5   328,9666    1
12   Hofmann Benjamin      AC Marburg                     02.06.85    118,1 -180,0 180,0 195,0    195,0   120,0 127,5 135,0          135,0   330,0   200,0 220,0 230,0    230,0   560,0   323,1833    1
13   Weinhold Jacob        Hamburg                        08.03.94    125,4 -197,5 197,5 210,0    210,0   105,0 112,5 -120,0         112,5   322,5   200,0 215,0 230,0    230,0   552,5   314,6361    1
14   Baumann Markus         ---                                       122,4   90,0 100,0 115,0    115,0    65,0 -75,0   75,0          75,0   190,0   110,0 130,0 150,0    150,0   340,0   194,6051    1
Bankdrücken
 1   Hinz Thorsten         Outback Gym Mainz                          122,2                                210,0    220,0    232,5   232,5   232,5                                232,5 133,123      12
 2   Raidel Christian      Salzburg                        21.03.82   119,6                                230,0   -242,5   -242,5   230,0   230,0                                230,0 132,335      9
 3   Schwarz Marco         AV Groß Zimmern                 13.12.71    78,4                                160,0    167,5   -182,5   167,5   167,5                                167,5 115,8421      8
 4    Zeybek Fatih         FCL Rhein-Main Rüsselsheim e.V.24.08.71    107,4                                165,0    175,0    180,0   180,0   180,0                                180,0 106,7367      7
 5    Maurer Lolita         ---                            26.05.59    64,5                                 95,0     97,5    100,0   100,0   100,0                                100,0 105,510      6



                                     www.kondraschow.de
 6    Nichtern Michael     KSV Mainz08                     08.10.83   109,0                                170,0   -180,0   -180,0   170,0   170,0                                170,0 100,3281      5
 7   Elfner Thomas         Tempelgym                       05.09.70    98,6                                160,0   -167,5   -167,5   160,0   160,0                                160,0 97,9343      4
 8    Bauroth Ricky        Leipzig                         11.09.77    83,6                                130,0    140,0   -145,0   140,0   140,0                                140,0 93,0544      3
 9   Michel Alex           Tempelgym                       31.07.84    83,3                                125,0    130,0   -137,5   130,0   130,0                                130,0 86,5902      2
10   Schreiber Dominic     AV Groß Zimmern                             82,4                                120,0   -130,0   -130,0   120,0   120,0                                120,0 80,4473      1
11   Fehrer Stefan         Tempelgym                       01.10.78    91,5                                120,0    125,0   -132,5   125,0   125,0                                125,0 79,1426      1
12   Förster Florian       Tempelgym                       14.05.88   102,1                                115,0   -120,0    120,0   120,0   120,0                                120,0 72,4426       1
13   Salzmann Andrej       Tempelgym                       01.04.89    76,8                                 90,0     95,0    100,0   100,0   100,0                                100,0 70,1094      1
14    Ress Jonas           FCL Rhein-Main Rüsselsheim e.V.             79,4                               -100,0   -100,0    100,0   100,0   100,0                                100,0 68,5967       1
15    Bergmaier, Gabriel   Göttingen                       23.06.85    98,1                                 95,0    105,0    107,5   107,5   107,5                                107,5 65,9391      1
16   Theumer Andreas       KSV Mainz 08                    05.03.58    82,0                                 77,5     80,0     87,5    87,5    87,5                                 87,5 58,8317      1
17   Krämer Leon                                           10.08.00    37,8                                 30,0     35,0     37,5    37,5    37,5                                 37,5 54,0194      1
18   Procopec, Norbert     FCL Rhein-Main Rüsselsheim e.V.             82,8                                 35,0     40,0     45,0    45,0    45,0                                 45,0 30,0805      1
     Ludin Nasir           AV Groß Zimmern                 04.08.89    71,0                               -120,0
