                                      Campbelltown Open 2 ­ 05/08/2018
                       Bwt                                                                                               (1) PL                    Pl
         Name                  lot#   Age    SQ­1    SQ­2    SQ­3     BP­1    BP­2     BP­3     DL­1    DL­2    DL­3              (2) Wilks Pts
                       (kg)                                                                                               Total                   Code
Womens 3­Lift
U52kg
Jenny Tran             50.15    1     1993   110     120      125      60      65       ­70     112.5   122.5   ­130     312.5      400.531        1
U57kg
Therese Duong          55.5     3     1999    95     100     ­102.5    60      65       ­70     112.5   122.5   ­127.5   287.5      340.659        1
U63kg
Alison Sotelo          62.95    4     1997   100     110      115     42.5     45      47.5     100     112.5   117.5     280       300.888        1
U72kg
Elizabeth Napoli        70      5     1995   115     125     132.5     75     82.5     ­87.5    130     137.5   142.5    357.5      355.641        1
Morgan Prendergast     68.95    6     1997    75     85      ­92.5    37.5     45       ­50     110      125    ­132.5    255       256.377        2
84+kg
Mirelle Khoury         119.6    7     1993   120     130      140      75      80      82.5     160     172.5   182.5     405       324.041        1
Carolina Pagadizabal   94.85    8     1983   105     110      115      55      60      62.5     130      145     155     332.5      281.594        2


Mens 3­Lift
U59kg
Danny Voung            58.45    9     1993   160     175     ­182.5    90      95      ­100     170     ­180    ­180      440       384.472        1
U66kg
Cody Savage            65.05   10     1995    145    152.5    160     107.5    110     112.5    180     190     ­200     462.5      367.549        1
Danny Le               62.95   11     1998   147.5    155    162.5    92.5    102.5    107.5    165     170      185      455       371.826        2
U74kg
Victor Ramirez         71.25   13     1991   175     180     ­185     125      130     132.5    195     200     ­207.5   512.5      378.943        1
Wei En Leoung          73.55   12     1995   110     130      145     105      115      125     160     180      200      470       339.528        2
U83kg
Colin Lim              82.05   14     1996   225     235      240      140    147.5    ­152.5   210     225      235     622.5      418.382        1
Thomas Wang            79.7    16     1987   145     155      165     117.5    125     132.5    175     190     ­205     487.5      333.596        2
Kevin Chan             76.85   15     1985   130     140      145      95     ­102.5   ­102.5   185     195      200      440       308.352        3
U93kg
Merlin Viet            87.55   17     1988   215      230     240     140      150     ­155     225      245    257.5    647.5      419.386        1
Josh Lanham            90.75   18     1989   185     197.5    205     125      135     137.5    205     217.5   227.5     570       362.349        2
Eric Rogic             90.35   19     1995   160      170    177.5    115      120      125     230      245    ­255     547.5      348.812        3
U120kg
Oliver Treanor         102.9   20     1994   175      190     205     135      145      150     235      250     270      625       376.250        1
Daniel Wade            102.1   21     1987   190     197.5    205     145      150     ­152.5   210     222.5   232.5    587.5      354.674        2
120kg+
Adam Huard             137.9   24     1982   240     252.5    265     150      160      165     260      275     285      715       400.472        1
Anthony Wilcockson     126.7   23     1990   180      190     200     105     112.5    117.5    210     232.5   242.5     560       318.248        2

Mens Bench Only
U59kg
Linas Valuckas         93.25   22     1995                            175     ­180     ­180                               180       109.975        1
