               30-Mar-19 Big Irons Rick Hussey Memorial Meet-Lb Results

                                        BWt      WtCls                                           Best                                   Best      Sub    Deadlift   Deadlift   Deadlift    Best                     Coeff
        Name              Age     Div                     Wilks   Squat 1   Squat 2   Squat 3            Bench 1   Bench 2   Bench 3                                                                 PL Total                 Pl-Div-WtCl
                                        (Kg)      (Kg)                                          Squat                                  Bench     Total      1          2          3       Deadlift                 Score
Austin Carlson            30     MORE   88.4       90    0.5918    352.74    385.81    407.85   407.85    242.51    264.55   -281.09   264.55    672.4    429.9      468.48     490.52    490.52     1162.9265    312.1745     1-MORE-90
Jared Davison             28     MORE   88.7       90    0.5905   -319.67    319.67   -325.18   319.67    198.41   -203.93    203.93   203.93   523.59   374.78     -385.81    -385.81    374.78      898.3745   240.62875     2-MORE-90
Jack Peterson             25     MORE   99.4      100    0.5555    468.48    507.06   -534.62   507.06    369.27    391.32   -402.34   391.32   898.37   507.06      540.13     567.68    567.68      1466.059    369.4075    1-MORE-100
John Ness                 31     MORE  106.8      110    0.5408    462.97    501.55    -529.1   501.55    264.55     286.6    292.11   292.11   793.66   540.13     -556.66    -556.66    540.13      1333.783    327.184     1-MORE-110
Eric Lewis                20     MORE  163.6     SHW     0.4802    777.12    804.68    854.28   854.28    523.59    551.15    -573.2   551.15   1405.4   733.03       766.1     804.68    804.68     2210.1115    481.4005   1-MORE-SHW
Jhonny Servellon          31    MOR-AD 105.1      110    0.5436    402.34    424.39    440.92   440.92    248.02    259.04    270.06   270.06   710.98   374.78      402.34     424.39    424.39      1135.369    279.954    1-MOR-AD-110
Michael Andreano          22      MOR   67.1     67.5    0.7297    303.13   -325.18   -325.18   303.13   -259.04   -259.04    259.04   259.04   562.17   352.74      385.81     424.39    424.39      986.5585   326.54075   1-MOR-67.5
Kody Hancock              30      MOR   81.7     82.5    0.6235    407.85   -451.94   -451.94   407.85    314.16   -330.69   -330.69   314.16   722.01   523.59      540.13     562.17    562.17     1284.1795   363.18875   1-MOR-82.5
Chris Rubalcava           24      MOR   82.3     82.5    0.6203   -462.97   -462.97   -462.97      0        0          0        0        0         0        0           0          0         0            0          0            0
Andrew Hessa              17      MOR   89.8       90    0.5861    391.32   -418.87    418.87   418.87    242.51   -270.06    270.06   270.06   688.94   413.36      462.97     507.06    507.06     1195.9955   317.95925    1-MOR-90
Derik Bailey              22      MOR    97       100    0.5619    744.05    788.14   -804.68   788.14    341.71    369.27   -385.81   369.27   1157.4   644.85      666.89     683.43    683.43      1840.841    469.1865   1-MOR-100
Casey Floyd               34      MOR   97.6      100    0.5602    501.55    529.1    -562.17    529.1    352.74   -380.29   -391.32   352.74   881.84   551.15      617.29     699.96    699.96     1581.8005    401.9435   2-MOR-100
Christian Wheeler         25      MOR   97.3      100     0.561    540.13    573.2    -589.73    573.2    330.69    363.76   -391.32   363.76   936.96    479.5     -545.64     545.64    545.64     1482.5935    377.2725   3-MOR-100
Tanner Manning            25      MOR   97.7      100    0.5599    462.97    501.55   -523.59   501.55    303.13    330.69    352.74   352.74   854.28   473.99      501.55     523.59    523.59      1377.875    349.9375   4-MOR-100
Angel Hernandez           30      MOR   100       100     0.554     529.1   -551.15   -551.15    529.1    231.48    253.53   -264.55   253.53   782.63   485.01      512.57    -523.59    512.57     1295.2025    325.475    5-MOR-100
Cale Dobson               24      MOR   94.1      100    0.5707   -402.34    402.34    424.39   424.39    253.53    281.09    303.13   303.13   727.52   391.32      446.43     473.99    473.99      1201.507    311.0315   6-MOR-100
Dillon Rosener            21      MOR   95.9      100    0.5681    369.27    402.34    435.41   435.41    242.51    259.04   -281.09   259.04   694.45   424.39      485.01     507.06    507.06      1201.507    309.6145   7-MOR-100
Ryan Marx                 31      MOR    98       100    0.5591    352.74   -380.29   -380.29   352.74    220.46    242.51   -259.04   242.51   595.24   374.78      418.87      429.9     429.9      1025.139    259.9815   8-MOR-100
Matt Lindell              32      MOR  107.9      110    0.5407    578.71    617.29   -650.36   617.29    396.83    424.39   -440.92   424.39   1041.7   501.55      551.15    -600.75    551.15     1592.8235   390.65575   1-MOR-110
Spenser Nagel             31      MOR  105.6      110    0.5427    540.13    578.71   -600.75   578.71    314.16    341.71   -347.22   341.71   920.42   551.15      611.78      622.8     622.8       1543.22     379.89    2-MOR-110
Toby Dauel                34      MOR  109.9      110    0.5378    501.55    540.13   -584.22   540.13    297.62    319.67   -330.69   319.67   859.79   451.94      512.57     523.59    523.59     1383.3865    337.4695   3-MOR-110
Joel Watchorn             19      MOR   107       110    0.5405    512.57    556.66   -584.22   556.66    203.93    253.53   -264.55   253.53   810.19   485.01     -600.75    -600.75    485.01     1295.2025   317.54375   4-MOR-110
Andrew Sharp              35      MOR  109.9      110    0.5378   -396.83    396.83     429.9    429.9    297.62    314.16   -325.18   314.16   744.05   451.94      507.06     540.13    540.13     1284.1795    313.2685   5-MOR-110
Ron Eaton                 40      MOR  108.4      110    0.5385   -677.91   -677.91   -677.91      0        0          0        0        0         0        0           0          0         0            0          0            0
Luke Uribe                38      MOR  118.8      125    0.5281    870.82   -914.91    914.91   914.91    479.5     512.57   -523.59   512.57   1427.5    622.8      655.87     677.91    677.91      2105.393    504.3355   1-MOR-125 *Best Lifter
Cjay Stauber              25      MOR   123       125    0.5237    683.43    733.03   -749.56   733.03    385.81     429.9   -440.92   429.9    1162.9   606.27     -650.36    -650.36    606.27     1769.1915   420.26925   2-MOR-125
Nick Norton               22      MOR  121.7      125    0.5253     573.2    595.24   -633.82   595.24    352.74    363.76   -396.83   363.76     959    534.62      567.68     600.75    600.75     1559.7545   371.64975   3-MOR-125
Edward David              38      MOR   111       125    0.5353     286.6    407.85    473.99   473.99    225.97    275.58   -325.18   275.58   749.56   369.27      473.99    -501.55    473.99      1223.553    297.0915   4-MOR-125
Luke Dreier               33      MOR  130.4      140    0.5145   -755.08    755.08   -782.63   755.08    457.45    -479.5    -479.5   457.45   1212.5   699.96      722.01     755.08    755.08     1967.6055   459.19125   1-MOR-140
Marvin Harrington         38      MOR  137.5      140    0.5061   -688.94   -733.03    733.03   733.03    435.41   -468.48   -468.48   435.41   1168.4   644.85      694.45     705.47    705.47       1873.91    430.185    2-MOR-140
Max Stewart               23      MOR  137.5      140    0.5061    540.13    567.68    584.22   584.22    347.22    369.27   -402.34   369.27   953.49   518.08      567.68     600.75    600.75      1554.243    356.8005   3-MOR-140
Bryce Snyder              29      MOR   140       140    0.5034   -501.55   -501.55   -501.55      0        0          0        0        0         0        0           0          0         0            0          0            0
Ethan Manning             29      MOR  159.1     SHW     0.4842   -760.59    760.59   -804.68   760.59    369.27    391.32   -413.36   391.32   1151.9   584.22      650.36     666.89    666.89      1818.795    399.465    1-MOR-SHW

Mike Langel               26     MOR     149.1    SHW    0.4938    540.13   573.2     -600.75   573.2    319.67    341.71    -369.27   341.71   914.91   518.08     551.15     -562.17    551.15     1466.059     328.377    2-MOR-SHW
Nick Matthai              25     MO      121.7    125    0.5253   -777.12     0          0        0        0         0          0        0        0        0          0           0         0           0            0           0
           31-Mar-19 Big Irons Rick Hussey Memorial Meet-Lb Results

                                          BWt    WtCls                                           Best                                   Best      Sub    Deadlift   Deadlift   Deadlift    Best                      Coeff
       Name            Age      Div                       Wilks   Squat 1   Squat 2   Squat 3            Bench 1   Bench 2   Bench 3                                                                 PL Total                Pl-Div-WtCl
                                          (Kg)    (Kg)                                           Squat                                 Bench     Total      1          2          3       Deadlift                  Score
Linda Smithson         47     FM2RE       71.1     75    0.9843    121.25    132.28     143.3    143.3    93.696   -99.207   -99.207   93.696   236.99    176.37    181.88      -192.9    181.88       418.874     187.017      1-FM2RE
Cortney Mayo           24      FORE       73.9     75    0.9596    264.55   -281.09   -292.11   264.55    126.76   -137.79   -137.79   126.76   391.32    248.02    264.55       286.6     286.6      677.9145     295.077     1-FORE-75
Summer Gordon          25      FORE       89.1     90    0.8677    225.97    259.04     286.6    286.6    148.81   -187.39    198.41   198.41   485.01    275.58    325.18      369.27    369.27      854.2825   336.23375     1-FORE-90
Laura Beazley          38      FORE      101.3   SHW     0.8295    308.64    325.18   -341.71   325.18    170.86   -187.39   -187.39   170.86   496.04    325.18    347.22     -369.27    347.22      843.2595   317.28375   1-FORE-SHW
Monica Johnson (WM)    60      FM5R       59.7     60    1.1192    214.95   -231.48    231.48   231.48    121.25   -132.28   -132.28   121.25   352.74    253.53    292.11      314.16    314.16      666.8915     338.558       1-FM5R
Deanne Gibson (WM)     58      FM4R        75      75    0.9506   -110.23    110.23    148.81   148.81    88.184    110.23   -121.25   110.23   259.04    187.39    203.93      225.97    225.97       485.012     209.132       1-FM4R
Maria Bouchard         44      FM1R        67    67.5    1.0261    132.28    148.81    187.39   187.39    104.72    115.74    121.25   121.25   308.64    154.32    176.37      225.97    225.97      534.6155   248.82925      1-FM1R
Annabelle Haverman     21       FJR       58.8     60    1.1325    209.44    225.97    248.02   248.02    104.72    115.74   -121.25   115.74   363.76   -231.48    231.48      236.99    236.99      600.7535   308.60625        1-FJR
Kara Scharnberg        23       FJR       59.8     60    1.1178    203.93    220.46   -242.51   220.46    110.23    126.76   -137.79   126.76   347.22    214.95    231.48      242.51    242.51      589.7305    299.0115        2-FJR
Morgan Swick           17      FT2R       53.3     56     1.223    137.79    159.83    170.86   170.86    99.207   -110.23   -110.23   99.207   270.06     192.9    225.97     -236.99    225.97       496.035     275.175       1-FT2R
Samantha Quillen       16      FT2R       86.7     90    0.8783    99.207    121.25    132.28   132.28     71.65    82.673   -93.696   82.673   214.95    198.41    231.48      253.53    253.53      468.4775   186.63875       2-FT2R
Aubrie Harrington      15      FT1R       54.8     56    1.1967    170.86    192.9     203.93   203.93    77.161   -99.207   -99.207   77.161   281.09    225.97    242.51      259.04    259.04       540.127    293.1915       1-FT1R
Allie Bouchard         14      FT1R       51.5     52     1.256    77.161    88.184    110.23   110.23    60.627     71.65   -93.696    71.65   181.88    132.28     143.3      170.86    170.86       352.736      200.96       2-FT1R
Monica Johnson         60      FOR         60      60    1.1149    214.95   -231.48    231.48   231.48    121.25   -132.28   -132.28   121.25   352.74    253.53    292.11      314.16    314.16      666.8915   337.25725     1-FOR -60
Shelly Weber           34      FOR        65.6   67.5     1.042    137.79    176.37   -203.93   176.37   -82.673    121.25   -137.79   121.25   297.62    176.37    214.95      253.53    253.53        551.15      260.5     1-FOR -67.5
Caitlin Sullivan       28      FOR        70.7     75    0.9881   -440.92    440.92    473.99   473.99    209.44   -225.97    225.97   225.97   699.96    407.85    440.92      462.97    462.97     1162.9265   521.22275     1-FOR -75 *Best Lifter
Kelsey Paskert         28      FOR        72.4     75    0.9725    270.06    303.13    330.69   330.69    165.35     192.9   -203.93    192.9   523.59    341.71    374.78      391.32    391.32       914.909    403.5875     2-FOR -75
Deanne Gibson          58      FOR        71.1     75    0.9843   -110.23    110.23    148.81   148.81    88.184    110.23   -121.25   110.23   259.04    187.39    203.93      225.97    225.97       485.012     216.546     3-FOR -75
Noemi Munoz            24      FOR        79.7   82.5    0.9169    225.97    236.99    248.02   248.02    110.23    126.76   -132.28   126.76   374.78    231.48    292.11      303.13    303.13      677.9145   281.94675    1-FOR -82.5
Erin Schleicher        22      FOR        95.2   SHW     0.8458    275.58    308.64    325.18   325.18    132.28    148.81    154.32   154.32    479.5    308.64    325.18      -336.2    325.18       804.679     308.717   1-FOR -SHW
Dolores Estrada        31     FOR-AD      59.1     60    1.1281    231.48    253.53   -264.55   253.53    148.81    159.83   -165.35   159.83   413.36    281.09    308.64      314.16    314.16       727.518     372.273   1-FOR-AD-60
Josh Simm              18     MT3RE       83.1     90     0.667    303.13    325.18   -358.25   325.18    181.88    198.41    209.44   209.44   534.62    325.18    363.76     -407.85    363.76      898.3745    271.8025      1-MT3RE
Caden Hale (AD)        17    MT2RE-AD      74      75    0.7193    325.18    358.25   -380.29   358.25     192.9    203.93    209.44   209.44   567.68    369.27    407.85      435.41    435.41      1003.093    327.2815   1-MT2RE-AD
Caden Hale             17     MT2RE        74      75    0.7193    325.18    358.25   -380.29   358.25     192.9    203.93    209.44   209.44   567.68    369.27    407.85      435.41    435.41      1003.093    327.2815      1-MT2RE
Timothy Walden         52      MM3R      106.6    110    0.5945    402.34   -446.43   -446.43   402.34   -308.64   -308.64   -308.64      0        0         0         0           0         0            0           0             0
William Darwin         33      MSMR      107.7    110    0.5924    418.87    451.94   -473.99   451.94    319.67    -336.2      0      319.67   771.61    451.94    501.55     -512.57    501.55     1273.1565     342.111      1-MSMR
Nate Miller            20       MJR       88.3     90    0.6447    468.48    501.55   -523.59   501.55    352.74    374.78   -402.34   374.78   876.33    451.94    501.55      523.59    523.59      1399.921    409.3845       1-MJR
Chad Morgan            20       MJR       90.6    100    0.6363    391.32    418.87    451.94   451.94    264.55    292.11   -314.16   292.11   744.05    473.99    518.08      545.64    545.64      1289.691    372.2355       2-MJR
Isaac Hiebert          20       MJR       92.6    100    0.6295    468.48    501.55    523.59   523.59    236.99   -253.53   -253.53   236.99   760.59    451.94    501.55     -523.59    501.55     1262.1335   360.38875       3-MJR
Nicholas Bennigsdorf   23       MJR       91.8    100    0.6321    325.18   -352.74    352.74   352.74    236.99    253.53   -281.09   253.53   606.27    407.85    440.92     -462.97    440.92      1047.185    300.2475       4-MJR
Hunter Pombrio         19      MT3R      95.6     100    0.6203   402.34    424.39    440.92    440.92    192.9    209.44    -225.97   209.44   650.36   374.78     402.34     424.39     424.39     1074.7425   302.39625      1-MT3R
Kody Loofe             19      MT3R       86.8     90    0.6507    292.11    325.18   -363.76   325.18   -225.97    225.97   -242.51   225.97   551.15    319.67    369.27      385.81    385.81       936.955    276.5475      2-MT3R
Kolby Harrington       17      MT2R        88      90    0.6459    424.39    457.45   -473.99   457.45    203.93    236.99    253.53   253.53   710.98    451.94     479.5      501.55    501.55       1212.53     355.245       1-MT2R

Bradyn Barclay         17      MT2R      81.5    82.5    0.6749   325.18    358.25    -451.94   358.25   242.51    264.55    -286.6    264.55    622.8   374.78     440.92      473.99    473.99 1096.7885 335.76275           2-MT2R
Noah Chartier          13      MT1R      94.6    100     0.6232   148.81    170.86    -203.93   170.86   88.184    104.72    121.25    121.25   292.11   209.44     242.51     -270.06    242.51 534.6155   151.126            1-MT1R
30-Mar-19            Big Irons Rick Hussey Memorial Meet-Lb Results
                                   BWt    WtCls                                           Best    Deadlift   Deadlift   Deadlift    Best      Push Pull      Coeff
        Name         Age   Div                     Wilks   Bench 1   Bench 2   Bench 3                                                                                Pl-Div-WtCl
                                   (Kg)    (Kg)                                          Bench       1          2          3       Deadlift     Total       Score
Mitchell Betsworth   23    MJR     72.3     75    0.6843   225.97    253.53     275.58   275.58   374.78     407.85      429.9      429.9      705.472     218.976     1-MJR
Makadn Craft         13    MT1R   101.9    110    0.5519   88.184    115.74    -137.79   115.74   231.48     259.04     -303.13    259.04      374.782      93.823     1-MT1R


Austin Fuller        23    MOR    93.9    100     0.5747   248.02    275.58    -303.13   275.58   501.55     529.1      556.66     556.66     832.2365    216.94925   1-MOR-100
30-Mar-19          Big Irons Rick Hussey Memorial Meet-Lb Results
                                BWt    WtCls                                             Best      Coeff
        Name       Age   Div                    Wilks   Bench 1   Bench 2   Bench 3                         Pl-Div-WtCl
                                (Kg)    (Kg)                                            Bench      Score
Keegan Umland      17    MOR    80.6   82.5    0.6295    236.99 -264.55 -264.55       236.9945   67.67125   1-MOR-82.5
Kyle Wiig          32    MOR    134     140    0.5102    385.81 413.36 446.43         446.4315   103.3155   1-MOR-140
Milton Schneider   53    MM3   122.6    125    0.5242   -501.55 -501.55 518.08         518.081    123.187     1-MM3
