                                                             GER Raw Powerlifting Team Cup
                                                                   powered by Eleiko




                                                     Kniebeugen                        Bankdrücken                     Kreuzheben
Platz      Name          Vorname     Körpergewicht                              KB                              BD                              KH     Wilks    Total
                                                     v1       v2      v3               v1      v2      v3              v1      v2      v3


1                                                                           Aachener Kraftsport


1       von Hennig    Friedrich      104.4           265      280     292.5    265     162.5   172.5   175     172.5   302.5   325     335     335     462.55   772.5


2       Traut         Mark           108             250      270     290      270     150     160     170     170     290     315     330     315     446.89   755


3       Klenkler      Julie          58              122.5    127.5   132.5    132.5   60      62.5    65      65      142.5   152.5   160     152.5   400.65   350


4       Fischer       Verena         51.7            90       95      100      100     45      47.5    50      47.5    110     117.5   122.5   117.5   331.84   265


2                                                                              Greifenpower


1       Reiz          Andreas        115.6           285      295     302.5    302.5   185     190     190     185     310     320     327.5   320     468.55   807.5


2       Wright        Joshua         76.3            205      215     225      225     160     162.5   165     165     250     260     267.5   267.5   463.01   657.5


3       Wagner        Isabel         51.8            95       100     105      105     60      65      70      65      132.5   132.5   132.5   132.5   378.23   302.5


4       Reiz          Max            111.4           190      205     215      190     130     140     0       130     190     205     215     215     313.65   535


3                                                                              USV Jena e.V.


1       Eisinger      Maximilian     82.7            240      260     267.5    267.5   157.5   167.5   172.5   172.5   250     270     275     275     478.29   715


2       Cirmon        Anna           62.2            140      147.5   150      150     70      75      77.5    77.5    140     150     155     155     414.8    382.5


3       Becker        Johannes       102             215      227.5   235      235     135     145     150     145     240     260     260     260     386.5    640


4       Meruer        Jan            84              175      185     195      185     105     112.5   115     115     220     235     240     240     357.93   540


4                                                                             1. AC Bayreuth


1       Massat        Martin         95.5            235      245     255      255     152.5   160     165     165     260     280     300     280     434.39   700


2       Kannowsky     Lea            54.7            115      122.5   127.5    127.5   75      80      80      75      132.5   140     145     145     416.47   347.5


3       Scheler       Christopher    88.8            190      200     215      215     137.5   145     150     145     240     265     282.5   265     401.77   625


4       Gola          Susann-Marie   57.2            110      115     117.5    117.5   60      65      67.5    67.5    145     152.5   157.5   157.5   396.35   342.5


5                                                                              TG Landshut


1       Pagelsen      Stefan         85.6            220      227.5   232.5    227.5   155     162.5   170     162.5   275     285     300     285     442.62   675


2       Augustiniok   Sandra         64.6            140      150     155      150     80      85      90      90      157.5   165     172.5   165     426.84   405


3       Wolff         Fabian         87.8            157.5    165     170      170     112.5   117.5   120     117.5   220     227.5   227.5   227.5   333.04   515


4       Makra         Milan          94.1            152.5    160     165      160     110     115     117.5   115     185     195     200     200     296.75   475


6                                                                               SAV Erfurt


1       Weiß          Aaron          93.3            235      242.5   247.5    247.5   140     145     147.5   145     280     295     300     280     421.82   672.5


2       Hauschild     Marie          70.5            145      155     160      160     75      80      82.5    82.5    142.5   142.5   142.5   142.5   381.15   385


3       Virzi         Francesco      102.4           210      230     245      245     160     170     180     170     210     212.5   260     210     376.89   625


4       Wiedenhofer   Tabea          62.4            117.5    125     125      125     70      72.5    75      72.5    117.5   127.5   127.5   127.5   351.58   325


7                                                                              ASV Neu Ulm


1       Flueras       Christian      103.9           250      260     260      260     170     180     180     170     240     250     260     260     413.86   690
                                                       Kniebeugen                        Bankdrücken                       Kreuzheben
Platz      Name           Vorname      Körpergewicht                              KB                                BD                              KH     Wilks    Total
                                                       v1      v2      v3                v1        v2      v3              v1      v2      v3


2       Nold           Martin          99.3            202.5   215     220       220     135       140     145     145     225     240     250     250     375.34   615


3       Pfau           Sarah           61.7            107.5   115     120       120     65        70      72.5    70      135     142.5   150     150     370.99   340


4       Gerisch        Michael         90.2            160     170     182.5     182.5   115       120     125     120     225     240     252.5   240     345.94   542.5


8                                                                       Powerlifting Würzburg e.V.


1       von Gleichen   Valérie         83.7            147.5   155     160       155     80        85      85      80      165     175     180     180     370.74   415


2       Hammer         Daniel          93.7            195     202.5   207.5     202.5   132.5     140     145     140     200     212.5   220     220     352.11   562.5


3       Schlagbauer    Lisa            63              107.5   107.5   107.5     107.5   62.5      67.5    72.5    67.5    132.5   140     142.5   142.5   340.98   317.5


4       Göb            Nicolas         106.3           200     210     215       215     110       115     120     115     227.5   237.5   245     237.5   337.68   567.5


9                                                                              Bavaria Landshut


1       Schmidbauer    Amelie          65              117.5   125     130       125     70        75      77.5    75      125     135     140     140     356.7    340


2       Wimmer         Martin          80.7            165     175     187.5     175     105       117.5   122.5   122.5   215     225     225     225     354.77   522.5


3       Hafner         Michael         110.5           205     215     225       225     125       130     135     130     205     212.5   220     220     337.92   575


4       Reichenauer    Heike           75.3            117.5   125     130       125     67.5      72.5    75      72.5    130     137.5   142.5   137.5   317.67   335


10                                                                             KSC Attila Dachau


1       Kohl           Sebastian       82.3            195     210     215       215     115       120     122.5   122.5   220     230     240     240     387.43   577.5


2       Engeser        Daniel          70.3            152.5   162.5   170       170     90        95      100     95      170     182.5   182.5   182.5   334.26   447.5


3       Engeser        Patrizia        51.1            92.5    97.5    102.5     97.5    47.5      50      52.5    52.5    95      100     105     105     322.19   255


4       Tischler       Max             161.5           180     190     190       180     140       140     145     145     180     185     200     200     287.41   525


11                                                                               AC Forchheim


1       Przibilla      Björn           104             187.5   202.5   210       210     140       147.5   152.5   147.5   210     225     232.5   225     349.26   582.5


2       Schertel       René            111.9           190     205     210       205     145       152.5   157.5   157.5   190     212.5   225     212.5   336.66   575


3       Kropf          Norbert         100.3           160     170     175       175     135       140     142.5   142.5   200     215     225     225     329.77   542.5


4       Weber          Natalie         90.1            110     117.5   125       125     55        60      62.5    62.5    127.5   137.5   142.5   142.5   285.01   330


12                                                                                KSV Mainz


1       Bamberger      Moritz          89.3            170     180     190       190     105       112.5   117.5   117.5   220     235     250     250     357.33   557.5


2       Bender         Marius Thomas   84.4            160     170     175       170     105       110     115     115     200     210     215     210     327.2    495


3       Waldeck        Kerstin         64.9            90      100     100       100     50        55      57.5    57.5    95      105     112.5   112.5   283.58   270


4       Rupprecht      Lisa            50.2            60      70      80        70      30        35      37.5    35      75      85      95      95      256.15   200


13                                                                          SV Johannis Powerlifting


1       Käser          Michael         105.9           182.5   192.5   200       200     130       137.5   140     140     187.5   200     210     210     327.68   550


2       Hess           Dennis          105.6           170     177.5   182.5     182.5   122.5     127.5   132.5   132.5   190     210     220     220     319.06   535


3       Mammitzsch     Anne            63.3            92.5    100     105       100     52.5      55      57.5    57.5    120     127.5   132.5   132.5   310.33   290
