Sept. 22, 2018       UPA National Powerlifting Championship-Lb Results

                                      BWt     WtCls                                          Best                                 Best      Sub  Deadlift Deadlift Deadlift  Best              Coeff
       Name          Age      Div                     Schwartz   Squat 1 Squat 2 Squat 3           Bench 1   Bench 2 Bench 3                                                         PL Total          Pl-Div-WtCl
                                      (Kg)    (Kg)                                          Squat                                Bench     Total    1        2        3     Deadlift           Score
Penny Bergstrom          53  FM3R      66.6    67.5   0.7347     203.93 214.95 220.46       220.46 132.28     137.79    -143.3   137.79   358.25 286.6 297.62 303.13 303.13           661.38   220.41    1-FM3R
Felicia Thomas           52  FM3R     101.6   SHW     0.5504     225.97 275.58 303.13       303.13 132.28      143.3    154.32   154.32   457.45 275.58 319.67 341.71 341.71 799.1675          199.52    2-FM3R
Traci Schwendner         42  FM1R      85.4     90     0.605     203.93 214.95 231.48       231.48 126.76     137.79     143.3    143.3   374.78 209.44 220.46 231.48 231.48 606.265          166.375    1-FM1R
Laura Steele-Fritsch     42  FM1R      84.2     90    0.6107     159.83 176.37 187.39       187.39 -148.81    148.81   -159.83   148.81    336.2  192.9 209.44 225.97 225.97 562.173 155.7285               53
Shelby Myers (JR)        22   FJR       65     67.5   0.7514     209.44 231.48 248.02       248.02 104.72     115.74    121.25   121.25   369.27 259.04 281.09 303.13 303.13 672.403          229.177     1-FJR
Shelby Myers             22   FOR       65     67.5   0.7514     209.44 231.48 248.02       248.02 104.72     115.74    121.25   121.25   369.27 259.04 281.09 303.13 303.13 672.403          229.177 1-FOR -67.5
Claralicia Torres        28   FOR      63.6    67.5   0.7671     -192.9  192.9 209.44       209.44 93.696     104.72    110.23   110.23   319.67 242.51 275.58 303.13 303.13 622.7995 216.70575 2-FOR -67.5
Shelly Houzenga          29   FOR      73.8     75     0.673     369.27 391.32 407.85       407.85 192.9      209.44   -220.46   209.44   617.29 363.76 385.81 -402.34 385.81 1003.093 306.215          1-FOR -75 *Women's Full Power Best Lifter
April Evans              37 FSMR-AD    73.8     75     0.673     181.88 -275.58 275.58      275.58 115.74     132.28     143.3    143.3   418.87 259.04 275.58 303.13 303.13 722.0065 220.4075 1-FSMR-AD
Shelly Houzenga (AD)     29 FOR-AD     73.8     75     0.673     369.27 391.32 407.85       407.85 192.9      209.44   -220.46   209.44   617.29 363.76 385.81 -402.34 385.81 1003.093 306.215 1-FOR-AD-75
Mike Graf                21  MJRE       80     82.5   0.6329     473.99 490.52 -507.06      490.52 275.58     292.11    303.13   303.13   793.66 507.06 523.59 540.13 540.13 1333.783 382.9045           1-MJRE    *Men's Raw Elite Full Power Best Lifter
Tim Welch                32  MORE     107.6    110    0.5396     220.46    0      0         220.46 347.22     358.25   -369.27   358.25   578.71 661.38 705.47 -716.5 705.47 1284.1795 314.317 1-MORE-110
DeWitt Martin Jr.        52  MM3R      168    SHW     0.4767     705.47 727.52 -771.61      727.52 501.55     523.59   -556.66   523.59   1251.1 600.75 622.8 -639.33 622.8          1873.91 405.2205    1-MM3R
Samuel Johnson           40  MM1R      100     100     0.554     600.75 628.31 661.38       661.38 424.39     435.41    457.45   457.45   1118.8 677.91 705.47 -727.52 705.47 1824.3065 458.435          1-MM1R
Percy Colvin (SM)        39  MSMR     107.6    110    0.5396     650.36 -705.47 705.47      705.47 501.55    -523.59   -523.59   501.55    1207  600.75 -650.36       0     600.75 1807.772 442.472      1-MSMR
Dylan Braasch            20   MJR     115.4    125     0.531     650.36 683.43 710.98       710.98 330.69    -352.74       0     330.69   1041.7 705.47 727.52 -755.08 727.52 1769.1915 426.1275          1-MJR
Louis Gomez              21   MJR      89.4     90    0.5877     446.43 473.99 512.57       512.57 231.48     259.04    292.11   292.11   804.68 451.94 501.55 512.57 512.57 1317.2485 351.15075          2-MJR
Erik Gutierrez           20   MJR      73.2     75    0.6774     325.18 358.25 374.78       374.78 192.9      209.44   -236.99   209.44   584.22 -336.2 -363.76 380.29 380.29 964.5125 296.3625           3-MJR
Jake Keating             16  MT2R      92.8    100    0.5751      429.9 457.45 468.48       468.48 275.58    -297.62       0     275.58   744.05 485.01 -529.1 -551.15 485.01 1229.0645 320.61825        1-MT2R
Rob Whitley              29 MORE-AD   100.4    110    0.5531     562.17 606.27 -628.31      606.27 352.74    -363.76   -363.76   352.74     959  551.15 -562.17       0     551.15 1510.151 378.8735 1-MORE-AD
Freddy Crosby (MM)       43 MM1R-AD   108.4    110    0.5385     501.55 606.27 639.33       639.33 501.55    -617.29   -705.47   501.55   1140.9 501.55 573.2 -600.75 573.2 1714.0765 418.68375 1-MM1R-AD
Michael Mullin           28 MOR-AD     88.2     90    0.5926     396.83 424.39    0         424.39 264.55     -286.6    -286.6   264.55   688.94 -529.1    529.1 -573.2      529.1 1218.0415 327.4115 1-MOR-AD-90
Dan Allison              32 MOR-AD      98     100    0.5591     551.15 595.24 -622.8       595.24 308.64      336.2   -347.22    336.2   931.44 573.2 -606.27 -606.27 573.2 1504.6395 381.58575 1-MOR-AD-100
Adam Sparks              33 MOR-AD     97.6    100    0.5602     363.76 402.34 -407.85      402.34 264.55     292.11   -297.62   292.11   694.45 457.45 490.52 507.06 507.06 1201.507 305.309 2-MOR-AD-100
Scott Kiser              29 MOR-AD    107.4    110    0.5399     518.08 545.64 -562.17      545.64 319.67     341.71   -347.22   341.71   887.35 529.1 567.68 578.71 578.71 1466.059 359.0335 1-MOR-AD-110
Chris Danner             32 MOR-AD    118.4    125    0.5284      622.8  672.4 -705.47       672.4 402.34     418.87   -424.39   418.87   1091.3 622.8 650.36 -672.4 650.36 1741.634 417.436 1-MOR-AD-125
Byron Fletcher (AD-MM)   43 MM1-AD     97.6    100    0.5602     402.34 451.94 -501.55      451.94 446.43    -540.13   -540.13   446.43   898.37 446.43 -479.5      479.5    479.5 1377.875 350.125    1-MM1-AD
Byron Fletcher (AD)      43  MO-AD     100     100     0.554     402.34 451.94 -501.55      451.94 446.43    -540.13   -540.13   446.43   898.37 446.43 -479.5      479.5    479.5 1377.875    346.25 1-MO-AD-100
Freddy Crosby            43  MO-AD    108.4    110    0.5385     501.55 606.27 639.33       639.33 501.55    -617.29   -705.47   501.55   1140.9 501.55 573.2 -600.75 573.2 1714.0765 418.68375 1-MO-AD-110
Nate Yelton (AD)         27  MO-AD    132.8    140    0.5116     903.89 964.51 1008.6       1008.6 518.08     551.15    600.75   600.75   1609.4 573.2 600.75 622.8          622.8 2232.1575 517.995 1-MO-AD-140
Angelo Bronzino          26   MOR      87.6     90    0.5952     507.06 -540.13 540.13      540.13 369.27    -407.85    407.85   407.85   947.98 529.1 -556.66 -556.66 529.1 1477.082 398.784           1-MOR-90
Aaron Zimmerman          33   MOR      87.4     90     0.596     402.34 440.92 473.99       473.99 236.99     259.04   -275.58   259.04   733.03 451.94 501.55 -551.15 501.55 1234.576         333.76   2-MOR-90
Andrew Chastain          23   MOR       89      90    0.5893     220.46    0      0         220.46 352.74    -374.78   -374.78   352.74    573.2 584.22 611.78 628.31 628.31 1201.507 321.1685          3-MOR-90

Mike Rajsl               35   MOR     99.6     100    0.555      319.67   347.22   396.83   396.83   286.6   297.62    308.64    308.64   705.47   385.81   440.92   451.94   451.94   1157.415   291.375   1-MOR-100
Ed knoblock              28   MOR     108.8    110     0.538 644.85 683.43 -716.5           683.43   473.99 496.04 507.06        507.06   1190.5   727.52 -749.56 749.56      749.56 1940.048    473.44   1-MOR-110
Percy Colvin             39   MOR     107.6    110    0.5396 650.36 -705.47 705.47          705.47   501.55 -523.59 -523.59      501.55    1207    600.75 -650.36   0         600.75 1807.772 442.472     2-MOR-110
Drew Heckman             36   MOR     122.5    125    0.5243 -705.47 705.47 766.1            766.1   418.87 446.43 -479.5        446.43   1212.5   694.45 744.05 782.63       782.63 1995.163 474.4915 1-MOR-125 *Men's Raw Full Power Best Lifter
Kevin Smith              40   MOR     130.2    140    0.5147 501.55 551.15 600.75           600.75   374.78 424.39 451.94        451.94   1052.7   501.55 551.15 600.75       600.75 1653.45    386.025   1-MOR-140
Sokratis Boutos          29   MOR     158.4   SHW     0.4849 402.34 451.94 479.5             479.5   253.53 270.06 292.11        292.11   771.61   380.29 407.85 424.39       424.39 1195.9955 263.05825 1-MOR-SHW
Nate Yelton              27   MO      132.8    140    0.5116 903.89 964.51 1008.6           1008.6   518.08 551.15 600.75        600.75   1609.4    573.2 600.75 622.8         622.8 2232.1575 517.995     1-MO-140
22-Sep-18                UPA National Powerlifting Championship-Lb Results
                                         BWt     WtCls                                                   Best      Coeff
         Name            Age     Div                     Schwartz   Bench 1 Bench 2 Bench 3 Bench 4                         Pl-Div-WtCl
                                         (Kg)    (Kg)                                                  Bench       Score
Kelsey Wittmann            25    FOR      98.8   SHW      0.557 170.86 187.39 -203.93          0       187.391     47.345   1-FOR -SHW
Gion Prevard (WM)          51   FM3-AD    82.2    82.5   0.6209 143.3 220.46 -303.13           0        220.46      62.09     1-FM3-AD
Kim Jones (WM)             43   FM1-AD    71.4     75    0.6914 165.35 -314.16 -314.16         0       165.345     51.855     1-FM1-AD
Kim Jones (Open)           43   FO-AD     71.4     75    0.6914 165.35 -314.16 -314.16         0       165.345     51.855    1-FO-AD-75
Gion Prevard               51   FO-AD     82.2    82.5   0.6209 143.3 220.46 -303.13           0        220.46      62.09   1-FO-AD-82.5
Jason "Tadow" Carson (MM) 45    MM2-AD     94     100     0.571 501.55 -578.71    0            0      501.5465   129.9025     1-MM2-AD
David Lewis (MM)           46   MM2-AD   122.4    125    0.5245 -672.4 -677.91 -755.08         0          0           0           0
Robert Vick (MM)           45   MM2-AD   165.2   SHW     0.4787 -771.61 -777.12   0            0          0           0           0
Jason "Tadow" Carson (Open)45   MO-AD      94     100     0.571 501.55 -578.71    0            0      501.5465   129.9025   1-MO-AD-100
David Lewis                46   MO-AD    122.4    125    0.5245 -672.4 -677.91 -755.08         0          0           0           0
Tommy Harrison Jr.         44   MO-AD     127     140    0.5186 705.47 -727.52 -749.56         0       705.472    165.952   1-MO-AD-140
Tommy Harrison Jr. (MM)    44   MM1-AD    127     140    0.5186 705.47 -727.52 -749.56         0       705.472    165.952   1-MM1-AD-140 *Best Lifter
Robert Vick                45     MO     165.2   SHW     0.4787 -771.61 -777.12   0            0          0           0           0
