28-Apr-18              UPA Old School Iron Gym Spring Classic
                                    Bwt     WtCls   Schwartz/Ma                                 Best                                    Best    Sub                                          Best
        Name           Age    Div                                 Squat 1   Squat 2   Squat 3            Bench 1   Bench 2   Bench 3                     Deadlift 1 Deadlift 2 Deadlift 3               PL Total   Coeff Score   Pl-Div-WtCl
                                    (lb)     (Kg)      lone                                     Squat                                  Bench    Total                                       Deadlift

Rea Welding            48    FM2R   112.5    114     0.9712       165.35    -181.88   181.88    181.88   115.74    121.25    -126.76   121.25   303.13   181.88      209.44    225.97       225.97      529.104    513.8658048   1-FM2R-52
Catherine Buffington   46    FM2R   163.7    165     0.6694         0          0         0        0      132.28     143.3    -148.81   143.3      0      275.58      303.13    -314.16      303.13         0          0.0000         0
Vanessa Sturm          37    FM2R   164.7    165     0.6666       220.46    231.48    -242.51   231.48   115.74    -132.28   -132.28   115.74   347.22   248.02      264.55    292.11       292.11      639.334      426.1800    1-FM2R -75

Brittany Peyton        35    FM2R   205.1    220      0.574       281.09    303.13    325.18    325.18   137.79    154.32    -165.35   154.32   479.5    -292.11     319.67     347.22      347.22      826.725     474.5402     1-FM2R -100

Lindsey Pogson         28    FOR    141.1    148     0.7625       270.06    -286.6    292.11    292.11   159.83    170.86    176.37    176.37   468.48   341.71     -363.76    -363.76      341.71     810.1905     617.7703     1-FOR-67.5
Carissa Knight         30    FOR    153.9    165     0.7048       176.37    187.39    203.93    203.93   88.184    93.696    -110.23   93.696   297.62   253.53     297.62     -319.67      297.62      595.242     419.5266      1-FOR-75
Nikki Benson           31    FOR    192.6    198      0.596       319.67     336.2    352.74    352.74    143.3    159.83    -170.86   159.83   512.57   308.64      336.2     358.25       358.25      870.817     519.0069      1-FOR-90

Lauren Musil           32     FOR   213.6    220     0.5651       209.44    -214.95   220.46    220.46   104.72    110.23    -115.74   110.23   330.69    286.6     -292.11     292.11      292.11      622.7995     351.9440     1-FOR-100
Angel Quinones         19     MT3   194.6    198     0.5922       -385.81   407.85     429.9     429.9   225.97    248.02    -270.06   248.02   677.91   496.04     534.62      551.15      551.15     1229.0645     727.8520      1-MT3-90
Kyle Agner             21     MJR   180.0    181     0.6235       -440.92   451.94     479.5     479.5   341.71    358.25    369.27    369.27   848.77   -485.01    512.57       529.1       529.1      1377.875     859.1051     1-MJR-82.5
Travis Darago          21     MJR   247.6    275     0.5339        429.9    440.92    473.99    473.99   275.58    297.62    308.64    308.64   782.63   473.99     518.08      540.13      540.13       1322.76     706.2216     1-MJR-125
Nick Infantino         39    MSMR   215.1    220     0.5602       424.39    473.99    485.01    485.01   292.11    319.67    330.69    330.69    815.7   551.15     600.75      611.78      611.78     1427.4785     799.6735    1-MSMR-100
Terry Johnson          45    MM2R   253.2    275     0.5316       319.67    347.22    358.25    358.25   209.44    225.97    236.99    236.99   595.24   363.76     391.32      407.85      407.85      1003.093     533.2442    1-MM2R-125
Dale McCully           29     MO    235.5    242     0.5408       545.64    -584.22   -600.75   545.64   402.34    424.39    -440.92   424.39   970.02   501.55     545.64       573.2       573.2       1543.22     834.5734     1-MO -110
Chris Silvetti         27    MOR    177.6    181     0.6295        -429.9    429.9    -446.43    429.9   275.58    292.11    -303.13   292.11   722.01   418.87     -435.41     435.41      435.41      1157.415     728.5927    1-MOR-82.5
Chhanchhaya Chham      32    MOR    172.3    181     0.6436       330.69    363.76    385.81    385.81   253.53    270.06     286.6    286.6     672.4    429.9     446.43      473.99      473.99      1146.392     737.8179    2-MOR-82.5
Joe Lucas              36    MOR    193.8    198     0.5982       589.73    -633.82   650.36    650.36   380.29    -413.36   -413.36   380.29   1030.7   589.73     628.31      650.36      650.36     1681.0075    1005.5787      1-MOR-90
Justin Zak             23    MOR    196.3    198     0.5889       402.34    451.94    473.99    473.99   303.13    341.71    -352.74   341.71    815.7   518.08     551.15      584.22      584.22      1399.921     824.4135      2-MOR-90

Allen Stuller          28    MOR    187.9    198     0.6055       369.27    402.34     429.9     429.9   297.62    314.16    330.69    330.69   760.59   462.97      512.57    545.64       545.64     1306.2255     790.9195     3-MOR-90
Mark Lombardo          27    MOR    198.0    198     0.5861       424.39    440.92    -451.94   440.92   303.13    -314.16   -314.16   303.13   744.05   451.94       479.5    -501.55       479.5      1223.553     717.1244     4-MOR-90
Robert Peacock         39    MOR    217.7    220      0.557       507.06    551.15    -578.71   551.15   330.69    363.76    -385.81   363.76   914.91   540.13      584.22    -628.31      584.22      1499.128     835.0143    1-MOR-100
Mark Lundgren          32    MOR    220.1    220     0.5568       440.92    496.04    -518.08   496.04   330.69    352.74    -363.76   352.74   848.77    529.1      551.15     -573.2      551.15      1399.921     779.4760    2-MOR-100
Jeff Brannigan         30    MOR    215.5    220     0.5597       473.99    496.04    507.06    507.06   275.58     286.6    -292.11   286.6    793.66   507.06      534.62    562.17       562.17      1355.829     758.8575    3-MOR-100
Mark Hayhurst          29    MOR    215.5    220     0.5599       413.36    446.43    485.01    485.01    286.6    -314.16   -314.16   286.6    771.61   512.57      562.17    -600.75      562.17      1333.783     746.7851    4-MOR-100
Richaed Hulick         25    MOR    219.0    220     0.5555       297.62    319.67    -341.71   319.67   -220.46   231.48    248.02    248.02   567.68   363.76      396.83     429.9        429.9      997.5815     554.1565    5-MOR-100
Cruz Fondriest         25    MOR    240.5    242     0.5376        672.4    -716.5    727.52    727.52   457.45     479.5    501.55    501.55   1229.1    622.8       672.4    -705.47       672.4     1901.4675    1022.2289    1-MOR-110
Rusty Lockhart         25    MOR    241.3    242     0.5371       661.38    727.52     766.1     766.1   407.85     429.9    446.43    446.43   1212.5   551.15      589.73     622.8        622.8     1835.3295     985.7555    2-MOR-110
Dale Phan              34    MOR    234.1    242     0.5417       650.36    661.38    -705.47   661.38   385.81    407.85     429.9    429.9    1091.3   661.38      705.47    733.03       733.03     1824.3065     988.2268    3-MOR-110
Nathan Lester          28    MOR    228.5    242     0.5461       600.75    633.82    -644.85   633.82   347.22    363.76    -374.78   363.76   997.58   661.38      705.47    722.01       722.01      1719.588     939.0670    4-MOR-110

Eric Walker            25    MOR    232.0   242      0.5432       385.81    407.85     429.9     429.9   -385.81   385.81    -402.34   385.81    815.7   501.55     523.59     540.13       540.13      1355.829     736.4863     5-MOR-110
Larry O'Donnell        32    MOR    231.9   242      0.5434       303.13    325.18    -341.71   325.18   203.93    220.46    -231.48   220.46   545.64   407.85     424.39     435.41       435.41       981.047     533.1009     6-MOR-110
Eric Coxson            28    MOR    228.6   242      0.5461       518.08    540.13    551.15    551.15   325.18    -341.71   341.71    341.71   892.86   -606.27    -606.27    -606.27        0             0         0.0000          0
John Wisniowski        28    MOR    226.4   242      0.5481        622.8     -672.4    -672.4    622.8   -308.64   -308.64   -308.64     0         0     -600.75    -600.75    -600.75        0             0         0.0000          0
Ed Knoblock            27    MOR    259.9   275      0.5297       644.85    -683.43   -683.43   644.85   451.94     479.5    501.55    501.55   1146.4   727.52     760.59     777.12       777.12     1923.5135    1018.8851     1-MOR-125
Anthony Echols         29    MOR    272.3   275      0.5231       -744.05   -744.05   -744.05      0     -523.59      0         0        0         0     -710.98       0           0          0             0         0.0000          0
Nathan Kennedy         30    MOR    302.0   308      0.5067       650.36    677.91    705.47    705.47   418.87    440.92    451.94    451.94   1157.4   -628.31    628.31     -650.36      628.31      1785.726     904.8274     1-MOR-140
Alex Johnson           32    MOR    302.8   308      0.5062       523.59    545.64    567.68    567.68   325.18    352.74    -369.27   352.74   920.42   551.15     584.22     600.75       600.75      1521.174     770.0183     2-MOR-140
Joshua Manly           38    MOR    357.5   SHW      0.4814       485.01    518.08     529.1     529.1   297.62    319.67    325.18    325.18   854.28   496.04     523.59      -529.1      523.59      1377.875     663.3090    1-MOR-SHW

Gavin Infantino        14    MT2R   126.7    132      0.85        -198.41   225.97    -231.48   225.97   126.76     143.3    154.32    154.32   380.29   231.48      264.55      286.6       286.6     666.8915     566.8578         0
Dominick Kimbell       16    MT2R   129.7    132     0.8301       225.97    236.99    -248.02   236.99   137.79    154.32    165.35    165.35   402.34   275.58      303.13     319.67      319.67     722.0065     599.3376         0

David Glover           14    MT2R   179.3    181     0.6251       214.95    225.97    242.51    242.51   126.76    137.79    148.81    148.81   391.32   292.11      325.18     336.2       336.2       727.518     454.7715         0

Colton Burkhart        14    MT2R   239.4    242     0.5382       325.18    336.2     -341.71    336.2   209.44    225.97    -231.48   225.97   562.17   413.36      440.92    462.97       462.97     1025.139     551.7298         0
Gavin Shinn            15    MT2R   160.6    165     0.6874       314.16    -336.2    347.22    347.22   203.93    214.95    220.46    220.46   567.68   424.39      457.45    -473.99      457.45     1025.139     704.6805         0
28-Apr-18         UPA Old School Iron Gym Spring Classic
                               BWt     WtCls   Schwartz/Ma                                  Best                                   Best      Push Pull    Coeff
        Name      Age   Div                                  Bench 1   Bench 2   Bench 3         Deadlift 1 Deadlift 2 Deadlift 3                                    Coeff Score   Pl-Div-WtCl
                               (LB)     (Lb)      lone                                     Bench                                  Deadlift     Total      Score

Keith Shinn       43    MM1R   218.4    220     0.5563       407.85    -424.39   435.41    435.41   501.55    -518.08    529.1     529.1     964.5125    243.38125    536.5583     1-MM1R-100
Travis Rossiter   31    MOR    216.5    220     0.5586       -380.29   -402.34   -402.34     0      584.22    611.78    628.31    628.31         0           0           0             0
