Wettkampfprotokoll                                                                   Länderpokal 2020 8.8. 2020

                                        Ausrichter: TS KennelbachVeranstaltungsort: Dornbirn

                                 Name               Jg.   Kg    KB     KB     KB       KB      BD      BD     BD      BD      KH      KH      KH      KH      Total   IPF-GL   Pl.
                                                          Gew   1.     2.      3.     Best     1.      2.      3.     Best    1.      2.      3.      Best            Punkte         m/w



FRAUEN
SUPAKRAFT BATMAN     SUPANETZ Pantea                90 67,7 157,5 165,0 170,0         170,0    105,0 110,0    112,5   110,0   167,5   172,5   177,5   177,5   457,5   95,806 1       w
Kraftsport Isartal   VIEHAUSER Ruth                 88 62,6 137,5 145,0 150,0         150,0     77,5   85,0    90,0    90,0   160,0   170,0   180,0   170,0   410,0   90,072 2       w
SUPAKRAFT JOKER      SCHIELER Bianca                86 82,9 162,5 170,0 175,0         175,0    105,0 110,0    110,0   105,0   180,0   190,0   195,0   190,0   470,0   89,223 3       w
OFF 1                GAPP Barbara                   81 55,8 112,5 120,0 125,0         120,0     60,0   65,0    67,5    67,5   180,0   200,0   200,0   180,0   367,5   87,612 4       w
SUPAKRAFT CATWOMAN   STICHENWIRTH Julia             98 56,9 115,0 122,5 127,5         127,5     80,0   85,0    87,5    87,5   135,0   145,0   150,0   150,0   365,0   85,729 5       w
SUPAKRAFT CATWOMAN   BIJELIC Jelena                 92 54,9 105,0 112,5 117,5         117,5     72,5   75,0    75,0    75,0   142,5   150,0   155,0   150,0   342,5   82,698 6       w
KSC Amstetten        PILWAX Sophia                  99 60,7 125,0 132,5 137,5         132,5     75,0   82,5    85,0    82,5   135,0   142,5     0,0   135,0   350,0   78,485 7       w
Intelligent Kraft    HAAS Viktoria Marie            95 74,4 117,5 125,0 130,0         130,0     67,5   72,5    75,0    75,0   125,0   132,5   140,0   140,0   345,0   68,717 8       w
Intelligent Kraft    FRITSCHE Jasmin                89 85,3 125,0 132,5 140,0         140,0     62,5   65,0    72,5    72,5   130,0   137,5   145,0   145,0   357,5   67,116 9       w
SUPAKRAFT CATWOMAN   JAGERSBERGER Kristina          98 72,2 105,0 110,0 115,0         115,0     65,0   67,5    70,0    70,0   125,0   132,5   140,0   132,5   317,5   64,200 10 w
Die 3 Musketiere     MÄDING Marina                  93 56,8 102,5 110,0 117,5         117,5     52,5   55,0    57,5    55,0    92,5   100,0   107,5   100,0   272,5   64,088 11 w
Nice Mädels          STEINER Sophie                 99 64,5     95,0 102,5 107,5      102,5     72,5   75,0    77,5    77,5   100,0   110,0   115,0   115,0   295,0   63,588 12 w
SUPAKRAFT ROBIN      DRÖXLER Stefanie               93 79,9 107,5 115,0 122,5         115,0     52,5   57,5    60,0    60,0   135,0   142,5   150,0   142,5   317,5   61,203 13 w
TS Kennelbach 3      ENGEL Melissa                  86 62,3     75,0   82,5   87,5     87,5     37,5   42,5    45,0    45,0   115,0   122,5   127,5   127,5   260,0   57,298 14 w
SUPAKRAFT ROBIN      TAVASSOLIE Sajeh               88 82,0     80,0   90,0 100,0     100,0     45,0   50,0    60,0    60,0   100,0   115,0   125,0   125,0   285,0   54,343 15 w
Nice Mädels          TOMASELLI Sarah                97 65,9     80,0   85,0   90,0     90,0     65,0   70,0    75,0    70,0    85,0    92,5   100,0    92,5   252,5   53,719 16 w
Nice Mädels          PALMIOTTO Francesca            98 75,1     92,5   97,5 100,0     100,0     52,5   57,5    60,0    57,5   100,0   110,0   115,0   110,0   267,5   53,039 17 w
SUPAKRAFT ROBIN      PRUCHA Jasmin                  87 82,4     80,0   85,0   95,0     95,0     47,5   50,0    52,5    50,0   115,0   125,0   130,0   130,0   275,0   52,332 18 w
MÄNNER
SUPAKRAFT BATMAN              HOFER Rene             97 91,9 255,0 270,0 270,0            270,0   152,5 160,0     167,5   167,5   295,0   307,5   310,0   310,0   747,5   98,359 1      m
OFF 1                         EGGER Paul             98 89,7 250,0 262,5 267,5            267,5   137,5 145,0     150,0   150,0   285,0   307,5   319,0   307,5   725,0   96,542 2      m
TS Kennelbach 1               JANDOREK Andreas       85 92,5 242,5 257,5 265,0            257,5   185,0 195,0     200,5   195,0   250,0   260,0   272,5   260,0   712,5   93,456 3      m
KSV Triumph                   BACHNER Ludwig         98 111,5 270,0 287,5  0,0            287,5   170,0 175,0     180,0   175,0   300,0   312,5   312,5   300,0   762,5   91,581 4      m
OFF 1                         POLEDNAK Andreas       89 91,4 215,0 225,0 235,0            235,0   152,5 162,5     165,0   165,0   275,0   292,5   302,5   292,5   692,5   91,366 5      m
SUPAKRAFT BATMAN              SILVA John             90 82,0 220,0 230,0 240,0            230,0   137,5 142,5       0,0   142,5   270,0   280,0   292,5   280,0   652,5   90,879 6      m
SUPAKRAFT JOKER               OBERSTOLZ Patrick      94 89,8 230,0 240,0 245,0            240,0   152,5 157,5     157,5   152,5   265,0   280,0   290,0   290,0   682,5   90,833 7      m
Kraftsport Isartal            WESTERMANN Sascha      98 105,6 225,0 235,0 247,5           247,5   177,5 185,0     195,0   195,0   250,0   280,0   300,0   280,0   722,5   88,967 8      m
SUPAKRAFT JOKER             FRANEK Julian            94 85,5 217,5 227,5 232,5            232,5   135,0 140,0     142,5   142,5   262,5   275,0   282,5   275,0   650,0   88,644 9 m
Gentlemen Agreement Powerlifting
                            KLOTZ Christian          77 104,4 235,0 242,5 250,0           250,0   195,0 202,5     211,0   211,0   240,0   255,0   270,0   255,0   716,0   88,637 10 m
KSC Amstetten                 SIMO Jan               87 73,3 205,0 215,0 222,5            222,5   122,5 127,5     132,5   127,5   240,0   250,0   260,5   250,0   600,0   88,522 11 m
Kraftsport Isartal            RAUSCHENBACH Daniel    92 108,4 235,0 247,5 260,0           260,0   175,0 185,0     195,0   185,0   250,0   270,0   290,0   270,0   715,0   86,986 12 m
Rising Powerlifters           FISCHER Dominik        03 89,2 200,0 210,0 217,5            217,5   130,0 135,0     140,0   140,0   235,0   250,0   260,0   260,0   617,5   82,455 13 m
KSC Amstetten                 REITBAUER Bernd        94 92,6 207,5 217,5 227,5            227,5   140,0 147,5     147,5   140,0   225,0   240,0   250,0   250,0   617,5   80,952 14 m
Gap -Junioren                 WÖCKL Alexander        98 78,0 190,0 202,5 207,5            202,5   125,0 132,5     140,0   140,0   200,0   220,0   227,5   220,0   562,5   80,367 15 m
KSV Triumph                   PONEDER Mario          95 93,5 210,0 220,0 230,0            220,0   140,0 150,0     150,0   150,0   230,0   242,5   247,5   242,5   612,5   79,919 16 m
Gentlemen Agreement Powerlifting
                            TOPCU Deniz              98 115,0 240,0 250,0 260,0           260,0   125,0 132,5     140,0   132,5   240,0   255,0   270,0   255,0   647,5   76,696 17 m
Die 3 Musketiere              HILPERT Martin         96 78,2 185,0 195,0 205,0            205,0   110,0 115,0     115,0   115,0   185,0   205,0   217,5   217,5   537,5   76,695 18 m
Powerlifting Verein Cross ArenaFISCHER
                                Glarnerland
                                        Sascha       92 90,6 190,0 200,0 212,5            212,5   125,0 137,5     145,0   137,5   200,0   215,0   225,0   225,0   575,0   76,192 19 m
TS Kennelbach 1             BICKER Hansueli          79 82,1 197,5 210,0 217,5            210,0   122,5 127,5     130,0   130,0   190,0   205,0   205,0   205,0   545,0   75,860 20 m
Gentlemen Agreement Powerlifting
                            TSCHENETT Julian         98 125,1 220,0 230,0 245,0           245,0   130,0 142,5     155,0   155,0   245,0   252,5   270,0   252,5   652,5   74,501 21 m
                            WETEKAM Dominic          97 105,9 192,5 210,0 225,0           225,0   132,5 140,0     145,0   145,0   235,0   235,0   235,0   235,0   605,0   74,400 22 m
TS Kennelbach 1               ROPELE Philipp         94 90,2 175,0 185,0 195,0            195,0   120,0 130,0     140,0   130,0   225,0   235,0   240,0   235,0   560,0   74,366 23 m
KSV Triumph                   HÖFINGER Florian       98 89,4 160,0 167,5 172,5            172,5   100,0 107,5     107,5   100,0   240,0   252,5   260,0   252,5   525,0   70,026 24 m
TS Kennelbach 2               KAHR Philipp           90 73,1 145,0 155,0 162,5            162,5   112,5 117,5     120,0   120,0   175,0   190,0     0,0   190,0   472,5   69,810 25 m
Gap -Junioren                 MÜHLBACHER Elias       98 81,8 135,0 147,5 155,0            155,0   110,0 120,0     125,0   125,0   200,0   212,5   220,0   220,0   500,0   69,725 26 m
Gap -Junioren                 MAIR Samuel            00 101,5 160,0 170,0 180,0           180,0   115,0 125,0     132,5   132,5   225,0   240,0   250,0   240,0   552,5   69,307 27 m
Intelligent Kraft             HASLINGER Jakob        97 72,2 150,0 165,0 172,5            165,0   115,0 125,0     130,0   125,0   170,0   175,0   180,0   175,0   465,0   69,147 28 m
Powerlifting Verein Cross ArenaEICHENBERGER
                                Glarnerland Roman    96 75,3 160,0 170,0 175,0            170,0   105,0 112,5     115,0   112,5   180,0   190,0   200,0   190,0   472,5   68,745 29 m
Die 3 Musketiere               FIEDLER Andreas       94 106,6 190,0 200,0 210,0           210,0   115,0 120,0     125,0   125,0   200,0   220,0   230,0   220,0   555,0   68,044 30 m
TS Kennelbach 2               KUGLER Uwe             86 100,6 170,0 182,5 190,0           190,0   122,5 132,5     137,5   137,5   187,5   205,0   215,0   205,0   532,5   67,080 31 m
Rising Powerlifters            GUTMAYER Bernhard     02    73,2   145,0   155,0   160,0   160,0    87,5    95,0   100,0    95,0   170,0   185,0   200,0   185,0   440,0   64,962   32   m
Rising Powerlifters            RIED Manuel           02    94,5   155,0   167,5   175,0   175,0   115,0   120,0   122,5   120,0   205,0   220,0   222,5   205,0   500,0   64,903   33   m
Powerlifting Verein Cross ArenaZETTERGREN
                                Glarnerland Niclas   01    91,4   140,0   147,5   165,0   147,5   105,0   112,5   122,5   112,5   200,0   207,5   212,5   207,5   467,5   61,680   34   m
TS Kennelbach 2                LÜCHINGER Markus      88   127,3   160,0   170,0   180,0   180,0   127,5   132,5   140,0   132,5   190,0   210,0   220,0   220,0   532,5   60,352   35   m
TS Kennelbach 3                GRAZIADEI Matthias    81   144,0   150,0   170,0   190,0   190,0   115,0   115,0   120,0   115,0   200,0   230,0   270,0   230,0   535,0   57,678   36   m
TS Kennelbach 3                BERCHTOLD Simon       97    80,8   140,0   147,5   155,0   155,0    80,0    85,0    90,0    85,0   157,5   167,5   167,5   157,5   397,5   55,779   37   m
