          16-Nov-19 UPA Raw Powerlifting Championship-Lb Results

                                     BWt      WtCls                                       Best                                 Best     Sub   Deadlift Deadlift Deadlift  Best              Coeff
       Name             Age     Div                    Wilks   Squat 1 Squat 2 Squat 3          Bench 1   Bench 2 Bench 3                                                         PL Total                 Pl-Div-WtCl
                                     (Kg)     (Kg)                                       Squat                                Bench     Total    1        2        3     Deadlift           Score
Jared Simmons           39     MORE 65.6       67.5   0.7891 -424.39 424.39 462.97       462.97 286.6      297.62   -319.67   297.62   760.59 275.58 -286.6 -286.6 275.58 1036.162         370.877         1-MORE-67.5
Kevin Smyth             42     MORE 73.4        75    0.7235 380.29 402.34 413.36        413.36 297.62     314.16    325.18   325.18   738.54 429.9 451.94 462.97 462.97 1201.507 394.3075                  1-MORE-75
Carson Parks            21     MORE 87.6        90    0.6475 573.2 611.78 633.82         633.82 363.76     380.29      0      380.29   1014.1 655.87 666.89 683.43 683.43 1697.542         498.575          1-MORE-90 *Raw Elite Best Lifter
John Dengler            38     MORE   88        90    0.6459 556.66 584.22 -600.75       584.22 330.69    -369.27   -369.27   330.69   914.91 578.71 617.29 -639.33 617.29 1532.197 448.9005                2-MORE-90
Christopher Dunlap      25     MORE   87        90    0.6499 380.29 402.34 413.36        413.36 259.04    -281.09   -281.09   259.04   672.4 451.94 501.55 512.57 512.57 1184.9725 349.32125                3-MORE-90
Garret Boecker          19     MORE 86.6        90    0.6515 325.18 352.74 -380.29       352.74 225.97     253.53   -264.55   253.53   606.27 330.69 369.27 380.29 380.29 986.5585 291.54625                4-MORE-90
Kyle Chapman            32     MORE 89.4        90    0.6406 270.06 314.16 352.74        352.74 220.46     242.51   -253.53   242.51   595.24 270.06 314.16 341.71 341.71 936.955          272.255          5-MORE-90
Trevor McKee            25     MORE 98.2       100    0.6131 518.08 551.15 -567.68       551.15 286.6      303.13   -319.67   303.13   854.28 529.1 567.68 -578.71 567.68 1421.967 395.4495                1-MORE-100
Rob Whitley             31     MORE 106        110    0.5956 595.24 617.29 622.8         622.8 369.27      380.29   -391.32   380.29   1003.1 551.15 -562.17       0     551.15 1554.243   419.898         1-MORE-110
Austin Bunz             27     MORE 107        110    0.5937 512.57 529.1 551.15         551.15 -336.2     336.2    -358.25   336.2    887.35 606.27 639.33        0     639.33 1526.6855 411.13725        2-MORE-110
Dorian Rettmann         23    MOR-AD 89.2       90    0.6413 485.01 501.55 529.1         529.1 325.18     -341.71   -341.71   325.18   854.28 -451.94 -485.01 -485.01       0        0        0                 0
Tyler Lundy (AD)        27    MOR-AD 100       100    0.6086 473.99 501.55 -523.59       501.55 314.16    -325.18   -325.18   314.16   815.7 534.62 556.66 -578.71 556.66 1372.3635 378.8535               1-MOR-AD-100
Eric Reeder             29    MOR-AD 105.6     110    0.5964 529.1 -551.15 -584.22       529.1 330.69      358.25      0      358.25   887.35 418.87      0        0     418.87 1306.2255 353.367          1-MOR-AD-110
Jhonny Servellon (AD)   32    MOR-AD 108       110    0.5919 424.39 462.97 -501.55       462.97 270.06    -292.11   -292.11   270.06   733.03 418.87 440.92 -462.97 440.92 1173.9495 315.18675             2-MOR-AD-110

Jacob Chiodo            35 MOR-AD 105.2       110     0.5972   363.76 -385.81 -385.81 363.76 336.2 -341.71 -341.71             336.2   699.96 363.76 385.81 407.85 407.85          1107.8115    300.093    3-MOR-AD-110
Josh Smith              36  MOR 65.2          67.5    0.7932   225.97 231.48 -242.51 231.48 214.95 225.97 -231.48             225.97   457.45 281.09 319.67 347.22 347.22           804.679     289.518    1-MOR-67.5
Shaddy Ziadeh           32  MOR    74          75     0.7193   473.99 507.06 -534.62 507.06 303.13 -314.16 -314.16            303.13   810.19 485.01 518.08 529.1     529.1        1339.2945   436.97475    1-MOR-75
Cole Weber              29  MOR 72.4           75     0.7307   297.62 319.67 341.71 341.71 170.86 181.88 192.9                 192.9   534.62 396.83 418.87 440.92 440.92          975.5355    323.33475    2-MOR-75
Carsen Kuesel           28  MOR 80.2          82.5    0.6816   485.01 501.55 -507.06 501.55 292.11 303.13 -314.16             303.13   804.68 485.01 -501.55 -501.55 485.01        1289.691     398.736    1-MOR-82.5
Marcus Dummermuth       26  MOR 78.4          82.5    0.6916   264.55 286.6 -303.13 286.6 137.79 143.3 148.81                 148.81   435.41 363.76 385.81 407.85 407.85          843.2595     264.537    2-MOR-82.5
Jeramy Ingle            31  MOR    89          90     0.6421   722.01 -766.1 -799.17 722.01 347.22 374.78 391.32              391.32   1113.3 650.36 688.94 -699.96 688.94         1802.2605   524.91675    1-MOR-90 *Raw Best Lifter
Randy Shramek           32  MOR 89.2           90     0.6413   534.62 -584.22 584.22 584.22 413.36 -440.92 -440.92            413.36   997.58 507.06 540.13 556.66 556.66          1554.243    452.1165     2-MOR-90
Nate Miller             20  MOR 89.4           90     0.6406   468.48 507.06 534.62 534.62 352.74 385.81 391.32               391.32   925.93 473.99 490.52 523.59 523.59          1449.5245   421.1945     3-MOR-90
Michael Richard         23  MOR    86          90     0.654    424.39 451.94 473.99 473.99 275.58 297.62 -308.64              297.62   771.61 485.01 507.06 529.1     529.1        1300.714     385.86      4-MOR-90
Mitchell Phillips       30  MOR 89.4           90     0.6406   507.06 534.62 -556.66 534.62 275.58 292.11 -308.64             292.11   826.73 407.85 429.9 462.97 462.97           1289.691     374.751     5-MOR-90
Josh Hale               33  MOR 88.8           90     0.6428   407.85 -429.9 429.9    429.9 253.53 275.58 -297.62             275.58   705.47 418.87 440.92 -462.97 440.92         1146.392     334.256     6-MOR-90
Matt Braund             41  MOR 88.2           90     0.6451   374.78 -391.32 402.34 402.34 -209.44 -209.44 209.44            209.44   611.78 352.74 363.76 -385.81 363.76         975.5355    285.45675    7-MOR-90
Jonathan Kirst          24  MOR 86.4           90     0.6523   319.67 352.74 -380.29 352.74 170.86 -198.41 -198.41            170.86   523.59 -440.92 -440.92 -440.92   0              0           0           0
Aaron Nance             40  MOR 96.6          100     0.6174   562.17 584.22 606.27 606.27 303.13 325.18 352.74               352.74    959    661.38 688.94 710.98 710.98         1669.9845   467.6805    1-MOR-100
Jordan Michalek         25  MOR    97         100     0.6163   551.15 600.75 -633.82 600.75 407.85 429.9 -446.43               429.9   1030.7 606.27 628.31 -639.33 628.31         1658.9615   463.76575   2-MOR-100
Jon Sodawasser          26  MOR 95.6          100     0.6203   540.13 584.22 606.27 606.27 358.25 391.32 -402.34              391.32   997.58 507.06 545.64 573.2     573.2        1570.7775   441.96375   3-MOR-100
Matt Teijido            28  MOR 97.2          100     0.6158   457.45 512.57 540.13 540.13 336.2 363.76 -385.81               363.76   903.89 584.22 -622.8 622.8     622.8        1526.6855   426.4415    4-MOR-100
Fred Barnabe            32  MOR 98.8          100     0.6116   501.55 534.62 562.17 562.17 303.13 325.18 341.71               341.71   903.89 540.13 573.2 600.75 600.75           1504.6395    417.417    5-MOR-100

Tyler Lundy             27     MOR     100     100    0.6086 473.99 501.55 -523.59       501.55 314.16 -325.18      -325.18   314.16   815.7    534.62 556.66     -578.71   556.66 1372.3635 378.8535      6-MOR-100
Matthew Johnson         26     MOR     97.4    100    0.6152 440.92 479.5 501.55         501.55 264.55 281.09       -292.11   281.09   782.63   507.06 545.64      562.17   562.17 1344.806   375.272      7-MOR-100
Isaac Hiebert           20     MOR     91.8    100    0.6321 462.97 490.52 -501.55       490.52 242.51 -253.53      -253.53   242.51   733.03   473.99 501.55     -507.06   501.55 1234.576   353.976      8-MOR-100
Cody Jasper             29     MOR    99.4     100    0.6101 617.29 639.33 650.36        650.36 -396.83 -396.83     -396.83     0        0        0       0          0        0        0         0             0
Andrew Sharp            36     MOR     100     100    0.6086 -440.92 -440.92 -440.92       0       0       0           0        0        0        0       0          0        0        0         0             0
Andrew Schinske         29     MOR    107.8    110    0.5923 672.4 -727.52 760.59        760.59 462.97 -485.01         0      462.97   1223.6   672.4 727.52      -755.08   727.52 1951.071 524.1855       1-MOR-110
William Slocum          27     MOR    108.4    110    0.5912 600.75 633.82 655.87        655.87 429.9      0           0      429.9    1085.8   699.96 -738.54    -738.54   699.96 1785.726   478.872      2-MOR-110

Matt Lindell            33     MOR     109     110    0.5902   595.24 644.85 -661.38 644.85     402.34    429.9 -451.94 429.9          1074.7   562.17   606.27   633.82    633.82 1708.565   457.405      3-MOR-110
Antonio Lama            23     MOR    109.4    110    0.5895   600.75 -650.36 -666.89 600.75    385.81    402.34 424.39 424.39         1025.1   573.2    617.29   633.82    633.82 1658.9615 443.59875     4-MOR-110
Josh Kosier             27     MOR    105.8    110    0.596    440.92 485.01 512.57 512.57      435.41    473.99 -501.55 473.99        986.56   551.15   584.22   600.75    600.75 1587.312   429.12       5-MOR-110
Spenser Nagel       32   MOR   104.6   110    0.5984   562.17 584.22 600.75       600.75 319.67 347.22     -358.25   347.22   947.98   562.17 -617.29 617.29      617.29 1565.266   424.864     6-MOR-110
Patrick Little      25   MOR   105.8   110    0.596    507.06 534.62 540.13       540.13 325.18 347.22      358.25   358.25   898.37   606.27 633.82 644.85       644.85 1543.22     417.2      7-MOR-110
Jacob Nesemeier     25   MOR   107.2   110    0.5933   407.85 435.41 462.97       462.97 314.16 330.69     -352.74   330.69   793.66   518.08 540.13 567.68       567.68 1361.3405 366.36275    8-MOR-110
Jhonny Servellon    32   MOR    108    110    0.5919   424.39 462.97 -501.55      462.97 270.06 -292.11    -292.11   270.06   733.03   418.87 440.92 -462.97      440.92 1173.9495 315.18675    9-MOR-110
Ryan Miller         31   MOR    108    110    0.5919   584.22 -606.27 -606.27     584.22 -319.67 -319.67   -319.67     0        0        0       0      0           0        0         0            0
Cody Haenitsch      30   MOR    124    125    0.5708   633.82 661.38 -683.43      661.38 385.81 402.34     -413.36   402.34   1063.7   617.29 661.38 -688.94      661.38 1725.0995 446.651      1-MOR-125

Tye Ekquist         23   MOR   116.6   125    0.579    418.87   440.92 -473.99 440.92      308.64 -325.18 -325.18 308.64      749.56   446.43   485.01   518.08   518.08   1267.645   332.925   2-MOR-125

Matthew Lim         26   MOR   138.2   140    0.5599   777.12   826.73   854.28   854.28   418.87   440.92 -451.94 440.92     1295.2   710.98   755.08 -804.68 755.08      2050.278   520.707   1-MOR-140


Marvin Harrington   38   MOR   138     140    0.56     755.08 -810.19 810.19      810.19   440.92 -473.99 -473.99 440.92      1251.1   650.36   722.01     0      722.01   1973.117    501.2    2-MOR-140

Skyler Brandt       20   MOR    159    SHW    0.5487 826.73 881.84 -914.91 881.84 418.87 440.92            -468.48   440.92   1322.8   771.61 -826.73 -826.73     771.61 2094.37    521.265 1-MOR-SHW
Alex Kauffman       25   MOR   168.4   SHW    0.544 661.38 710.98 749.56 749.56 374.78 407.85               440.92   440.92   1190.5   551.15 611.78 639.33       639.33 1829.818   451.52 2-MOR-SHW
Matt Berry          45   MO     88.6     90   0.6436 -705.47 -766.1 766.1  766.1 446.43 485.01             -501.55   485.01   1251.1   551.15 584.22 -655.87      584.22 1835.3295 535.797     1-MO-90
Kyle Esch           35   MO      89      90   0.6421 545.64 556.66 567.68 567.68 -374.78 -374.78            374.78   374.78   942.47   545.64 584.22 -606.27      584.22 1526.6855 444.65425   2-MO-90
Nate Yelton         28   MO    124.4    125   0.5704 920.42 -986.56   0    920.42 622.8 -661.38               0      622.8    1543.2   600.75 644.85 -666.89      644.85 2188.0655 566.122    1-MO-125 *Equipped Best Lifter
            17-Nov-19 UPA Power Weekend-Lb Results
                                      BWt    WtCls                                       Best                                  Best    Sub      Deadlift   Deadlift   Deadlift    Best                  Coeff
        Name           Age     Div                    Wilks   Squat 1 Squat 2 Squat 3             Bench 1 Bench 2 Bench 3                                                                   PL Total              Pl-Div-WtCl
                                      (Kg)   (Kg)                                        Squat                                Bench    Total      1          2          3        Deadlift               Score
Mayra Guzman           28    FORE-AD 74.2     75      0.67 -165.3 176.4 -192.9 176.4 88.18 99.21 104.7 104.7 281.1 242.5 -275.6 -275.6 242.5 523.5925 159.1487                                                    1-FORE-AD-75
Brittnie Mason         29    FORE-AD 89.4     90     0.588 226     237   248    248 132.3 143.3 -148.8 143.3 391.3 248 264.6 275.6 275.6 666.8915 177.7792                                                        1-FORE-AD-90
Kim Sarik              54     FM3RE   79.6   82.5    0.6352 -203.93 214.95      220.46   220.46   110.23 -121.25 -121.25 110.23        330.69   225.97     231.48     248.02     248.02     578.7075    166.74     1-FM3RE
Shienne Wittwer        22     FJRE    87.4    90     0.596     209.4    220.5   -242.5   220.5     115.7   -126.8    126.8    126.8    347.2    209.4      220.5       242.5     242.5      589.7305    159.43      1-FJRE
Courtney Hanson        32     FORE    59.6    60     0.819    -264.6   -264.6    264.6   264.6    -143.3   -143.3    143.3    143.3    407.9    303.1      319.7       341.7     341.7       749.564    278.29    1-FORE-60 *Raw Elite Best Lifter
Miranda Good           27     FORE     59     60     0.827      226     242.5    -259    242.5    -126.8   -126.8   -126.8      0        0        0          0           0         0            0          0           0
Julie Petak            24     FORE     73     75     0.679     264.6    281.1    292.1   292.1     126.8   -132.3    132.3    132.3    424.4    358.2      374.8      -402.3     374.8      799.1675   246.1012   1-FORE-75
Tasha Whitley          27     FORE    81.4   82.5    0.625     242.5    253.5    264.6   264.6     104.7    115.7    121.3    121.3    385.8    281.1      303.1       319.7     319.7       705.472    200.0321-FORE-82.5
Mariah Knop            27     FORE     76    82.5    0.658     214.9    231.5    253.5   253.5     104.7   -126.8   -126.8    104.7    358.2    286.6      319.7      -330.7     319.7      677.9145   202.24272-FORE-82.5
Alayna Beckham         25     FORE    78.8   82.5     0.64     220.5     237     253.5   253.5     121.3   -132.3   -143.3    121.3    374.8    242.5      264.6       286.6     286.6       661.38     191.97 3-FORE-82.5
Emi Zook               16     FORE    78.8   82.5    0.6399   170.86   187.39   209.44   209.44   126.76   143.3    -148.81   143.3    352.74   264.55     281.09     -286.6     281.09     633.8225 183.97125 4-FORE-82.5
Stephanie Dolan        38     FORE     89     90     0.589 148.8 170.9 192.9 192.9 104.7 110.2 115.7 115.7 308.6 209.4 220.5 237     237 545.6385 145.8517 1-FORE-90
Kathy Criswell         31     FORE    134    SHW      0.51 203.9 -220.5 220.5 220.5 126.8 -137.8 -137.8 126.8 347.2 248 286.6 314.2 314.2 661.38 153.12 1-FORE-SHW
Rebecca Roberts
                       42     FM1R    81.4   82.5    0.6251   462.97   496.04   518.08   518.08   242.51   286.6    -303.13   286.6    804.68   462.97     501.55     523.59     523.59 1328.2715 376.62275         1-FM1R
(WM)
Sarah MacFarland 42           FM1R    75.4   82.5    0.662     192.9    220.5    242.5   242.5    132.3     148.8   -154.3    148.8    391.3     253.5      270.1     -303.1     270.1       661.38     198.51  2-FM1R
Vicki Lindell (WM) 41         FM1R    65.2   67.5    0.749     198.4     226      237     237     115.7    -121.3   -121.3    115.7    352.7     187.4      214.9     -231.5     214.9      567.6845    192.919 3-FM1R
Sara Lomelino       43        FM1R    53.6    56     0.919     126.8    148.8   -159.8   148.8    88.18      93.7   -104.7     93.7    242.5     181.9      203.9      214.9     214.9      457.4545    190.651 4-FM1R
Brittany Metzner (SM)35       FSMR    79.6   82.5    0.635     385.8    407.9    429.9   429.9    214.9     220.5   -231.5    220.5    650.4     374.8     -402.3     -402.3     374.8      1025.139    295.368 1-FSMR
Amy Bohl            37        FSMR     66    67.5    0.741     275.6   -325.2   -325.2   275.6    192.9     203.9    220.5    220.5     496      314.2      336.2      352.7     352.7       848.771    285.208 2-FSMR
Abel Fincher        23         FJR    65.6   67.5    0.745     209.4     226    -242.5    226     115.7     137.8   -154.3    137.8    363.8     220.5       248       275.6     275.6       639.334    216.05   1-FJR
Taylor Bjork        23         FJR     80    82.5    0.633    -242.5    242.5    253.5   253.5    126.8     137.8   -143.3    137.8    391.3      248       264.6      292.1     292.1       683.426    196.199  2-FJR
Payton McHone       18        FT3R    71.8    75     0.688     325.2   -341.7   -341.7   325.2    110.2     121.3   -132.3    121.3    446.4    -264.6      264.6     -275.6     264.6      710.9835   221.9445 1-FT3R
Aubrie Harrington      16      FT2R    55     56     0.8924   181.88   209.44 -236.99 209.44      82.673 -93.696 -93.696 82.673        292.11   231.48 -270.06 270.06            270.06      562.173    227.562     1-FT2R
Samantha Quillen       17     FT2R     91    SHW     0.582 110.2 126.8 154.3 154.3 82.67 -93.7 -93.7 82.67 237 203.9 237 -275.6                                                   237        473.989 125.0225      2-FT2R
Olivia Compas          14     FT1R    58.6    60     0.833 198.4 -226 -226 198.4 88.18 -99.21 -99.21 88.18 286.6 176.4 214.9 237                                                  237       523.5925 197.8375      1-FT1R
Andrea Romero          26      FOR    55.8    56     0.8782   314.16   341.71   369.27   369.27   154.32 -187.39 187.39       187.39   556.66   314.16     352.74     369.27     369.27      925.932    368.844    1-FOR -56
Jaime Kuenzi           35     FOR     54.6    56      0.9   226    237   259   259 132.3 148.8 -154.3 148.8 407.9 226 242.5 253.5 253.5 661.38 269.94 2-FOR -56
Dolores Estrada        31     FOR     59.5    60      0.82 -253.5 270.1 292.1 292.1 148.8 -159.8 -159.8 148.8 440.9 303.1 330.7 336.2 336.2 777.1215 289.0147 1-FOR -60
Chloe Lansing          28     FOR     67.2   67.5    0.729 485 -512.6 512.6 512.6 209.4 220.5 226        226 738.5 485 518.1      0   518.1 1256.622 415.359 1-FOR -67.5 *Raw Best Lifter
Vicki Lindell (Open)   41      FOR    65.2   67.5    0.7492   198.41   225.97   236.99   236.99   115.74 -121.25 -121.25 115.74        352.74   187.39     214.95 -231.48 214.95            567.6845    192.919   2-FOR -67.5
Caitlin Sullivan    28        FOR     71.8    75     0.688      474    -512.6   -512.6    474     214.9    -231.5   -231.5    214.9    688.9    435.4       -485         0       435.4      1124.346    350.982   1-FOR -75
Kelsey Paskert      29        FOR     71.6    75      0.69     363.8    407.9   -429.9   407.9    198.4    -214.9    214.9    214.9    622.8    374.8       402.3      424.4     424.4      1047.185    327.655   2-FOR -75
Krystal Cary        35        FOR     72.6    75     0.682     413.4    424.4    435.4   435.4    231.5     -237     -237     231.5    666.9    281.1       314.2      330.7     330.7      997.5815    308.605   3-FOR -75
Erika Runge         32        FOR     73.4    75     0.676     308.6    330.7    352.7   352.7    137.8     154.3    170.9    170.9    523.6    347.2       374.8     -402.3     374.8      898.3745    275.47    4-FOR -75
Nikki Weber         32        FOR      73     75     0.679    -253.5    253.5    264.6   264.6    126.8     137.8   -143.3    137.8    402.3    264.6      -275.6     -275.6     264.6      666.8915   205.3672   5-FOR -75
Rebecca Roberts (Open)
                    42        FOR     81.4   82.5    0.625      463      496     518.1   518.1    242.5     286.6   -303.1    286.6    804.7     463        501.5      523.6     523.6      1328.271   376.6227   1-FOR -82.5
Brittany Metzner (Open)
                    35        FOR     79.6   82.5    0.635     385.8    407.9    429.9   429.9    214.9     220.5   -231.5    220.5    650.4    374.8      -402.3     -402.3     374.8      1025.139    295.368   2-FOR -82.5
Noemi Munoz         24        FOR     82.5   82.5    0.619     220.5    270.1   -303.1   270.1    99.21     115.7    126.8    126.8    396.8     237        281.1     -308.6     281.1      677.9145   190.4347   3-FOR -82.5
Katie Jo Ramirz     31        FOR      82    82.5    0.622     203.9     237     -259     237     115.7    -132.3   -132.3    115.7    352.7    209.4        226        248       248       600.7535   169.4677   4-FOR -82.5
Kylee Tyer          26        FOR      80    82.5    0.633     192.9    209.4    231.5   231.5     93.7    -104.7   -104.7     93.7    325.2    203.9       242.5      270.1     270.1       595.242    170.883   5-FOR -82.5
Monique Torra       34        FOR      78    82.5    0.645     176.4   -203.9   -203.9   176.4    88.18     99.21    104.7    104.7    281.1    176.4       198.4      220.5     220.5      501.5465    146.692   6-FOR -82.5
Ellie Taylor        24    FOR     85.8    90    0.603     170.9      198.4     220.5     220.5      99.21      110.2     121.3     121.3     341.7       248       275.6     -303.1   275.6     617.288     168.868   1-FOR -90
Lauren Black        29    FOR     85.8    90    0.603    -214.9     -214.9    -214.9       0          0          0         0         0         0          0          0          0       0          0           0          0
Arielle Gallione    28    FOR     99.4   SHW    0.556     369.3      402.3     413.4     413.4      165.3      176.4    -187.4     176.4     589.7      336.2      358.2      380.3   380.3     970.024     244.42    1-FOR -SHW
Deanna Posey        50    FOR     93.6   SHW    0.572     110.2      132.3     148.8     148.8      126.8      132.3     143.3     143.3     292.1      214.9       237        259     259      551.15      143.075   2-FOR -SHW
Taylor Haney        26    FOR     155    SHW    0.488    -545.6     -545.6    -545.6       0          0          0         0         0         0          0          0          0       0          0           0           0
Jennifer Martinez (SM)
                    39 FSMR-AD    66.8   67.5   0.733    -286.6     -292.1     319.7     319.7      121.3      143.3    -165.3     143.3      463       347.2      380.3     -391.3   380.3    843.2595    280.2577   1-FSMR-AD
April Evans (SM)    39 FSMR-AD    80.4   82.5   0.631     242.5      253.5      259       259       148.8      159.8     165.3     165.3     424.4      303.1      314.2     -330.7   314.2     738.541    211.2845   2-FSMR-AD
Cecy Supanchick (SM)37 FSMR-AD     81    82.5   0.627    -242.5      242.5      259       259       148.8      159.8    -165.3     159.8     418.9      253.5      270.1      292.1   292.1    710.9835    202.3042   3-FSMR-AD
Dolores Estrada AD 31 FOR-AD      59.5    60     0.82    -253.5      270.1     292.1     292.1      148.8     -159.8    -159.8     148.8     440.9      303.1      330.7      336.2   336.2    777.1215    289.0147   1-FOR-AD-60
Jennifer Martinez (Open)
                    39 FOR-AD     66.8   67.5   0.733    -286.6     -292.1     319.7     319.7      121.3      143.3    -165.3     143.3      463       347.2      380.3     -391.3   380.3    843.2595    280.2577   1-FOR-AD-67.5
Krystal Cary (AD)   35 FOR-AD     72.6    75    0.682     413.4      424.4     435.4     435.4      231.5      -237      -237      231.5     666.9      281.1      314.2      330.7   330.7    997.5815     308.605   1-FOR-AD-75
Daloris Sylvester   27 FOR-AD     74.8    75    0.666     341.7     -352.7    -352.7     341.7      181.9     -198.4    -198.4     181.9     523.6      352.7      374.8     -391.3   374.8    898.3745    271.3542   2-FOR-AD-75
April Evans (Open) 39 FOR-AD      80.4   82.5   0.631     242.5      253.5      259       259       148.8      159.8     165.3     165.3     424.4      303.1      314.2     -330.7   314.2     738.541    211.2845   1-FOR-AD-82.5
Cecy Supanchick (Open)
                    37 FOR-AD      81    82.5   0.627    -242.5      242.5      259       259       148.8      159.8    -165.3     159.8     418.9      253.5      270.1      292.1   292.1    710.9835    202.3042   2-FOR-AD-82.5
Frank Jackson       56 MM4RE-AD   97.8    100    0.56     402.3      424.4    -435.4     424.4      275.6     -303.1    -303.1     275.6      700       440.9      468.5     -501.5   468.5    1168.438     296.641   1-MM4RE-AD
Jeff Mensinger      54 MM3RE-AD   73.4    75    0.676     330.7      385.8     407.9     407.9       248      -270.1     270.1     270.1     677.9      374.8      407.9      424.4   424.4     1102.3        338     1-MM3RE-AD
Connor Hall         34 MSMRE      137     140   0.507     407.9      435.4      463       463       363.8      385.8     402.3     402.3     865.3      440.9      501.5      523.6   523.6    1388.898     319.095   1-MSMRE
Michael Sarik       12   MT1RE    86.6    90     0.6      148.8      170.9     187.4     187.4      82.67      99.21    -110.2     99.21     286.6      165.3      176.4      192.9   192.9    479.5005    130.3912   1-MT1RE
Matt Dennis         23   MJRE     88.8    90     0.59      463       501.5    -529.1     501.5      330.7     -341.7     347.2     347.2     848.8      551.2      600.8      617.3   617.3    1466.059    392.4165    1-MJRE
Jeff Doyle          52   MM3R     119     125   0.528     396.8      418.9     440.9     440.9      270.1      286.6     303.1     303.1     744.1      407.9      424.4      435.4   435.4    1179.461    282.4265    1-MM3R
Mark DeSpain     53    MM3R       120    125    0.527    418.874    440.92    -468.478   440.92     -281.087 281.087 -314.156 281.087        722.007    418.874    435.409 -446.432 435.409     1157.415    276.675     2-MM3R

Bruce Sabel      43    MM1R       99.8   100    0.555 413.4 440.9              -463      440.9       259      286.6 -314.2 286.6 727.5 451.9 507.1 518.1 518.1 1245.599 313.2925                                       1-MM1R
Matthew Taylor   39    MSMR       78.4   82.5   0.6424   325.1785   341.713   369.2705   369.2705   176.368   187.391   -198.414   187.391   556.6615   391.3165   418.874   440.92   440.92    997.5815    290.686      1-MSMR
Noah Heathcott   21  MJR    80.8         82.5   0.628 407.9 440.9 -457.5 440.9 253.5 -270.1 -270.1 253.5 694.4 451.9 474 501.5 501.5 1195.995 340.907   1-MJR
Carter Bruce     17  MT2R   100          110    0.554 468.5 523.6 551.2 551.2 281.1 314.2 -336.2 314.2 865.3 479.5 -523.6 545.6 545.6 1410.944 354.304 1-MT2R
Eric Carson      44 MM1R-AD 121          125    0.526 303.1 319.7   0    319.7 226 253.5      0    253.5 573.2 402.3 429.9  0   429.9 1003.093 239.33 1-MM1R-AD
17-Nov-19          UPA Power Weekend-Lb Results
                              BWt      WtCls                                     Best Deadlift Deadlift Deadlift  Best    Push Pull    Coeff
        Name       Age    Div                   Wilks   Bench 1 Bench 2 Bench 3                                                                  Pl-Div-WtCl
                              (Kg)     (Kg)                                     Bench    1        2        3     Deadlift   Total      Score
Christine Wilson   43    FM1R 119.6    SHW     0.5274   148.81   159.83 -176.37 159.83 314.16 330.69 341.71 341.71 501.5465           119.9835    1-FM1R
Billy Boyce (IM)   69    MM6R 89.2      90     0.5885   55.115     0       0    55.115 55.115     0        0     55.115    110.23      29.425     1-MM6R

Jacob Stratton     32    MOR    98.2    100    0.5586   374.78   391.32   407.85   407.85   666.89   694.45 722.01 722.01 1129.8575 286.2825     1-MOR-100
Chris Blair        36    MO     110     110    0.5365   330.69   347.22   363.76   363.76   385.81   424.39 -440.92 424.39 788.1445 191.79875     1-MO-110
16-Nov-19            UPA Power Weekend-Lb Results
                                BWt       WtCls                                          Best       Coeff
       Name          Age    Div                   Schwartz   Bench 1 Bench 2 Bench 3                         Pl-Div-WtCl
                                (Kg)      (Kg)                                          Bench       Score
Clint Jensen          55   MM4R 138.4      140    0.5051      336.2 -358.25 358.25     358.2475   82.07875    1-MM4R
Lonnie Dickinson (MM) 50   MM3R 154.8     SHW     0.4881      529.1 567.68 584.22       584.219   129.3465    1-MM3R
Jeremiah Johnson (MM) 43   MM1R 109.8      110    0.5367     490.52 512.57 529.1        529.104    128.808    1-MM1R

Brian Yelton         52 MM3R-AD106.8       110    0.5408     363.76 -385.81 -385.81    363.759     89.232    1-MM3R-AD
John Duggan          38  MOR 97.6          100    0.5602     418.87 440.92 -451.94      440.92     112.04    1-MOR-100

Jeremiah Johnson     43    MOR    109.8    110    0.5367     490.52   512.57   529.1   529.104    128.808    1-MOR-110

Matt Houser          35    MOR    108.6    110    0.5382 -435.41 -457.45 -457.45           0          0         0
Micah Borop          24    MOR    114.8    125    0.5316 407.85 -435.41 -435.41         407.851     98.346  1-MOR-125
Lonnie Dickinson     50    MOR    154.8   SHW     0.4881 529.1 567.68 584.22            584.219   129.3465 1-MOR-SHW *Best Lifter
Cliff Linne          58    MM4    132.2    140    0.5124 479.5      0       0          479.5005    111.447    1-MM4

Tom Fox              66    MM6R    75      75     0.6645     198.41   220.46 -242.51    220.46     66.45      1-MM6R
