     Petr Kravtsov (Ukraine)                                                                                                                     www.kondraschow.de
      7-й Кубок России по силовому троеборью
         02-04.10.1996г.   СК «Анненки»    г. Калуга
    52 кг
1   Чоповский        Ярослав 62 50,10      мсмк Саха             200,0   210,0   220,0   105,0   110,0   112,5 200,0 215,0 225,0 535,0
2   Горбунов         Вячеслав 75 51,55     мс   Омск             170,0   185,0   190,0   100,0   107,5   122,5 180,0 200,0 213,0 497,5
3   Артемьев         Игорь      71 51,60   мс   Глазов           142,5   155,0   155,0   102,5   107,5   107,5 165,0 182,5 182,5 422,5
4   Смирнов          Дмитрий 79 51,80           Камышин          167,5   185,0   185,0   107,5   120,0   120,0                    0,0
    56 кг
1   Мухаматьянов Фаниль         72 54,55   мсмк Уфа              180,0   190,0   200,0   110,0   120,0   120,0   165,0   170,0   175,0   480,0
2   Соколов          Николай    79 55,30   мс   Москва           170,0   170,0   170,0   85,0    85,0    95,0    160,0   170,0   175,0   425,0
3   Соцков           Михаил     80 55,90   кмс  Сухиничи         125,0   135,0   140,0   75,0    80,0    85,0    132,5   142,5   147,5   367,5
4   Лебедев          Анатолий 73 52,20          Иваново          130,0   137,5   137,5   75,0    82,5    87,5    130,0   142,5   155,0   355,0
5   Артемьев         Олег       71 54,75        Глазов           160,0   -       160,0                                                    0,0
    60 кг
1   Питаев           Геннадий 72 59,90     мсмк Екатеринбург     180,0   190,0   190,0   135,0   142,5   -       200,0   212,5   217,5   545,0
2   Малягов          Владимир 77 59,40     мс   Красноярск       205,0   217,5   225,0   110,0   115,0   120,0   170,0   185,0   190,0   530,0
3   Руденко          Иван       58 59,60   мс   Калуга           182,5   192,5   197,5   115,0   120,0   122,5   192,5   205,0   210,0   522,5
4   Зудин            Константин 73 59,90        Москва           170,0   177,5   180,0   140,0   145,0   145,0   180,0   190,0   200,0   520,0
5   Дудник           Дмитрий 78 59,20           Череповец        180,0   180,0   195,0   110,0   120,0   120,0   190,0   205,0   215,0   510,0
6   Гуляев           Александр 80 58,95         Ливны            190,0   195,0   195,0   120,0   122,5   122,5   190,0   200,0   210,0   500,0
7   Жуков            Алексей    80 59,40        Москва           180,0   192,5   197,5   105,0   112,5   112,5   170,0   185,0   192,5   482,5
    67,5 кг
1   Долгов           Евгений    76 66,70   мсмк Л.-Кузнецкий     230,0   245,0   250,0   135,0   142,5   147,5   242,5   250,0   265,0   647,5
2   Осипов           Сергей     64 67,40   мсмк Ульяновск        230,0   237,5   240,0   145,0   150,0   -       252,5   257,5   -       640,0
3   Невейков         Алексей    66 67,40   мс   Ярославль        220,0   235,0   240,0   160,0   165,0   167,5   215,0   225,0   225,0   617,5
4   Нефедов          Алексей    76 65,95        Рузаевка         220,0   230,0   235,0   120,0   125,0   127,5   240,0   250,0   250,0   595,0
5   Любимов          Сергей     73 66,10        Кондрово         220,0   230,0   230,0   135,0   140,0   145,0   215,0   225,0   230,0   585,0
6   Хабаров          Алексей    75 67,20        Новочебоксарск   195,0   205,0   207,5   130,0   137,5   142,5   220,0   232,5   240,0   582,5
7   Погорелов        Виталий    76 67,10        Обнинск          170,0   180,0   190,0   120,0   130,0   135,0   200,0   210,0   220,0   530,0
8   Свидлер          Алексей    81 67,50        Бежецк           170,0   175,0   177,5   97,5    105,0   107,5   165,0   175,0   180,0   460,0
9   Королев          Валерий 71 65,05           Тула             175,0   175,0   175                                                      0,0
    75 кг
1   Баранов          Виктор     67 69,60   мсмк Владимирск       280,0   290,0   290,0   152,5   157,5   162,5   280,0   292,5   307,5   740,0
2   Немцев           Алексей    75 75,00   мсмк Йошкар-Ола       280,0   290,0   295,0   170,0   177,5   182,5   250,0   262,5   272,5   740,0
3   Фуражкин         Виктор     69 73,60   мсмк Сыктывкар        255,0   265,0   280,0   160,0   170,0   177,5   260,0   260,0   282,5   717,5
4   Глубоких         Владимир 70 74,90          Красноярск       240,0   250,0   257,5   147,5   152,5   157,5   265,0   287,5   290,0   702,5
5   Смирнов          Михаил     70 75,00        Владимир         270,0   270,0   277,5   180,0   187,5   190,0   230,0   242,5   250,0   700,0
6   Евстратенко      Дмитрий 74 71,80           Новосибирск      250,0   260,0   260,0   170,0   170,0   172,5   257,5   265,0   265,0   677,5
7   Ушаков           Сергей     74 69,10        Орел             250,0   250,0   265,0   160,0   170,0   180,0   230,0   255,0   255,0   675,0
8   Гордеев          Сергей     75 74,45        С.-Петербург     265,0   275,0   275,0   160,0   165,0   165,0   250,0   275,0   275,0   675,0

     Petr Kravtsov (Ukraine)                                                                                                                     www.kondraschow.de
     Petr Kravtsov (Ukraine)                                                                                                                    www.kondraschow.de
 9   Новокрещенов   Владислав   74   73,20      Челябинск       240,0   250,0   255,0   160,0   170,0   172,5   210,0   220,0   225,0   650,0
10   Руденко        Олег        66   74,50      Уфа             220,0   230,0   240,0   150,0   155,0   160,0   240,0   250,0   255,0   650,0
11   Трофимов       Олег        75   73,00      Н.Брянь         230,0   240,0   247,5   125,0   130,0   130,0   257,5   270,0   270,0   630,0
12   Кузин          Николай     56   74,50      Обнинск         235,0   242,5   247,5   140,0   145,0   145,0   225,0   237,5   -       630,0
13   Ульянов        Михаил      64   73,70      Волгодонск                              137,5   140,0   140,0
14   Чадков         Владимир    72   74,80      Челябинск                               185,0   190,0   195,0
     82,5 кг
 1   Коротченков    Александр   60   82,50 мсмк Суземка         290,0   295,0   300,0   185,0   190,0   195,0   285,0   290,0   292,5   780,0
 2   Ночной         Сергей      67   81,30 мсмк Смоленск        280,0   295,0   302,5   190,0   200,0   210,0   270,0   270,0   280,0   775,0
 3   Тарасенко      Андрей      75   81,55 мсмк Боготол         280,0   290,0   295,0   190,0   200,0   205,0   270,0   280,0   285,0   775,0
 4   Коковин        Алексей     72   82,40      Екатеринбург    270,0   280,0   -       180,0   190,0   200,0   270,0   290,0   297,5   770,0
 5   Хараузов       Алексей     73   82,50      Красноуральск   290,0   302,5   302,5   175,0   182,5   185,0   275,0   285,0   285,0   750,0
 6   Кокорнов       Александр   64   82,10      Ярославль       270,0   282,5   287,5   170,0   175,0   175,0   250,0   272,5   280,0   735,0
 7   Фунтиков       Георгий     76   82,20      Москва          270,0   270,0   270,0   170,0   177,5   182,5   270,0   280,0   290,0   727,5
 8   Шестаков       Игорь       69   81,65      Смоленск        275,0   290,0   295,0   160,0   160,0   165,0   250,0   260,0   265,0   715,0
 9   Царев          Игорь       74   82,50      Ноябрьск        225,0   225,0   230,0   160,0   165,0   165,0   250,0   260,0   270,0   705,0
10   Баранов        Евгений     72   80,00      Екатеринбург    260,0   260,0   270,0   170,0   180,0   185,0   245,0   250,0   -       700,0
11   Павлов         Сергей      64   82,20      Климово         255,0   260,0   265,0   150,0   155,0   155,0   255,0   265,0   265,0   680,0
12   Седов          Владимир    78   82,25      Липецк          230,0   240,0   250,0   160,0   170,0   170,0   230,0   250,0   260,0   680,0
13   Рыков          Сергей      68   81,70      Х.-Мансийск     240,0   250,0   260,0   170,0   170,0   180,0   245,0   245,0   245,0   665,0
14   Кузнецов       Юрий        61   82,40      Липецк          250,0   260,0   260,0   145,0   160,0   -       250,0   250,0   270,0   660,0
15   Глинин         Василий     56   80,00      Х.-Мансийск     210,0   230,0   240,0   160,0   170,0   180,0   220,0   250,0   255,0   650,0
16   Воеводин       Алексей     77   80,30      Рузаевка        250,0   260,0   260,0   140,0   150,0   155,0   230,0   240,0   240,0   620,0
17   Сладков        Александр   66   82,35      Челябинск                               200,0   207,5   210,0
18   Погодин        Василий     65   80,85      Уфа             285,0 290,0 300,0                                                        0,0
19   Гилимшин       Руслан      75   79,75                                                                                               с/в
20   Кучин          Владимир    66   81,85                                                                                               с/в
     90 кг
 1   Смирнов        Александр   63   89,90 мс   Бийск           290,0   305,0   317,5   170,0   170,0   175,0   302,5   315,0   315,0   802,5
 2   Глубокий       Виталий     74   89,40 мс   Красноярск      275,0   290,0   295,0   200,0   205,0   210,0   275,0   285,0   292,5   780,0
 3   Рататаев       Александр   71   88,90 мс   Москва          280,0   290,0   297,5   220,0   220,0   227,5   250,0   260,0   267,5   777,5
 4   Сбоев          Павел       68   88,15      Бердск          270,0   290,0   292,5   170,0   185,0   190,0   290,0   300,0   -       775,0
 5   Мустафин       Ильдар      70   90,00      Уфа             285,0   295,0   300,0   165,0   170,0   172,5   300,0   317,5   317,5   767,5
 6   Устинов        Юрий        75   89,30      Новороссийск    280,0   300,0   -       180,0   185,0   187,5   280,0   300,0   300,0   765,0
 7   Куракин        Николай     67   89,65      Таруса          260,0   280,0   290,0   170,0   180,0   185,0   270,0   290,0   305,0   765,0
 8   Курбанов       Джушмуд     61   89,25      Екатеринбург    300,0   310,0   320,0   170,0   170,0   -       260,0   270,0   275,0   755,0
 9   Бабиков        Андрей      71   89,90      Ухта            280,0   280,0   290,0   165,0   175,0   182,5   255,0   270,0   270,0   742,5
10   Володько       Валерий     64   88,45      Иркутск         265,0   275,0   275,0   185,0   192,5   192,5   260,0   270,0   275,0   735,0
11   Маркин         Александр   72   89,70      Климовск        260,0   270,0   275,0   170,0   180,0   185,0   235,0   250,0   260,0   720,0
12   Анацкий        Сергей      66   89,15      Ульяновск       260,0   270,0   280,0   160,0   167,5   172,5   250,0   270,0   -       717,5

     Petr Kravtsov (Ukraine)                                                                                                                    www.kondraschow.de
     Petr Kravtsov (Ukraine)                                                                                                                   www.kondraschow.de
13   Семенов      Андрей       74   89,00       Ливны          260,0   275,0   285,0   180,0   190,0   197,5   240,0   250,0   250,0   715,0
14   Власов       Олег         58   89,60       Якутск         250,0   260,0   270,0   165,0   170,0   175,0   250,0   260,0   265     710,0
15   Белов        Александр    68   84,55       Тверь          250,0   260,0   265,0   150,0   160,0   170,0   260,0   280,0   -       695,0
16   Ширяев       Геннадий     74   87,25       Сухиничи       260,0   270,0   277,5   155,0   162,5   165,0   235,0   245,0   255     695,0
17   Малышев      Андрей       67   89,10       Глазов         230,0   240,0   250,0   160,0   170,0   -       275,0   290,0   -       695,0
18   Потемкин     Михаил       59   89,90       Тверь          250,0   260,0   265,0   135,0   140,0   140,0   300,0   -               695,0
19   Балуев       Алексей      78   86,20       Сургут         245,0   260,0   265,0   145,0   155,0   160,0   245,0   255,0   265     690,0
20   Богомолов    Евгений      79   87,45       Камышин        255,0   -       265,0   135,0   142,5   142,5   240,0   260,0   260     647,5
21   Шевелев      Сергей       74   88,40       Спас-Деминск   220,0   220,0   235,0   150,0   160,0   170,0   220,0   230,0   245     640,0
22   Тореев       Максим       76   87,20       Владимир       255,0   265,0   265,0                                                    0,0
     100 кг
 1   Бессонов     Алексей      73 94,50 мс      Новокузнецк    280,0   295,0   295,0   180,0   190,0   192,5   340,0   340,0   365,0   825,0
 2   Абрамов      Александр    73 94,80 мс      Ульяновск      302,5   307,5   312,5   195,0   195,0   202,5   280,0   290,0   297,5   807,5
 3   Хакимов      Игорь        68 94,00 мс      Сыктывкар      320,0   335,0   -       170,0   180,0   190,0   260,0   280,0   290,0   805,0
 4   Бокарев      Олег         65 100,00        Гурьевск       300,0   300,0   305,0   190,0   190,0   195,0   300,0   305,0   312,5   795,0
 5   Сиденко      Сергей       61 97,80         Череповец      290,0   305,0   305,0   200,0   210,0   210,0   290,0   300,0   -       780,0
 6   Исламов      Азамат           98,00        Уфа            275,0   285,0   -       165,0   170,0   175,0   300,0   310,0   315,0   770,0
 7   Лихарев      Дмитрий      72 94,30         Владимир       272,5   280,0   285,0   200,0   205,0   205,0   270,0   280,0   285,0   760,0
 8   Макеев       Сергей       67 98,30         Тула           270,0   270,0   270,0   170,0   175,0   180,0   290,0   290,0   300,0   750,0
 9   Шишкин       Андрей       62 98,15         Товарково      270,0   285,0   292,5   170,0   180,0   180,0   250,0   285,0   290,0   740,0
10   Гринвальд    Евгений      73 98,25         Омск           260,0   265,0   272,5   175,0   180,0   185,0   280,0   280,0   -       730,0
11   Чиндаров     Виктор       60 98,30         Чита           260,0   275,0   275,0   160,0   170,0   177,5   260,0   280,0   310,0   700,0
12   Андросов     Владимир     70 96,20         Ливны          240,0   240,0   260,0   170,0   180,0   185,0   265,0   270,0   280,0   680,0
13   Синюков      Александр    60 99,30         Сургут         240,0   250,0   260,0   140,0   147,5   147,5   240,0   250,0   -       637,5
14   Иванов       Сергей       75 100,00        Калуга         240,0   240,0   250,0   с/в                                              0,0
15   Ивашкин      Григорий         97,70        Киров          225,0   225,0   230,0                                                    0,0
16   Борисов      Евгений      73 99,40         С.-Петербург   270,0   270,0   280,0                                                    0,0
17   Карабанов    Виталий      54 90,05         Киров          275,0   280,0   -                                                        0,0
18   Ларионов     Владимир     58               С.-Петербург                     175,0 175,0 185,0
19   Демяхин      Олег         74 98,20         Новосибирск    320,0 330,0 330,0                                                        0,0
20   Олюнин       Олег         63 98,90         Обнинск        300,0 315,0 -     170,0 -                                                0,0
21   Смолин       Сергей       65 98,00         Ярославль      270,0 275,0 275,0 195,0 202,5 202,5 305,0 305,0 305,0                    0,0
     110 кг
1    Кузнецов     Константин 72     108,00 мс   Екатеринбург   290,0   305,0   310,0   210,0   217,5   217,5   310,0   322,5   322,5   842,5
2    Качусов      Виктор     60     108,70 мс   Богданович     290,0   290,0   305,0   205,0   212,5   217,5   320,0   325,0   -       837,5
4    Самсонов     Алексей    74     110,00      Лакинск        305,0   315,0   325,0   230,0   240,0   245,0   270,0   280,0   280,0   825,0
3    Павлович     Сергей     74     108,00 мс   Новокузнецк    330,0   340,0   350,0   180,0   190,0   195,0   300,0   315,0   315,0   830,0
5    Ефименко     Сергей     63     106,70      Новосибирск    312,5   325,0   335,0   180,0   190,0   200,0   300,0   300,0   315,0   815,0
6    Черненко     Алексей    70     106,70      Прокопьевск    280,0   280,0   285,0   182,5   185,0   -       300,0   320,0   340,0   802,5
7    Гагин        Игорь      69     106,00      Кемерово       285,0   300,0   305,0   170,0   180,0   190,0   275,0   300,0   310,0   790,0

     Petr Kravtsov (Ukraine)                                                                                                                   www.kondraschow.de
      Petr Kravtsov (Ukraine)                                                                                                                     www.kondraschow.de
 8Глухов             Игорь     64 104,95              Уфа        300,0 325,0 325,0 190,0 195,0 205,0 270,0 270,0 285,0 765,0
 9Коблов             Александр    105,20              Ухта       285,0 285,0 285,0 197,5 210,0 215,0 240,0 255,0 -     755,0
10Трошин             Олег      82 107,95              Тула       250,0 260,0 260,0 170,0 180,0 180,0 240,0 240,0 -      0,0
11Иванов             Владимир 75 103,00               С.Посад                                                           с/в
  125 кг
1 Подтынный          Максим      72 120,50 мсмк Екатеринбург     330,0   350,0   360,0   210,0   220,0   -       312,5   350,0   362,5   932,5
2 Сироткин           Александр   61 124,25 мс   Рыбинск          315,0   330,0   330,0   180,0   200,0   205,0   325,0   340,0   350,0   855,0
3 Немков             Алексей     75 122,90 мс   Владимир         280,0   290,0   295,0   230,0   240,0   250,0   265,0   272,5   -       802,5
 4   Нигматуллин     Эльбрус     74 116,70      Чубары           290,0   300,0   305,0   180,0   190,0   190,0   290,0   305,0   310,0   800,0
 5   Казанцев        Николай     58 123,20      Медвежское       290,0   295,0   300,0   200,0   210,0   215,0   282,5   290,0   295,0   800,0
 6   Поберухин       Вадим       60 118,50      Димитровград     265,0   275,0   285,0   210,0   210,0   210,0   305,0   310,0   -       795,0
 7   Цепенко         Владимир    58 116,05      Чита             290,0   305,0   312,5   180,0   187,5   192,5   270,0   275,0   300,0   785,0
 8   Курпищев        Иван        69 115,35      Курган           285,0   300,0   300,0   190,0   200,0   210,0   260,0   270,0   277,5   770,0
 9   Миронов         Игорь       63 121,50      Тула             285,0   290,0   295,0   170,0   175,0   175,0   300,0   305,0   -       770,0
10   Колесов         Андрей      68 123,90      Н.Тагил          280,0   280,0   285,0   202,5   202,5   207,5   280,0   290,0   -       762,5
11   Виткевич        Николай     64 121,35      Брянск           270,0   280,0   287,5   170,0   175,0   175,0   280,0   300,0   310,0   750,0
12   Передерин       Алексей        113,00      Омск             280,0   290,0   300,0   150,0   157,5   157,5   250,0   260,0   270,0   700,0
13   Артемов         Алексей     75 123,90      Тула             285,0   285,0   285,0                                                    0,0
     125+
1    Украинцев       Роман       77   148,20   мсмк   С.Посад    350,0   365,0   380,0   230,0   240,0   240,0   330,0   340,0   347,5   967,5*
2    Гадиев          Риф         64   148,30   мсмк   Уфа        350,0   362,5   370,0   240,0   252,5   252,5   340,0   352,5   352,5   950,0
3    Гагин           Олег        75   128,35   мс     Кемерово   320,0   330,0   340,0   195,0   205,0   205,0   280,0   290,0   300,0   845,0
4    Чалков          Андрей      63   131,30   мс     Бердск     340,0   340,0   360,0   170,0   180,0   180,0   270,0   270,0   270,0   800,0
5    Исаков          Геннадий    71   144,90   мс     Брянск     330,0   345,0   345,0   190,0   190,0   195,0   310,0   310,0   312,5    0,0
     *-рекорд России 1 рек
            131
1    Чоповский       531,90                1 59 Кемеровская
2    Баранов         522,88                2 58 Свердловская
3    Подтынный       490,97                3 56 Владимирская
     ГЛАВНЫЙ СУДЬЯ                         В.ЦУКАНОВ МК КАЛУГА
     ГЛАВНЫЙ СЕКРЕТАРЬ                А.КОЗЕЛЕВА МК В.НОВГОРОД

       7-й Кубок России по силовому троеборью
          02-04.10.1996   СК «Анненки»    г. Калуга
     44 кг (02.10)
1    Небаева          Наталья    76 43,70 мсмк Л.-Кузнецкий      95,0    100,0   102,5   55,0    60,0    62,5    110,0   115,0   120,0   285,0    мсмк   М.Небаев
2    Неустроева       Ирина      73 43,10 мс      Якутск         102,5   102,5   105,0   45,0    45,0    47,5    110,0   117,5   120,0   272,5    мсмк   А.Суровецкий
3    Ульянова         Светлана   79 44,00 мс      Н.Тагил        105,0   110,0   110,0   47,5    50,0    52,5    102,5   107,5   110,0   272,5    мсмк   Н.Пятницкий
4    Саломон          Наталья    70 43,70 мс      Новокузнецк    100,0   105,0   105,0   45,0    50,0    52,5    115,0   120,0   125,0   270,0    мсмк   А.Семенов
5    Николаева        Ольга      82 43,90 мс      Л.-Кузнецкий   90,0    97,5    102,5   45,0    50,0    52,5    90,0    100,0   110,0   255,0    мс     М.Небаев

      Petr Kravtsov (Ukraine)                                                                                                                     www.kondraschow.de
    Petr Kravtsov (Ukraine)                                                                                                            www.kondraschow.de
 6 Семенеева        Наталья    75 42,00 мс       Ноябрьск         80,0   85,0   87,5 37,5 40,0 42,5 95,0       100,0 105,0     235,0 мс       А.Гороховский
   48 кг
 1 Татарова         Ирина      75 47,40 мсмк Гурьевск             150,0 155* 160,0 70,0 77,5 77,5 140,0        147,5   147,5   372,5   мсмк   Р.Татаров
 2 Николаенко       Светлана   81 47,70 мсмк Камышин              145,0 150,0 155,0 85,0 85,0 87,5 135,0       140,0   140,0   372,5   мсмк   А.Шишкин
 3 Крылова          Ирина      78 47,70 мсмк Камышин              140,0 140,0 150,0 100,0 107,5 115,0 120,0    127,5   127,5   367,5   мсмк   П.Чернышов
 4 Телегина         Татьяна    61 48,00 мсмк Улан-Удэ             127,5 135,0 142,5 60,0 65,0 67,5 120,0       130,0   135,0   340,0   мсмк   А.Деханов
 5 Чуйнаева         Надежда    62 47,50 мсмк Калуга               120,0 122,5 127,5 60,0 65,0 70,0 130,0       140,0   142,5   332,5   мсмк   В.Цуканов
 6 Романычева       Татьяна    69 48,00 мсмк Красноярск           115,0 120,0 125,0 62,5 67,5 72,5 120,0       127,5   135,0   325,0   мсмк   А.Бычков
 7 Леготкина        Ольга      77 47,80 мсмк Ижевск               110,0 115,0 120,0 47,5 52,5 55,0 130,0       140,0   142,5   312,5   мсмк   Н.Хлопенев
 8 Шипунова         Светлана   78 47,60 мсмк Чита                 110,0 115,0 120,0 45,0 47,5 47,5 120,0       127,5   127,5   295,0   мсмк   М.Труфанов
 9 Применко         Виктория   81 47,65 кмс      Тарко-Сале       92,5   97,5   100,0 37,5 42,5 45,0 97,5      105,0   115,0   250,0   мс     Э.Форсунов-А.Бельков
10 Носкова          Татьяна    70 48,00 мсмк Новокузнецк          145,0 145,0 -                                                 0,0           А.Семенов
   Судьи:Ю.Черданцев РК Ленинск-Кузнецкий,С.Седенко 1 Череповец,А.Чалков 1Бердск Ю.Кудрявцев РК Йошкар-Ола
   52 кг
 1 Петрунина        Елена      76 51,70 мсмк Ульяновск            140,0 150,0 160,0 72,5 80,0 85,0 135,0       145,0   155,0   385,0   мсмк   Степанов
 2 Павлова          Любовь     70 52,00 мсмк Ульяновск            130,0 135,0 140,0 70,0 75,0 77,5 135,0       145,0   147,5   362,5   мсмк   А.Фомин
 3 Маркевич         Инна       65 50,10 мс       Холмск           100,0 105,0 107,5 67,5 72,5 75,0 125,0       135,0   140,0   315,0   мсмк   И.Мамыкин
 4 Смолина          Елена      73 52,00 мс       Ижевск           117,5 122,5 125,0 65,0 70,0 70,0 115,0       125,0   -       315,0   мсмк   М.Вежев
 5 Валова           Наталья    69 51,90 мсмк Тверь                90,0   95,0   102,5 60,0 60,0 65,0 120,0     130,0   140,0   302,5   мс     Н.Григорьева
 6 Габдрахманова Эльвина       80 52,00 мс       Тарко-Сале       115,0 125,0 125,0 42,5 47,5 47,5 107,5       110,0   120,0   282,5   мс     А.Бельков-Э.Форсунов
 7 Алтукова         Елена      72 51,95 кмс      Пермь            95,0   105,0 112,5 55,0 57,5 57,5 115,0      -       130,0   275,0   мс     В.Чистяков
 8 Перфильева       Елена      78 52,00 кмс      Москва           95,0   105,0 107,5 47,5 50,0 52,5 95,0       105,0   110,0   265,0   мс
 9 Матюхина         Галина     79 49,00 1        Калуга           55,0   60,0   65,0 25,0 30,0 35,0 75,0       82,5    90,0    190,0   2      М.Матюхин
10 Назарова         Оксана     72 51,30 мсмк Н.Тагил              140,0 150,0 155,0 85,0 90,0 95,0 140,0       140,0   140,0    0,0           Н.Пятницкий
11 Головина         Юлия       76 51,65 мс       Тула             100,0 100,0 100,0                                             0,0           И.Жихарев
12 Филиппова        Евгения    79 50,80 мс       Камышин          120,0 120,0 130,0                                             0,0           А.Шишкин
   Судьи: А.Деханов РК Улан-Удэ,А.Синюков 1 Сургут,Г.Цуканова 1 Калуга,А.Артюх 1 Ухта
   56 кг (03.10)
 1 Нелюбова         Валентина 66 55,40 мсмк Красноярск            160,0 167,5 172,5* 102,5 110,0 112,5 160,0   170,0   175,0   452,5   мсмк   А.Бычков
 2 Иванова          Наталья    64 55,30 мсмк Омск                 160,0 170,0 180,0 90,0 95,0 100,0 172,5      177,5   187,5   442,5   мсмк   В.Колобов
 3 Орехова          Ирина      71 55,90 мсмк Красноярск           160,0 170,0 172,5 80,0 85,0 87,5 180,0       190,0   200,0   435,0   мсмк   И.Соболев-Г.Ходосевич
 4 Абрамова         Ирина      74 56,00 мсмк Обнинск              155,0 160,0 165,0 77,5 77,5 77,5 150,0       155,0   -       387,5   мсмк   Л.Никифоров
 5 Семенова         Ольга      72 53,60 мсмк Москва               140,0 140,0 150,0 70,0 75,0 75,0 150,0       -               365,0   мсмк   саиостоятельно
 6 Котельникова     Ольга      77 55,90 мсмк Сухиничи             145,0 145,0 152,5 80,0 87,5 87,5 130,0       140,0   140,0   355,0   мсмк   В.Котельников-В.Цуканов
 7 Могильникова     Ирина      61 56,00 мсмк Новокузнецк          125,0 125,0 135,0 57,5 62,5 67,5 145,0       150,0   155,0   352,5   мсмк   А.Докучаев
 8 Афанасьева       Светлана   72 55,20 мсмк Новгород             130,0 130,0 137,5 65,0 70,0 72,5 130,0       137,5   147,5   337,5   мс     В.Кочерыгин-Д.Крикунов
 9 Алексеева        Ольга      81 55,50 кмс      Соликамск        120,0 127,5 130,0 550,0 60,0 62,5 140,0      147,5   147,5   332,5   мс     Е.Бисярин
10 Большебородова Елена        73 56,00 мс       Ульяновск        130,0 130,0 130,0 57,5 62,5 65,0 135,0       145,0   145,0   330,0   мс     С.Анацкий
11 Григорьева       Елена      76 53,60 мсмк Волгоград            130,0 140,0 140,0 65,0 65,0 70,0 120,0       130,0   -       325,0   мс     П.Гузев
12 Карпова          Надежда    77 56,00 мс       Н.Брянь          127,5 127,5 135,0 70,0 75,0 75,0 120,0       127,5   -       317,5   мс     А.Деханов


    Petr Kravtsov (Ukraine)                                                                                                            www.kondraschow.de
      Petr Kravtsov (Ukraine)                                                                                                         www.kondraschow.de
13   Чущина          Елена       60 55,80 кмс      Малоярославец 120,0 130,0 130,0 67,5 70,0 75,0 120,0 125,0         130,0   315,0 мс       А.Демидов
14   Федорова        Ирина       76 55,60 кмс      Москва          75,0   80,0   85,0 60,0 65,0 65,0 120,0 130,0      140,0   285,0 кмс      С.Супонев
15   Бессонова       Юлия        73 56,00 кмс      Москва          90,0   90,0   90,0 62,5 67,5 70,0 100,0 105,0      -       262,5 кмс      Є.Тарасов
16   Пустокашина     Инна        68 55,85 мс       Боготол         125,0 125,0 130,0                                           0,0           В.Кортунов
     Судьи:С.Медведев МК Карабаново,И.Деревянко РК Ленинск-Кузнецкий,В.Якушев 1 Курган,А.Вендик МК Санкт-Петербург
     60 кг                                                                                        115*
1    Фомина          Елена       69 59,70 мсмк Ульяновск           185,0 185,0 192,5 105,0 110,0 113* 160,0 170,0     180,0   485,0   мсмк   А.Фомин
2    Галимова        Алевтина    66 59,00 мсмк Н.Тагил             160,0 167,5 172,5 95,0 100,0 105,0 160,0 167,5     172,5   450,0   мсмк   Н.Пятницкий
3    Флегонтова      Елена       70 59,60 мсмк Ливны               160,0 167,5 170,0 87,5 92,5 95,0 160,0 170,0       180,0   432,5   мсмк   Н.Мишин
4    Ушкова          Татьяна     65 58,20 мсмк Ижевск              145,0 155,0 155,0 95,0 97,5 100,0 135,0 140,0      155,0   385,0   мсмк   В.Салтыков
5    Пинина          Ирина       63 59,00 мсмк Калуга              110,0 122,5 135,0 75,0 82,5 87,5 125,0 140,0       152,5   375,0   мсмк   В.Цуканов
6    Дугаева         Марина      77 59,30 кмс      Москва          110,0 110,0 110,0                                           0,0           С.Супонев
7    Коробкова       Татьяна     75 58,00 мс       Чита            120,0 120,0 127,5                                           0,0           М.Труфанов
     Судьи: А.Суровецкий РК Якутск,Э.Форсунов 1 Тарко-Сале,С.Осипов 1 Ульяновск,И.Крылова 1 Камышин
     67,5 кг
1    Данилевич       Татьяна     69 66,05 мсмк Новгород            170,0 177,5 182,5 110,0 112,5 -      150,0 162,5   167,5   450,0   мсмк   В.Кочерыгин-Д.Крикунов
2    Трифонова       Татьяна     66 64,35 мсмк Бердск              155,0 165,0 165,0 90,0 90,0 100,0 165,0 180,0      185,0   435,0   мсмк   А.Чалков
3    Поберухина      Татьяна     74 66,40 мс       Димитровград    150,0 160,0 170,0 85,0 87,5 90,0 140,0 150,0       155,0   395,0   мс     А.Поберухин
4    Федорцова       Евгения     73 66,85 мс       Суземка         150,0 160,0 165,0 70,0 75,0 80,0 150,0 160,0       165,0   395,0   мс     Н.Андриенко
5    Макарова        Светлана    75 63,15 мс       Калуга          125,0 135,0 142,5 80,0 87,5 90,0 130,0 140,0       145,0   377,5   мс     В.Цуканов
6    Гаврилова       Людмила     72 63,10 кмс      Н.Тагил         120,0 125,0 125,0 60,0 65,0 67,5 130,0 145,0       150,0   335,0   кмс    М.Вежев
7    Перфилова       Мария       77 62,80 кмс      Тверь           110,0 115,0 120,0 75,0 77,5 77,5 140,0 140,0       150,0   332,5   кмс    Е.Николаев
8    Ферулева        Юлия        79 66,00 мс       Соликамск       150,0 157,5 160,0 80,0 80,0 80,0                            0,0           Е.Бисярин
     Судьи:С.Шантаренко МК Омск,В.Якушев 1 Курган,В.Громов РК Северодвинск,С.Чулков РК Калуга
     75 кг (04.10)
1    Игнатенкова     Елена       71 74,30 мсмк Суземка             217,5 225* 230,0 117,5 117,5 122,5 210,0 217,5     217,5   552,5   мсмк   А.Коротченков
2    Карпова         Марина      67 73,60 мсмк Бежецк              200,0 200,0 205,0 130,0 135,0 140,0 190,0 200,0    -       530,0   мсмк   Г.Карпов
3    Гравит          Юлия        74 71,80 мс       Тарко-Сале      160,0 170,0 175,0 70,0 75,0 75,0 160,0 167,5       167,5   390,0   мс     А.Бельков-Э.Форсунов
4    Михайлова       Ольга       76 71,90 мсмк Сухиничи            130,0 135,0 135,0 80,0 85,0 90,0 140,0 150,0       160,0   385,0   мс     В.Котельников-В.Цуканов
5    Матвеева        Юлия        77 68,20 кмс      Иваново         95,0   102,5 102,5 50,0 57,5 57,5 100,0 110,0      -       255,0   1      В.Агинян
     82,5 кг
1    Рычкова         Олеся       74 76,30 мсмк Хабаровск           187,5 187,5 187,5 112,5 112,5 112,5 187,5 200,0    200,0   487,5 мсмк Е.Пупышев
     90 кг
1    Коршунова       Алла        68 86,60 мсмк Хабаровск           207,5 215,0 215,0 120,0 120,0 120,0 225,0 230,0    -       557,5 мсмк Е.Пупышев
     90+кг
1    Каширина        Елена       62 91,60 мс       Ульяновск       165,0 165,0 175,0 100,0 107,5 112,5 145,0 150,0    155,0   422,5 кмс      А.Гордеев
2    Домуладжанова Ольга         69 101,50 кмс     Заволжье        145,0 155,0 170,0 85,0 85,0 90,0 140,0 150,0       165,0   390,0 кмс      А.Крупин
3    Родина          Наталья     76 98,10 1        Калуга          130,0 140,0 150,0 47,5 52,5 52,5 125,0 135,0       145,0   342,5 1        С.Чулков
4    Платоненко      Елена       59 90,50 кмс      Новокузнецк     140,0 145,0 155,0 95,0 95,0 95,0                            0,0           А.Докучаев
     Судьи:С.Шантаренко МК Омск,Э.Форсунов 1 Тарко-Сале,И.Татарова 1 Ленинск-Кузнецкий,Ю.Черданцев РК Йошкар-Ола


      Petr Kravtsov (Ukraine)                                                                                                         www.kondraschow.de
