  12/03/2016                                             British Universities Powerlifting Championships 2016
                                    Bwt      Wt                                         Best                               Best    Sub                                   Best            Wilks
Name                       Team                       Age      SQ-1   SQ-2     SQ-3             BP-1     BP-2     BP-3                     DL-1    DL-2     DL-3                 Total             Placing
                                    (kg)    class                                       SQ                                  BP     Total                                  DL             Points
                                                                                                                                                                    jr
Christopher Rattray        LOU     58.17      59      Junior   -150    160       x      160      90       95       100     100     260     190      200     205.5        205.5   465.5   408.569    1-59-
Chris Allen                BRI     56.97      59      Junior   -125    130      135     135     -100      105     -110     105     240     180      190     192.5        192.5   432.5   387.217    2-59-
Shishir Sikder             BED     57.89      59      Senior   135    -147.5 147.5      147.5    90      92.5      -95     92.5    240     172.5    180     187.5        187.5   427.5   376.927    3-59-
Jun Jie Ng                 UCL     56.74      59      Junior   130     145       x      145      65       75      77.5     77.5    222.5   140      155      -165        155     377.5   339.297    4-59-
Rajeev Parmar              NEW     57.84      59      Senior 117.5    127.5      x      127.5    65       70       -75      70     197.5   150      160     -172.5       160     357.5   315.494    5-59-
Thomas Chang               BMG      65.2      66      Junior   160     170       x      170      110      120     -125     120     290     200     212.5     220         220     510     404.532    1-66-
Amrik Mehta                REA     62.39      66      Junior   165     175       x      175      105     -107.5     x      105     280     195     -205      -205        195     475     391.210    2-66-
Mahfuzur Rahman        BDEKS       64.21      66      Senior 157.5     165     -170     165      90       95       100     100     265     185      195      -200        195     460     369.564    3-66-
Callum Hodson              NEW      64.8      66      Junior   150     160     -167.5   160      90       95       100     100     260     180     197.5     -210        197.5   457.5   364.765    4-66-
Mustafa Butt               UCL     64.71      66      Junior   140    -145     -145     140     87.5     92.5     -97.5    92.5    232.5   200     -210      215         215     447.5   357.195    5-66-
Leroy Lim                  OXF      62.8      66      Junior 147.5     155     -160     155     107.5    112.5 -117.5 112.5        267.5   150      175     -192.5       175     442.5   362.363    6-66-
Sean Maloney               BED     65.74      66      Senior   140     150     -155     150     92.5     -97.5    97.5     97.5    247.5   180      190      -200        190     437.5   344.663    7-66-
Chris Clarke               NEW      65.4      66      Junior 132.5    142.5    -150     142.5    80      -87.5      x       80     222.5   160      175      190         190     412.5   326.329    8-66-
Tanaka Mushangi            SoW     60.98      66      Senior   -160   -160     -160      0       105      110     -120     110       0     180      200      205         205       0     0.000
Alexander McFarlane        LOU     69.79      74      Junior   205    212.5    -215     212.5    115     122.5    127.5    127.5   340     240      260     270 jr       270     610     458.171    1-74-
Sidney Jules               CAM      72.9      74      Senior 217.5     225     -230     225      120     -130     -130     120     345     235      245      250         250     595     432.625    2-74-
Ali Ghareeb                CAM      73.9      74      Senior   180    192.5      x      192.5    120      125     -130     125     317.5   230     242.5     -250        242.5   560     403.200    3-74-
Ayman Alhassan         BDEKS       72.55      74      Junior   170     180     -190     180     -110      110     112.5    112.5   292.5   225     -232.5    -235        225     517.5   377.568    4-74-
Ekin Arabul                BRI     71.79      74      Senior   175     185      190     190      100     107.5     110     110     300     200      210      -220        210     510     375.003    5-74-
Jordan Lam                 UCL     67.45      74      Junior   165     175       x      175     -115      115      120     120     295     200      210       x          210     505     389.607    6-74-
Alex Braithwaite           CAM      67.8      74      Junior   155    162.5    167.5    167.5    100     107.5    112.5    112.5   280     195      210      220         220     500     384.150    7-74-
Richard Page               HUL     72.37      74      Senior   150    -155      155     155      120     122.5    127.5    127.5   282.5   190      200      210         210     492.5   360.018    8-74-
Theo Dodds                 NEW     73.49      74      Junior   150    157.5     165     165      115     122.5    -130     122.5   287.5   170      190     202.5        202.5   490     354.221    9-74-
Jeremy Ocampo              OXF      69.2      74      Junior   160     170     177.5    177.5   -100      100     -102.5   100     277.5   -200     200      -220        200     477.5   361.038   10-74-
Anil Lad                   UCL     71.01      74      Junior   -145    150     -160     150      100     107.5    112.5    112.5   262.5   180      190      200         200     462.5   342.851   11-74-
Shammael Seorfia           NOT     70.95      74      Junior 137.5     150     -160     150      -90      90       100     100     250     175      190      200         200     450     333.810   12-74-
Andrew Callaway            NEW     73.01      74      Junior   -150    150     162.5    162.5   82.5     -87.5    87.5     87.5    250     160      180      200         200     450     326.835   13-74-
Marcus Hatton              CAM      71.6      74      Junior   130     140     147.5    147.5    95       100     -102.5   100     247.5   175      185     187.5        187.5   435     320.464   14-74-
Brian Tai                  OXB     72.89      74      Senior   -130    140      150     150      80       85       -90      85     235     150      170      175         175     410     298.152   15-74-
Mark Harvey                LOU     68.21      74      Junior   130    137.5    142.5    142.5    100     -105     -105     100     242.5   150      165     -182.5       165     407.5   311.574   16-74-
Syed Raihanul              BRI     70.86      74      Junior   145     150     -157.5   150      90      97.5      100     100     250     150       x        x          150     400     297.000   17-74-
Sebastian Wiseman          OXF     73.16      74      Junior   130    -135       x      130      -95      95      -102.5    95     225      60       x        x           60     285     206.682   18-74-
Samual Walden              LOU      70.7      74      Junior   145    -155       x      145     -102.5   -105     -105      0        0     180     -190      -190        180       0      0.000
Salman Khan                CAM      74.5      83      Junior   200     210      215     215      140      145     147.5    147.5   362.5   250      260      265         265     627.5   449.227    1-83-
Mahavira Sng               NOT     79.88      83      Senior   -200    205     -207.5   205      125     -132.5 132.5      132.5   337.5   232.5   242.5     -250        242.5   580     396.314    2-83-
Joshua Bosman              BAT     81.56      83      Senior   175     185      190     190      115     122.5 -127.5 122.5        312.5   240     252.5    262.5        262.5   575     387.895    3-83-
Matthew Price              CAM      81.6      83      Junior   180    -187.5 -187.5     180     127.5    132.5 -137.5 132.5        312.5   245      255      -260        255     567.5   382.722    4-83-
James Vickers              OXF      78.2      83      Junior   175     185      195     195      125     132.5    137.5    137.5   332.5   210      225     232.5        232.5   565     391.376    5-83-
Daniel Byrne               BMG      78.2      83      Senior   165     180       x      180      135     142.5     150     150     330     170      190      205         205     535     370.595    6-83-
Fred Anson                 NEW     78.86      83      Junior   185    -195       x      185      140     -145       x      140     325     200     -220      -245        200     525     361.725    7-83-
James Zhao                 CAM      78.6      83      Junior   185     195     -202.5   195     107.5    112.5 -117.5 112.5        307.5   215     -237.5 -237.5         215     522.5   360.786    8-83-
Aaron Wade                 UCL     80.05      83      Junior   -175    175     -180     175      110      120     -125     120     295     210      225     -242.5       225     520     354.848    9-83-
Matthew Lindsey            BUC     78.37      83      Junior   170     190      195     195     102.5    112.5    -120     112.5   307.5   200     -210      -210        200     507.5   351.088   10-83-
Armen Bodossiam            OXF      79.9      83      Junior   160     175     182.5    182.5    95      -105      105     105     287.5   190     212.5     220         220     507.5   346.724   11-83-
Alister Tan                BRI     77.94      83      Junior   160     170     -175     170      105     112.5    -120     112.5   282.5   190      200      205         205     487.5   338.471   12-83-
Sam Fenwick                NEW      75.4      83      Junior   155    167.5     170     170     102.5     105     107.5    107.5   277.5   175     182.5     190         190     467.5   331.878   13-83-
Alan Kotun                 BRI     76.05      83      Junior   130     145      150     150     -100      105     -115     105     255     200      210     212.5        212.5   467.5   329.961   14-83-
Edgar Glover               OXF      81.2      83      Junior   155     160     -167.5   160      80       85      87.5     87.5    247.5   200      210      215         215     462.5   312.835   15-83-
Thomas Malone              HUL     80.31      83      Junior   140    -150      155     155      100      105     -115     105     260     165     172.5     185         185     445     303.045   16-83-
Andrew Komarnycky          UCL       81       83      Senior   125     135     137.5    137.5    95      102.5 -107.5 102.5        240     175      185      190         190     430     291.282   17-83-
Dominic Mattholie          SMJ     78.88      83      Junior   135    -147.5   -150     135      100      110     -115     110     245     160      170      175         175     420     289.338   18-83-
Ben Thornton-Smith         StM     74.25      83      Junior   135     150       x      150      -80      80      87.5     87.5    237.5   165     172.5     180         180     417.5   299.598   19-83-
Thomas Mahoney             BMG      80.6      83      Junior   125     140     -145     140      90      -100     -100      90     230     167.5    175      -185        175     405     275.197   20-83-
Gallin Montgomery          HUL     80.15      83      Senior   110    -125     -125     110     -140     -150     -150      0        0     200      210      220         220       0      0.000


br = British Open Record          jr= Junior record
  12/03/2016                                             British Universities Powerlifting Championships 2016
                                    Bwt      Wt                                        Best                             Best    Sub                              Best            Wilks
Name                       Team                       Age      SQ-1   SQ-2    SQ-3             BP-1    BP-2    BP-3                     DL-1    DL-2    DL-3             Total             Placing
                                    (kg)    class                                      SQ                                BP     Total                             DL             Points

Ife Aberoba                         91.4      93      Senior   210    -220    -230     210     -130     130    -137.5   130     340     260     280      300     300     640     405.440    1-93-
Atamli-Ahmad Reineh        OXF      90.7      93      Senior   200    -210    -210     200     137.5   -145    -145     137.5   337.5   260     265      280     280     617.5   392.668    2-93-
Sam Orange                 HUL     91.25      93      Senior   215    -230    -230     215     125     -130    -130     125     340     260     270     -280     270     610     386.740    3-93-
Jack West                  CAM      87.9      93      Junior   175    182.5   187.5    187.5   130      135    -140     135     322.5   235     250      260     260     582.5   376.470    4-93-
Thomas Price               BAN     90.15      93      Junior   -200    200    -210     200     120     -125    -125     120     320     245     255     -265     255     575     366.792    5-93-
Omar Merican               NEW     85.28      93      Junior   200     210     215     215     110      120    -127.5   120     335     215     -240    -240     215     550     361.405    6-93-
Matthew Noble              OXF      91.9      93      Senior   185     195    -207.5   195     140     -147.5 -147.5    140     335     200     205     -215     205     540     341.172    7-93-
Andrew Lamb                BMG     85.64      93      Senior   160     170     180     180      95      100     105     105     285     200     215      230     230     515     337.634    8-93-
Carlos Les                 LOU       88       93      Senior   -160    160    -170     160     102.5   107.5    110     110     270     207.5   212.5    215     215     485     313.262    9-93-
Harold Marshall            BMG       85       93      Junior   165    -172.5 -172.5    165     87.5     95     -97.5     95     260     210     220     -222.5   220     480     315.984   10-93-
Tom Bugler                 LOU     92.63      93      Junior   155     165    -172.5   165     125     -130    -130     125     290     -170    175      185     185     475     298.965   11-93-
Owain Griffin              BMG     88.88      93      Junior   -160    160      x      160     125     -130    -130     125     285     175     180      185     185     470     301.975   12-93-
Geoff Ma                   CAM     83.11      93      Junior   140    147.5 -152.5 147.5        90      95     -100      95     242.5   170     185     -200     185     427.5   285.142   13-93-
Terry Bradbrook            TWI     84.75      93      Senior   150     160    -162.5   160     110      115    -120     115     275     -160      x       x       0        0      0.000
Alex Pierides              BRI     100.5     105      Junior 247.5     255    262.5    262.5 -157.5 157.5      -160     157.5   420     245     255     -265     255     675     409.995   1-105-
Alec Hewstone              LOU    102.73     105      Junior   240    -250     250     250     -155     160    -165     160     410     235     245      255     255     665     400.529   2-105-
Charles McGivern           BMG     96.38     105      Junior   195    217.5    225     225     105      115     120     120     345     245     265      280     280     625     386.312   3-105-
David Spelman              CAM     103.8     105      Senior   200     205    -210     205     145      150    -155     150     355     220     230      240     240     595     357.000   4-105-
Lucas Tavos                QML     102.5     105      Senior   180    192.5     x      192.5   -110     110    -120     110     302.5   255     265      275     275     577.5   348.117   5-105-
Andrew Parker Talbot       BMG      98.5     105      Junior   175     195     205     205     112.5    120     130     130     335     210     225      240     240     575     352.072   6-105-
George Maguire             UCL    102.63     105      Junior   190     200      x      200     142.5   -145      x      142.5   342.5   190     200      210     210     552.5   332.881   7-105-
Paul Sweeney               UCL      96.1     105      Senior   -175    175      x      175     127.5 -137.5 -137.5 127.5        302.5   225     235      245     245     547.5   338.793   8-105-
Jake Speller               StM    104.91     105      Junior   175     190      x      190     105     112.5   117.5    117.5   307.5   175     187.5   192.5    192.5   500     298.850   9-105-
Adam Price                 OXF     103.5     105      Junior   150    -160      x      150      90      100    -110     100     250     200     215      230     230     480     288.288   10-105-
Francis Sanders            CAM     113.8     120      Senior   230    -250     260     260     150      160    -165     160     420     300     320     -325     320     740     431.198   1-120-
Berkay Ali                 HUL     125.6     120+     Junior   160    -170     170     170      80      -90     -90      80     250     -190    190     -205     190     440     250.492   1-120+-


br = British Open Record          jr= Junior record
       12/03/2016                                                British Universities Powerlifting Championships 2016
                                         Bwt        Wt                                      Best                           Best   Sub                             Best             Wilks
Name                           Team                        Age      SQ-1   SQ-2    SQ-3             BP-1   BP-2    BP-3                   DL-1    DL-2    DL-3            Total              Placing
                                         (kg)      class                                     SQ                             BP    Total                            DL              Points

Emily Prezeslak                 LOU     45.21       47     Junior    75     80     82.5     82.5     45     50     -53      50    132.5   110     -117.5 117.5    117.5   250      345.575    1-47-
Sabrina Shah                    UCL     46.85       47     Junior    75     80      85       85     47.5   52.5    55 jr    55    140     -100     100    -110    100     240      323.520    2-47-
Yun-ting Chen                   BAT      45.6       47     Junior   -35     -35     35       35      25    -27.5   27.5    27.5   62.5     60      65     67.5    67.5    130      178.633    3-47-
Nicole Neo                       BRI    46.96       47     Senior   32.5   -37.5   37.5     37.5     25    -27.5   -27.5    25    62.5     55      -65     -65     55     117.5    158.120    4-47-
Anastasia Dharma                UCL     50.85       52     Junior    90    97.5    102.5    102.5    45    -50      50      50    152.5   115     122.5   125     125     277.5    351.953    1-52-
Karina Chan                     BAT      50.6       52     Junior   82.5   87.5     90       90     47.5   -50     -50     47.5   137.5   100      105    -110    105     242.5    308.703    2-52-
Francesca Bolt                  LOU     47.22       52     Junior    75    -77.5   77.5     77.5     35    37.5     40      40    117.5    95      100    105     105     222.5    298.239    3-52-
Amelia Martin-Jones             OXF      48.4       52     Junior    60     65     -67.5     65     -45     45     -47.5    45    110     100     -110    110     110     220      289.586    4-52-
Gursharon Shergill              LOU     56.42       57     Junior   82.5   87.5     -90     87.5    42.5    45     -47.5    45    132.5   122.5   127.5   132.5   132.5   265      309.971    1-57-
Dionne Taylor                   HUL     55.07       57     Junior   100    105     -107.5   105      45    47.5    -50     47.5   152.5   -100     105    110     110     262.5    312.952    2-57-
Serife Ustuner                  BAT     55.83       57     Senior    70     -75     75       75      50    -55      55      55    130     105      110    117.5   117.5   247.5    291.901    3-57-
Heather Eastlake                BMG     55.37       57     Junior    65    72.5    77.5     77.5    37.5   42.5    -50     42.5   120      80      90      95      95     215      255.227    4-57-
Fenella Powell                   BRI    55.43       57     Junior    65     70      75       75      35     40     -42.5    40    115      80      90     100     100     215      255.012    5-57-
Miriam Khalfey                  NOT     54.67       57     Junior    65     -70     70       70      30    -32.5   32.5    32.5   102.5   97.5    102.5   105     105     207.5    248.793    6-57-
Eloise Wadman                   BUC     53.46       57     Junior    50    57.5    62.5     62.5    27.5    30      35      35    97.5     70      75      90      90     187.5    228.769    7-57-
Grace Paxton                     BRI    54.58       57     Junior    35     40      45       45     27.5   -32.5   32.5    32.5   77.5     75      85      90      90     167.5    201.084    8-57-
Alina Dewshi                    OXF     53.54       57     Junior    60    67.5    72.5     72.5    -40    -45     -45      0       0      95      100    105     105       0       0.000
Karenjeet Kaur Bains           BDEKS    62.38       63     Junior   115    122.5 -127.5 122.5        60     65     -67.5    65    187.5   -130    142.5   147.5   147.5   335      362.504    1-63-
Claire Sear                     OXF      60.1       63     Senior   100    105      110     110     52.5   57.5    -60     57.5   167.5   120      130    140     140     307.5    342.370    2-63-
Suzanne Goulder                 CAM      60.5       63     Junior    90     -95     95       95      55    57.5    -60     57.5   152.5   115      125    -130    125     277.5    307.415    3-63-
Isabel De Berrie                OXF      59.6       63     Senior   -90     90      -95      90     57.5   -60     -60     57.5   147.5   115     117.5   122.5   122.5   270      302.589    4-63-
Zoe Freeman                     BAT     62.05       63     Junior    90     95      100     100     47.5    50     52.5    52.5   152.5   102.5    110    115     115     267.5    290.612    5-63-
Dominika Wrobel                BDEKS    60.26       63     Junior    90     95      100     100      50    52.5     55      55    155      95     102.5   110     110     265      294.468    6-63-
Hannah Richardson-Cross         StM     61.56       63     Junior    90     95     97.5     97.5     40     45     47.5    47.5   145      95      105    115     115     260      284.180    7-63-
Sophie Coppin                   BUC     59.43       63     Junior    70     75     82.5     82.5    37.5   42.5    -50     42.5   125     107.5    120    130     130     255      286.416    8-63-
Sarah French                    UCL      61.5       63     Senior    85    92.5    97.5     97.5    47.5    50     52.5    52.5   150     100      105    -110    105     255      278.944    9-63-
Amy Lai                         UCL     59.98       63     Senior   -85     85      90       90      50    52.5    -55     52.5   142.5    90     97.5    100     100     242.5    270.436   10-63-
Lilly Erskine                   OXF     61.83       63     Junior    95    -100    -100      95      35    37.5    -40     37.5   132.5   -110     110    -120    110     242.5    264.180   11-63-
Hui Teng Leow                   BAT     61.66       63     Junior    75     -80     80       80      40    42.5     45      45    125      95     102.5   107.5   107.5   232.5    253.820   12-63-
Cathryn Kalestova               BMG     59.67       63     Junior    60     65      70       70     42.5    45     -50      45    115     100      105    110     110     225      251.932   13-63-
Philippa Fleming                LOU     59.83       63     Junior   -65     65     -67.5     65     42.5   47.5    -50     47.5   112.5   72.5      x       x     72.5    185      206.701   14-63-
Samantha Louise de Graf Wise     BRI    59.72       63     Junior   -80     -80     -80      0       45    -52.5   -52.5    45      0     110      115    120     120       0       0.000
Elise Davies                    LOU     70.61       72     Junior   110    120     127.5    127.5    60    67.5    -72.5   67.5   195     120      130    140     140     335      331.282    1-72-
Katie Holder                    OXF      69.8       72     Senior   -115   115     -120     115     57.5    60     -62.5    60    175     -135     135    145     145     320      318.976    2-72-
Rachel Hughes                   HUL     67.28       72     Junior    90    100      105     105      55    -60      65      65    170     122.5    130    140     140     310      317.130    3-72-
Annabel Warde                   OxB     71.17       72     Junior   100    105      110     110      60    -62.5   -62.5    60    170     120      125    130     130     300      295.110    4-72-
Matilda Lindqvist               OXF     66.72       72     Junior   97.5   105      110     110     42.5   -47.5   47.5    47.5   157.5   120     -135    135     135     292.5    301.041    5-72-
Alexandra Roots                 NOT     67.81       72     Junior   105    107.5   112.5    112.5   62.5   67.5    -70     67.5   180     102.5   107.5   110     110     290      295.017    6-72-
Zoe Clark                       OXF     67.61       72     Junior   -80     80      -85      80      50    -52.5   52.5    52.5   132.5    90      95     100     100     232.5    237.011    7-72-
Syrie Francesca Byfield         OXF     64.05       72     Junior    80     85     87.5     87.5    42.5    45     47.5    47.5   135      85      90      95      95     230      243.961    8-72-
Hazel May                       BAT     70.06       72     Junior    70     -75     -75      70      40     45     47.5    47.5   117.5    90     97.5    102.5   102.5   220      218.746    9-72-
Jasmine Biddlecombe              BRI    63.75       72     Junior    35     40      -45      40     27.5   -32.5   -35     27.5   67.5     60      70      75      75     142.5    151.677   10-72-
Mailys Andre                    BAN     69.01       72     Junior    85     -90     -90      85      55     60     -62.5    60    145     -125    -125    -125     0        0       0.000
Shachar Head                    SMJ       83        84     Junior   140    150     160 jr   160     -75     75      80      80    240     150      160    -165    160     400 jr   358.880    1-84-
Christie Civetta                 BRI    80.86       84     Junior   125    132.5   -140     132.5    70     75     -80      75    207.5   140      145    150     150     357.5    325.182    2-84-
Jennifer Shaw                  BDEKS     75.6       84     Junior 112.5 -117.5 -117.5 112.5         52.5    55     57.5    57.5   170     120     127.5   132.5   132.5   302.5    286.135    3-84-
Lily Goodyear Saint             OXF     75.28       84     Junior    90     95     -100      95     47.5   -50      50      50    145     110      125    -130    125     270      256.068    4-84-
Ellen O'Mahoney                  lou    76.02       84     Junior    85     90      -95      90     42.5   47.5    -50     47.5   137.5    90      100    107.5   107.5   245      230.962    5-84-
Chrystal Williams               BAN     79.61       84     Junior   130    140      160     160     82.5   -87.5   87.5    87.5   247.5   -210    -210    -210     0        0       0.000


br = British Open Record       jr= Junior record
