Name                 Age    Div    BWt (Lb) WtCls (Lb) Wilks      Squat 1 Squat 2 Squat 3 Best Squat Bench 1 Bench 2 Bench 3 Best Bench Sub Total Deadlift 1 Deadlift 2 Deadlift 3 Best Deadlift PL Total Coeff Score Pl-Div-WtCl      Events
Laura Duong            21   F-J4R    138.89   138.89        1.074      -130     130     135       135       60      65   -67.5        65      200        130    -147.5     -147.5            130        330     354.42 1-F-J4R-138.9   PL
Cynthia Leu            22   F-J4R                               0                                   0                                   0        0                                              0         0          0               0 PL
Johanna Fleischman     22   F-J4R                               0                                   0                                   0        0                                              0         0          0               0 PL
Lea Swenson            41   F-M1R     125.4   125.66        1.162      77.5      85     -95        85     37.5      40   -42.5        40      125       97.5        115       -125           115        240     278.88 1-F-M1R-125.7 PL
Leah Lutz              40   F-M1R                               0                                   0                                   0        0                                              0         0          0               0 PL
Janine Jadallah        49   F-M1SP    145.7   158.73      1.0362        125   132.5     140       140     80.5     -85      85        85      225     142.5         155        165           165        390   404.118 1-F-M1SP-158.7 PL
Mune Van Luen          38   F-OR      114.2     114.6     1.2504         90    92.5    97.5      97.5       45      50    57.5       57.5     155       92.5        100        110           110        265   331.356 1-F-OR-114.6     PL
Katrina Dajano         26   F-OR      123.9   125.66      1.1733        105    -110    -110       105       75      80      85        85      190     147.5         160    -167.5            160        350   410.655 1-F-OR-125.7     PL
Mary Siharath          28   F-OR      125.2   125.66      1.1636        100     105  -107.5       105       55    57.5     -60       57.5    162.5    122.5         130     137.5          137.5        300     349.08 2-F-OR-125.7    PL
Paula Yuan             21   F-OR      117.5   125.66        1.223      92.5     100     105       105     42.5   -47.5   -47.5       42.5    147.5       115        125    -127.5            125      272.5  333.2675 3-F-OR-125.7     PL
Cali Nguyen            25   F-OR      131.6   138.89      1.1192        110   127.5  -137.5     127.5     57.5   -62.5    62.5       62.5     190        115        125       -130           125        315   352.548 3-F-OR-138.9     PL
Cynthia Leu            22   F-OR      137.3   138.89      1.0831      122.5   132.5   137.5     137.5     62.5    67.5     -70       67.5     205     142.5     -152.5     -152.5          142.5      347.5 376.37725 2-F-OR-138.9     PL
Jessica De Guzman      24   F-OR      137.3   138.89      1.0831      102.5   112.5  -122.5     112.5       45   -52.5   -52.5        45     157.5    107.5      117.5      132.5          132.5        290   314.099 6-F-OR-138.9     PL
Leah Lutz              40   F-OR      138.7   138.89      1.0753        135     145    -150       145       70      75     -80        75      220     142.5      152.5     -157.5          152.5      372.5 400.54925 1-F-OR-138.9     PL
Madai Robles           26   F-OR      136.5   138.89      1.0884       97.5     105    -110       105     57.5    62.5      65        65      170     112.5      122.5      127.5          127.5      297.5   323.799 5-F-OR-138.9     PL
Natalie Sardinia       35   F-OR      135.8   138.89      1.0925                          0         0       60      65     -70        65         0       145     157.5        -165         157.5          0          0               0 PL DL PP
Sarah Wellberrg        27   F-OR      131.4   138.89      1.1207        105   112.5    -115     112.5     57.5     -60      60        60     172.5       120        125    -127.5            125      297.5 333.40825 4-F-OR-138.9     PL
Chinwendu Utom         26   F-OR      151.5   158.73      1.0079      137.5  -147.5     150       150       75    82.5    87.5       87.5    237.5       160        180       -190           180      417.5 420.79825 2-F-OR-158.7     PL
Johanna Fleischman     22   F-OR      151.9   158.73      1.0059       97.5     100     105       105       50    52.5      55        55      160     127.5      137.5      142.5          142.5      302.5 304.28475 5-F-OR-158.7     PL
Linda Chan             30   F-OR      148.4   158.73      1.0228        110    -125     125       125     47.5    52.5     -60       52.5    177.5       110    -122.5      132.5          132.5        310   317.068 4-F-OR-158.7     PL
Nancy Sarieh           32   F-OR      157.2   158.73      0.9824        155    -160  -162.5       155     72.5    77.5      80        80      235        215        230       -235           230        465   456.816 1-F-OR-158.7     PL
Shannon Siddiqi        26   F-OR      158.7   158.73        0.976      97.5   102.5  -107.5     102.5     47.5    52.5   -57.5       52.5     155     127.5         135       -140           135        290     283.04 6-F-OR-158.7    PL
Vanessa Burman         28   F-OR      143.5   158.73      1.0479        115   122.5   127.5     127.5     57.5    62.5      65        65     192.5    127.5      137.5         145           145      337.5 353.66625 3-F-OR-158.7     PL
Cynthia Lee            32   F-OR      168.4   185.19      0.9399       -125   132.5   137.5     137.5     52.5    57.5     -60       57.5     195     142.5         150     157.5          157.5      352.5 331.31475 2-F-OR-185.2     PL
Jenna Doyle            24   F-OR      182.5   185.19      0.8983      137.5     150     160       160       75    77.5     -80       77.5    237.5    172.5         185        190           190      427.5 384.02325 1-F-OR-185.2     PL
Liezel Francisco       27   F-OR      175.5   185.19      0.9176        120     130   137.5     137.5     52.5     -60      60        60     197.5       120        130     137.5          137.5        335   307.396 3-F-OR-185.2     PL
Sara Jones             47   F-OR                                0                                   0                                   0        0                                              0         0          0               0 PL
Duy-Tuong Nguyen       19   M-J3R     145.5   145.51      0.7852      142.5  -152.5   152.5     152.5       95    -100     100       100     252.5       185     197.5      207.5          207.5        460   361.192 1-M-J3R-145.5    PL
Nicholas Duong         19   M-J3R     139.8   145.51      0.8122        125  -137.5   142.5     142.5    -62.5      70    72.5       72.5     215     117.5      152.5     -157.5          152.5      367.5  298.4835 2-M-J3R-145.5    PL
Gabriel Simundac       18   M-J3R       157   163.14      0.7398      122.5   127.5     135       135    -82.5    82.5     -90       82.5    217.5    142.5         150        160           160      377.5  279.2745 1-M-J3R-163.1    PL
Matthew Sandor         18   M-J3R                               0                                   0                                   0        0                                              0         0          0               0 PL
Joshua Matos           22   M-J4R     147.5   163.14      0.7766        105     115   132.5     132.5       80    82.5    87.5       87.5     220     142.5         155     172.5          172.5      392.5  304.8155 2-M-J4R-163.1    PL
Peter Li               21   M-J4R     145.7   163.14      0.7842        165   177.5     190       190      105  -112.5    -120       105      295     167.5         180     187.5          187.5      482.5  378.3765 1-M-J4R-163.1    PL
Jin Lee                22   M-J4R     166.7   182.98      0.7086      142.5     155     165       165      100     110   112.5      112.5    277.5    152.5         170        180           180      457.5  324.1845 1-M-J4R-183      PL
Rohan Jobanputra       22   M-J4R     167.8   182.98      0.7055      132.5  -142.5  -142.5     132.5     77.5    82.5     -90       82.5     215     162.5         170    -177.5            170        385  271.6175 2-M-J4R-183      PL
Andrew Rettig          20   M-J4R     200.6   205.03      0.6349     -172.5   172.5   187.5     187.5      110   127.5  -137.5      127.5     315        200        215     227.5          227.5      542.5  326.9735 1-M-J4R-205      PL
Jared Famor            19   M-J4R     198.2   205.03      0.6388      167.5   182.5     190       190    102.5     110     120       120      310     182.5         200        225           225        535   314.609 2-M-J4R-205      PL
Kyle Wilson            21   M-J4R     263.9   264.55      0.5753        145  -167.5     170       170     -120     125    -135       125      295        205     227.5         240           240        535          0               0 PL
Ryan Spencer           41   M-M1R       159   163.14        0.733                                   0                                   0        0                                              0         0          0               0 PL
Sean Gerhardt          41   M-M1R     230.2   231.49      0.5988      172.5  -177.5   177.5     177.5    132.5   137.5    -145      137.5     315     217.5      227.5         240           240        555          0               0 PL
Steve Pena             41   M-M1R     245.2   264.55      0.5866        180     195  -212.5       195      155     165    -175       165      360     187.5         205        215           215        575  321.1635 1-M-M1R-264.6 PL BP
Dennis Cannataro       57   M-M2R       190   205.03      0.6532        120   142.5   157.5     157.5      125   137.5  -142.5      137.5     295        130     147.5      152.5          152.5      447.5          0               0 PL
Thomas Perry           51   M-M2R     226.4   231.49      0.6024        180     190    -200       190     -135     140     145       145      335        190        200     212.5          212.5      547.5     316.26 1-M-M2R-231.5 PL
Jerry Tremblay         52   M-M2R     242.9   264.55      0.5882      227.5    -240   242.5     242.5      140   147.5     155       155     397.5    212.5      227.5        -255         227.5        625          0               0 PL
 Dallas White          29   M-OR      162.5   163.14      0.7214        145     155  -167.5       155      100   107.5  -112.5      107.5    262.5       175        185     192.5          192.5        455   328.237 4-M-OR-163.1     PL
Dustin Hoang           26   M-OR      161.4   163.14      0.7249      197.5   202.5  -207.5     202.5    102.5   107.5  -112.5      107.5     310     242.5         250     262.5          262.5      572.5 415.00525 2-M-OR-163.1     PL
Francisco Inzunza      26   M-OR        162   163.14      0.7228      172.5     185  -197.5       185      120   132.5    -150      132.5    317.5       200     217.5         230           230      547.5   395.733 3-M-OR-163.1     PL
Ryan Spencer           41   M-OR        159   163.14        0.733     192.5     205    -215       205      125     130  -137.5       130      335     237.5      257.5     -272.5          257.5      592.5  434.3025 1-M-OR-163.1     PL
Alex Wei               22   M-OR      179.9   182.98      0.6744        180   192.5   202.5     202.5      115     120   127.5      127.5     330        200        215       -225           215        545   367.548 3-M-OR-183       PL
Edward Payuyao         27   M-OR      180.3   182.98      0.6734        205   212.5     220       220      125     130     135       135      355    -242.5      242.5        -260         242.5      597.5  402.3565 2-M-OR-183       PL
Germent Chi            30   M-OR      170.9   182.98      0.6969        125     140     155       155       95   102.5    -115      102.5    257.5       170     192.5         200           200      457.5 318.83175 4-M-OR-183       PL
Roy Huh                21   M-OR      178.4   182.98      0.6779      197.5     210     220       220    137.5     145    -150       145      365        235     247.5      252.5          252.5      617.5 418.60325 1-M-OR-183       PL
Ryan Kim               35   M-OR      180.1   182.98      0.6739        125   132.5   137.5     137.5      100   107.5  -112.5      107.5     245     157.5      167.5        -170         167.5      412.5 277.98375 5-M-OR-183       PL
Bert Nguyen         30   M-OR    187    205.03   0.6592    140     150     162.5   162.5      85       95   -102.5     95    257.5    127.5     140       150    150    407.5    268.624 3-M-OR-205       PL
Bert Shear          26   M-OR   201.9   205.03   0.6328    160     170      -180    170      100     -105      105    105     275      180      210      -225    210     485     287.924 2-M-OR-205       PL
Chad Hydro          27   M-OR   200.2   205.03   0.6356   182.5   192.5      205    205     107.5     110      115    115     320    -202.5    202.5      215    215     535           0              0   PL
Jeff Justo          27   M-OR   197.8   205.03   0.6395    255     265    -277.5    265     137.5     145     -150    145     410      265      275    -282.5    275     685           0              0   PL
Quan Cao            26   M-OR   196.4   205.03   0.6417    200     210    -217.5    210    -157.5     160     -165    160     370      205      215    -222.5    215     585    375.3945 1-M-OR-205       PL
Robbie Sardinia     30   M-OR   202.6   205.03   0.6318   237.5    250      -255    250      170    177.5    182.5   182.5   432.5     260      275       290    290    722.5          0              0   PL DL PP
Sean Stangl         26   M-OR    194    205.03   0.6459   247.5   262.5   -267.5   262.5    152.5     160     -165    160    422.5    247.5     260       265    265    687.5          0              0   PL
D'artagnan Byrd     27   M-OR   230.8   231.49   0.5982   182.5   187.5      195    195      130      135     -140    135     330     222.5    232.5   -237.5   232.5   562.5          0              0   PL
Garrett Blevins     27   M-OR   225.8   231.49    0.603    285    297.5   -312.5   297.5     200    212.5   -227.5   212.5    510     302.5   -327.5    327.5   327.5   837.5          0              0   PL
Jimmy Doyle         27   M-OR   218.9   231.49   0.6103    220     235     242.5   242.5    172.5   182.5   -187.5   182.5    425      265                          0       0          0              0   PL
Jin Kim             26   M-OR   222.2   231.49   0.6067   177.5    190      -200    190      145     -155     -155    145     335     212.5     225    -227.5    225     560           0              0   PL
Joey Luck           38   M-OR   215.6   231.49   0.6142    155     160      -165    160     -92.5    92.5    102.5   102.5   262.5     195      210      225     225    487.5          0              0   PL
John Archuleta      36   M-OR   234.8   264.55   0.5946                                0    162.5     180   -187.5    180        0                                  0       0          0              0   BP
Matthew Bickford    25   M-OR    246    264.55    0.586    215    227.5   237.5    237.5     125      135   -142.5    135    372.5    215     227.5      240     240    612.5          0              0   PL
Viliami Taipaleti   24   M-OR   242.7   264.55   0.5883    175    182.5    195      195      115      130   -137.5    130     325    212.5    227.5      235     235     560           0              0   PL
Al Hu               28   M-OR                         0                                0                                 0       0                                  0       0          0              0   PL
David Munoz         28   M-OR                         0                                0                                 0       0                                  0       0          0              0   PL
