
подготовил Сергей РыжукIII
    Чемпионат Украины среди юниорок и юниоров
г. Кировоград, 11 - 14 апреля, 1993 года.

ЮНИОРКИ
 -44,00 кг.
 1. Петренко Яна/81		 33,60	Токмак			 60,0	 32,5	 75,0	167,5
 -48,00 кг.
 1. Киев Наталья/74		 47,10	Переяслав-Хмельницкий	 80,0	 50,0	112,5	242,5
 2. Лапина Елена/72		 47,15	Кировоград		 70,0	 40,0	110,0	220,0
 -52,00 кг.
 1. Шаповал Виктория/73		 50,90	Черкассы		107,5	 67,5	115,0	290,0
 2. Беспорточная Елена/74	 50,60	Рубежное		 77,5	 63,0	125,0	267,5
 3. Дмитриева Наталья/71	 50,15	Харьков			 85,0	 50,0	105,0	240,0
 -56,00 кг.
 1. Мацек Надежда/71		 55,20	Львов			125,0	 57,5	132,5	315,0
 2. Гудыменко Наталья/76	 54,10	Кривой Рог		105,0	 45,0	105,0	255,0
 3. Пиргат Екатерина/74		 53,20	Богуслав		 85,0	 45,0	100,0	230,0
 -60,00 кг.
 1. Фурдуй Ярослава/71		 58,20	Кировоград		135,0	 67,5	160,0	362,5
 2. Мирошниченко Елена/70	 58,40	Харьков			120,0	 60,0	135,0	315,0
 3. Тимофеева Ирина/73		 59,90	Измаил			110,0	 55,0	115,0	280,0
 4. Тертышник Оксана/77		 59,25	Богуслав		 85,0	 35,0	120,0	240,0
 -67,50 кг.
 1. Туранская Анна/72		 63,00	Ивано-Франковск		120,0	 75,0	145,0	340,0
 2. Конобрицкая Светлана/71	 66,30	Корсунь-Шевченковский	112,5	 57,5	140,0	310,0
 3. Лищишина Виталина/76	 64,20	Жмеринка		110,0	 60,0	125,0	295,0
 -75,00 кг.
 1. Трифонова Ирина/76		 71,75	Кривой Рог		122,5	 67,5	145,0	335,0
 2. Чиннова Елена/70		 74,90	Феодосия		125,0	 55,0	155,0	335,0
 3. Жукова Лариса/73		 68,00	Харьков			100,0	 65,0	110,0	275,0
 4. Граждан Елена/77		 72,15	Богуслав		100,0	 42,5	125,0	267,5
 
ЮНИОРЫ
 -52,00 кг.
 1. Громов Александр/75		 51,85	Феодосия		150,0	 95,0	175,0	420,0
 2. Латышев Сергей/77		 50,60	Макеевка		105,0	 75,0	135,0	315,0
 3. Щербаков Радомир/79		 47,90	Ялта			107,5	 77,5	115,0	300,0
 4. Ярошенко Олег/76		 48,60	Кривой Рог		 90,0	 70,0	135,0	295,0
 5. Янчуков Дмитрий/77		 51,80	Кривой Рог		100,0	 65,0	110,0	275,0
 6. Салий Роман/80		 46,10	Суботцы			 97,5	 45,0	 95,0	237,5
 -56,00 кг.
 1. Овчаренко Степан/76		 55,80	Ялта			185,0	105,0	210,0	500,0
 2. Крахмаль Дмитрий/75		 54,50	Днепропетровск		150,0	 92,5	165,0	407,5
 3. Галицкий Роман/75		 55,00	Горловка		137,5	 90,0	177,5	405,0
 4. Лагода Андрей/74		 56,00	Черкассы		135,0	 80,0	145,0	360,0
 5. Девятый Александр/77	 52,40	Винница			115,0	 62,5	132,5	300,0
 -60,00 кг.
 1. Морозов Виталий/76		 57,00	Рубежное		150,0	112,5	200,0	462,5
 2. Тайц Евгений/74		 60,00	Киев			172,5	110,0	180,0	462,5
 3. Шкуринский Николай/76	 58,20	Горловка		160,0	 95,0	200,0	455,0
 4. Лабутин Сергей/74		 58,30	Кривой Рог		155,0	 95,0	180,0	430,0
 5. Крикун Андрей/74		 59,20	Кировоград		150,0	100,0	180,0	430,0
 6. Токарчук Игорь/71		 60,00	Хмельницкий		145,0	 95,0	180,0	420,0
 -67,50 кг.
 1. Красножон Олег/70		 66,90	Кривой Рог		210,0	120,0	232,5	562,5
 2. Пряхин Станислав/75		 67,00	Феодосия		185,0	117,5	217,5	512,5
 3. Вербицкий Сергей/70		 67,10	Черкассы		177,5	120,0	215,0	512,5
 4. Ланской Евгений/74		 66,75	Бердянск		195,0	107,5	205,0	507,5
 5. Висицкий Николай/72		 66,80	Белая Церковь		167,5	127,5	212,5	507,5
 6. Одарич Сергей/70		 67,35	Рубежное		182,5	115,0	190,0	487,5
 7. Бурехин Александр/77	 67,25	Винница			190,0	100,0	195,0	485,0
 8. Очеретнюк Олег/72		 67,10	Киев			170,0	120,0	180,0	470,0
 9. Тузницкий Игорь/74		 66,60	Ивано-Франковск		172,5	110,0	180,0	462,5
10. Нерененя Виталий/71		 66,60	Черкассы		140,0	112,5	190,0	442,5
11. Быков Алексей/76		 66,60	Рубежное		160,0	100,0	175,0	435,0
12. Чеботарев Роман/77		 64,50	Горловка		175,0	 87,5	177,5	427,5
13. Пьянчук Николай/73		 67,00	Кировоград		130,0	 90,0	185,0	405,0
14. Аникин Сергей/74		 64,50	Каменец-Подольский	130,0	 95,0	170,0	395,0
 -  Дробович Руслан/74		 62,80	Жмеринка		---,-	---,-	---,-	    0
 -75,00 кг.
 1. Соловьев Дмитрий/70		 73,15	Киев			245,0	170,5	245,0	660,0
								    4-я 172,5
 2. Зарипов Ринат/70		 74,00	Измаил			230,0	162,5	260,0	652,5
 3. Молокоедов Олег/70		 73,55	Черкассы		217,5	167,5	260,0	645,0
								    4-я 171,0
 4. Хуруджи Виктор/75		 73,50	Днепропетровск		235,0	150,0	225,0	610,0
 5. Ткаченко Владимир/74	 74,55	Киев			215,0	120,0	220,0	555,0
 6. Несмачный Виктор/72		 71,70	Горловка		200,0	145,0	190,0	535,0
 7. Дмитриев Алексей/74		 71,40	Харьков			190,0	130,0	210,0	530,0
 8. Иванченко Игорь/75		 72,00	Черкассы		180,0	122,5	227,5	530,0
 9. Роженко Михаил/74		 70,90	Львов			200,0	115,0	210,0	525,0
10. Тимербек Андрей/74		 74,20	Бердянск		190,0	110,0	220,0	520,0
11. Иванов Евгений/72		 74,00	Чернигов		185,0	115,0	215,0	515,0
12. Гогинава Сергей/73		 72,90	Харьков			190,0	125,0	190,0	505,0
13. Нефедов Дмитрий/73		 73,20	Кировоград		165,0	112,5	225,0	502,5
14. Мовчан Олег/75		 72,75	Черкассы		172,5	127,5	190,0	490,0
15. Волошин Михаил/73		 72,25	Ивано-Франковск		160,0	140,0	185,0	485,0
16. Тимкович Владимир/74	 72,70	Ивано-Франковск		175,0	120,0	180,0	475,0
17. Мосиенко Виктор/74		 72,00	Кировоград		140,0	115,0	190,0	445,0
 -  Антонов Олег/74		 73,25	Одесса			---,-	---,-	---,-	    0
 -  Карый Сергей/73		 75,00	Винница			---,-	---,-	---,-	    0
 -82,50 кг.
 1. Долина Эдуард/73		 82,00	Макеевка		270,0	155,0	292,5	717,5
 2. Романенко Сергей/72		 81,10	Токмак			272,5	165,0	272,5	710,0
 3. Братусь Вадим/73		 82,00	Борисполь		275,0	165,0	270,0	710,0
							    4-я 280,0
 4. Закладной Геннадий/76	 80,80	Токмак			245,0	180,0	230,0	655,0
 5. Савяк Сергей/76		 81,10	Ивано-Франковск		260,0	135,0	240,0	635,0
 6. Тешу Сергей/76		 77,40	Днепропетровск		235,0	142,5	230,0	607,5
 7. Тевловский Михаил/75	 80,00	Киев			200,0	145,0	250,0	595,0
 8. Сердюков Александр/75	 81,90	Киев			205,0	127,5	222,5	555,0
 9. Никитин Сергей/74		 81,10	Харьков			205,0	132,5	215,0	552,5
10. Сытник Сергей/73		 77,70	Черкассы		205,0	117,5	210,0	532,5
11. Щербина Александр/72	 82,50	Чернигов		200,0	105,0	200,0	505,0
12. Беляник Богдан/75		 75,30	Ивано-Франковск		160,0	115,0	185,0	460,0
13. Савков Руслан/71		 78,70	Каменец-Подольский	160,0	115,0	185,0	460,0
 -90,00 кг.
 1. Соловьев Алексей/75		 89,90	Киев			295,0	192,5	272,5	760,0
 2. Соломин Михаил/71		 89,20	Львов			297,5	202,5	257,5	757,5
 3. Трискиба Иван/74		 86,85	Бердянск		240,0	160,0	280,0	680,0
 4. Прохоров Вячеслав/74	 84,55	Макеевка		277,5	130,0	270,0	677,5
 5. Костенко Юрий/71		 85,00	Киев			230,0	157,5	272,5	660,0
 6. Лялюк Виталий/71		 89,90	Харьков			250,0	157,5	252,5	660,0
 7. Чередник Денис/75		 84,50	Бердянск		250,0	150,0	255,0	655,0
 8. Пономаренко Виталий/74	 87,60	Ивано-Франковск		220,0	175,0	225,0	615,0
 9. Каниболоцкий Владимир/72	 85,60	Бердянск		235,0	125,0	225,0	595,0
10. Довгань Вячеслав/74		 87,20	Богуслав		180,0	140,0	220,0	540,0
11. Галушко Николай/71		 88,10	Борисполь		200,0	130,0	210,0	540,0
12. Марфула Николай/73		 89,35	Кировоград		180,0	130,0	230,0	540,0
13. Ткаченко Сергей/76		 89,30	Одесса			200,0	150,0	225,0	535,0
14. Мельниченко Сергей/73	 86,00	Одесса			185,0	120,0	215,0	520,0
15. Исаев Олег/74		 86,00	Черкассы		205,0	115,0	190,0	510,0
16. Шелковый Александр/75	 87,25	Чернигов		170,0	115,0	200,0	485,0
-100,00 кг.
 1. Войцеховский Валерий/72	 97,30	Львов			315,0	185,0	307,5	807,5
 2. Королев Олег/71		 98,50	Днепропетровск		300,0	195,0	285,0	780,0
 3. Патана Вадим/76		 97,65	Макеевка		255,0	180,0	220,0	655,0
 4. Оноприенко Александр/72	 95,75	Черкассы		240,0	147,5	245,0	632,5
 5. Черноус Павел/70		100,00	Чернигов		210,0	140,0	255,0	605,0
 6. Батюк Владимир/74		 95,00	Киев			210,0	130,0	250,0	590,0
 7. Сильниченко Владимир/74	 90,10	Львов			190,0	125,0	230,0	545,0
 8. Кучма Ярослав/75		 98,70	Рубежное		190,0	130,0	215,0	535,0
 9. Хомовский Александр/75	 93,20	Каменец-Подольский	185,0	127,5	215,0	527,5
 -  Погорелов Олег/72		 99,40	Бердянск			---,-	---,-	---,-	    0
-110,00 кг.
 1. Старов Михаил/73		100,10	Харьков			310,0	180,0	300,0	790,0
 2. Войцеховский Альберт/70	102,00	Львов			290,0	167,5	325,0	782,5
 3. Безбородько Олег/72		103,00	Чернигов		225,0	165,0	270,0	660,0
 4. Крутенко Юрий/73		107,80	Черкассы		260,0	165,0	235,0	660,0
 5. Котлубей Александр/74	100,20	Бердянск		235,0	145,0	230,0	617,5
 6. Панченко Анатолий/72	106,90	Киев			190,0	150,0	225,0	565,0
-125,00 кг.
 1. Будник Андрей/71		117,80	Днепропетровск		295,0	200,0	275,0	770,0
									    4-я 285,5
 2. Радченко Андрей/73		111,60	Горловка		245,0	140,0	272,5	650,0
 3. Данилов Геннадий/74		110,55	Черкассы		240,0	157,5	245,0	642,5





















© 2000 Сергей
    Рыжук.
    Авторские права  принадлежат
Федерации пауэрлифтинга
    Украины.
    Все права защищены. 

Пишите
    по поводу размещения рекламы на сайте ФПУ
Enquire about advertising on the UPF
    website

© 2000 Sergiy
    Ryzhuk.
    Copyright by
Ukrainian Powerlifting Federation.
    All rights reserved.







