                                                                                            Bitesize #5 - Maidenhead - 21 October 2017
                                                                                                                                                                                                                                        (3)
                                               WtCls          Wilks                                                                                                                                            (1) PL        (2)                Pl-Div-
Name                  Team    Div   Bwt (kg)           lot#            Age   Age Coeff   SQ-1    SQ-2     SQ-3     Best SQ   BP-1     BP-2     BP-3    Best BP Sub Total   DL-1    DL-2     DL-3     Best DL                           Age-
                                                (kg)          Coeff                                                                                                                                             Total     Wilks Pts           WtCls-Evt
                                                                                                                                                                                                                                       Wilks
David Hughes           SM     MO     133.7     120+    29     0.5629   23         1       280      300      310      310       180      190    -200      190      500       300      325      345      345       845       475.651    475.651 1-MO-PL
Simon Simpson          SM     MO     101.8      105    32     0.6044   37         1       200      220     227.5    227.5     -160      160    -170      160     387.5      260      275     -290      275      662.5      400.415     0.000   2-MO-PL
David Chudley          SM     MO      92.9       93    28     0.6285   20       1.03      190     -200      205      205       150      155     160      160      365       240      250      260      260       625       392.812    404.597 3-MO-PL
Dan Northover          SM     MO      90.7       93    25     0.6359   34         1       205     212.5    -215     212.5     147.5    -150     150      150     362.5      215    -222.5    222.5    222.5      585       372.002     0.000   4-MO-PL
Wayne Searle           SM     MO      98.6      105    34     0.6121   31         1       180      195      205      205       125      135     140      140      345       220      240      250      250       595       364.200     0.000   5-MO-PL
Calum Duthie           SM     MO       98       105    23     0.6136   28         1       155     167.5    177.5    177.5     117.5     125     130      130     307.5     207.5     220     232.5    232.5      540       331.344     0.000   6-MO-PL
Kit Man Li             SM     MO      94.5      105    30     0.6235   23         1       165      180      190      190       100      110    -115      110      300       170      190      200      200       500       311.750    311.750 7-MO-PL
Oliver March           SM     MO      94.4      105    31     0.6238   39         1      152.5   -162.5    -165     152.5    -117.5   -122.5   122.5    122.5     275       180      190      200      200       475       296.305     0.000   8-MO-PL
Cameron Johnson        SM     MO      81.6       83    24     0.6744   27         1       145      155      160      160      -77.5     82.5     85       85      245      172.5    177.5     185      185       430       289.992     0.000   9-MO-PL
Ben Prime              SM     MO       95       105    20      0.622   26         1       140      150    -157.5     150       100     -105    -105      100      250       190      205    -212.5     205       455       283.010     0.000  10-MO-PL
Brian Montague         SM     MO      68.4       74    22      0.763   33         1        70       85       90       90        65       70     72.5     72.5    162.5      130      140      150      150      312.5      238.438     0.000  11-MO-PL
Ben Tarry              SM     MO      52.3       53    21     0.9754   22       1.01       70     -77.5     77.5     77.5       50     -57.5   -57.5      50     127.5       95      105     -120      105      232.5      226.780    229.048 12-MO-PL
Catherine Smith        SM     FO      54.7       57     4     1.1985   22       1.01      110     117.5     120      120        50       55      60       60      180       135     147.5     160      160       340       407.490    411.565 1-FO-PL
Claire Sear            SM     FO      61.8       63     5     1.0898   26         1      117.5    122.5    -125     122.5       70      72.5     75       75     197.5     137.5     150      160      160      357.5      389.604     0.000   2-FO-PL
Amy Spencer           Guest   FO      71.3       72     2     0.9824   24         1       130     137.5     140      140       72.5     77.5     80       80      220      142.5    152.5    -160     152.5     372.5      365.944     0.000   3-FO-PL
Varena Manchip         SM     FO       84        84    14     0.8917   48      1.097      120      130      140      140        45       55     62.5     62.5    202.5      150      160      170      170      372.5      332.158    364.378 4-FO-PL
Galit Goldshmid        SM     FO      62.6       63     9     1.0792   40         1        90      97.5     100      100       72.5    -77.5    77.5     77.5    177.5      130    -142.5   -142.5     130      307.5      331.854    331.854 5-FO-PL
Tanya Franklin         SM     FO      60.3       63    18     1.1106   35         1        85      92.5     97.5     97.5       45      52.5   -57.5     52.5     150       115     127.5     135      135       285       316.521     0.000   6-FO-PL
Rita Shergold          SM     FO      70.3       72    15     0.9919   52      1.165      -95      100      105      105        65      -70     -70       65      170       105      115      125      125       295       292.611    340.891 7-FO-PL
Elizabeth Morrissey    SM     FO      91.2      84+     6     0.8594   30         1       120      125      130      130        60      62.5     65       65      195       130      135     137.5    137.5     332.5      285.750     0.000   8-FO-PL
Niamh Appleby          SM     FO      59.9       63    13     1.1163   34         1       82.5     87.5     92.5     92.5      -45      47.5    -50      47.5     140        95      105     107.5    107.5     247.5      276.284     0.000   9-FO-PL
Josefine Nilsson       SM     FO      76.4       84    10     0.9399   27         1        95      105      110      110        55       60     62.5     62.5    172.5      100      110     112.5    112.5      285       267.871     0.000  10-FO-PL
Franka Ransome         SM     FO      76.3       84     8     0.9406   45      1.055       90      97.5     105      105       -45       50     -55       50      155      112.5     120      125      125       280       263.368    277.853 11-FO-PL
Leanne Greatorex       SM     FO      64.4       72    11     1.0564   24         1       82.5     87.5     92.5     92.5      42.5     47.5    52.5     52.5     145        90      97.5    102.5    102.5     247.5      261.459     0.000  12-FO-PL
Steph Willcox          SM     FO      89.2      84+    16     0.8673   31         1       115    -122.5    122.5    122.5      47.5      50     52.5     52.5     175      117.5     125     -130      125       300       260.190     0.000  13-FO-PL
Yvonne McCall          SM     FO      68.9       72    19     1.0059   46      1.068      77.5      80       85       85        50       55    -57.5      55      140       105     112.5    117.5    117.5     257.5      259.019    276.633 14-FO-PL
Ellie Davies           SM     FO      83.9       84     7     0.8923   27         1        95      105      110      110        65      67.5     70       70      180       105     -115     -115      105       285       254.306     0.000  15-FO-PL
Bev Carder             SM     FO      69.8       72     3     0.9968   38         1        80      87.5     -95      87.5       40      -45      45       45     132.5      105      115      120      120      252.5      251.692     0.000  16-FO-PL
Lizzie Cooke           SM     FO      64.9       72    12     1.0503   55      1.225       40       45     -47.5      45        30     -32.5   -32.5      30       75        60      62.5      65       65       140       147.042    180.126 17-FO-PL

                                                                                                                                                                                                                                       (3)
Bench Press Results                            WtCls          Wilks                                                                                                                                            (1) Best      (2)               Pl-Div-
                      Team    Div   Bwt (kg)           lot#            Age   Age Coeff   SQ-1    SQ-2     SQ-3     Best SQ   BP-1     BP-2     BP-3    Best BP Sub Total   DL-1    DL-2     DL-3     Best DL                          Age-
Name                                            (kg)          Coeff                                                                                                                                               BP      Wilks Pts           WtCls-Evt
                                                                                                                                                                                                                                      Wilks
Dan Watkins            SM     MO      88.9      93     26     0.6424   26        1                                            180      190     -195      190                                                     190       122.056    0.000   1-MO-BP
