                                                                                                                Ontario Pro Powerlifting Meet
Dec. 10, 2011
                                       BWt     WtCls Glossbren         Squat    Squat    Squat    Squat   Best                                    Bench    Best   Sub                                         Best                 Coeff    Place
       Name              Age    Div                            RH Sq                                            RH BP Bench 1 Bench 2 Bench 3                             Deadlift 1 Deadlift 2 Deadlift 3              PL Total                    Pl-Div-WtCl   Events
                                       (Kg)    (Kg)     ner              1        2        3        4     Squat                                     4     Bench   Total                                      Deadlift              Score    code

  Stacey Jensen **       21    FE-JR   64.2    67.5    0.9358   DO      160      170     -175              170    1     110      -115    -115              110    280        160       172.5      182.5       182.5      462.5     432.78   2.00     1-FE-JR       PL
  Melissa Kennedy        23    FR-JR   58.8     60     1.0037   EO      75      82.5      -90             82.5    2      45      -50      -50              45     127.5     102.5       110        115         115       242.5     243.40   2.00     1-FR-JR       PL
  Deja Blagojevic**      33    FR-SM   67.4    67.5    0.9008   DO     -102.5   112.5    -117.5           112.5   2     62.5     67.5     70               70     182.5     137.5       145        150         150       332.5     299.50   2.00     1-FR-SM       PL
  Leah Gitterman         33    FR-SM    51      52     1.1247   FO     87.5     92.5      -95             92.5    2      -40      40      -45              40     132.5     102.5       110       112.5       112.5      245.0     275.55   2.00     2-FR-SM       PL
    Hilda Siegel         33    FR-SM   64.3    67.5    0.9346   GO     82.5     92.5      95      97.5     95     3     62.5     67.5     -70             67.5    162.5      120       -127.5     -127.5       120       282.5     264.02   2.00     3-FR-SM       PL
    Jodi Spivak          30    FR-SM   84.1     90     0.7774   FO     -115      115     -122.5            115    2     52.5      55      60               60     175       122.5      137.5      142.5       142.5      317.5     246.82   2.00     4-FR-SM       PL
   Artem Konyk**         22    ME-JR   83.3     90     0.6407   DO      330      355      370              370    2     200      215     -230              215    585        250       -277.5     -277.5       250       835.0     534.94   2.00     1-ME-JR       PL
 Artem Konyk (O)**       22    ME-O    83.3     90     0.6407   DO      330      355      370              370    2     200      215     -230              215    585        250       -277.5     -277.5       250       835.0     534.94   2.00      1-ME-O       PL
   Matthew Geisa         24    ME-O    89.1     90     0.6153   FO     -275      275                       275    5     185      190     -195              190    465        230        245        260         260       725.0     446.09   2.00      2-ME-O       PL
     Matt Brass          28    ME-O    89.4     90     0.6142   HI     207.5     230      240              240    4     155      165     -172.5            165    405        200        215       227.5       227.5      632.5     388.45   2.00      3-ME-O       PL
   Matt Bertrand         27    ME-O    97.9     100    0.5881   JO      225     -232.5                     225    4     147.5    -155                     147.5   372.5      255       -267.5     -272.5       255       627.5     369.00   2.00      4-ME-O       PL
  Andrew Kueber          26    ME-O    88.1     90     0.6193   EO      270      300     317.5            317.5   1     -180     -180    -180                                                                                               2.00                   PL
    Martin Wong          17    MR-17   109.8    110    0.5628   JO     177.5     195                       195    3     127.5    140      145              145    340       187.5      207.5      217.5       217.5      557.5     313.73   2.00     1-MR-17       PL
     Eric Baker          16    MR-17   75.6    82.5    0.6845   JO     142.5    152.5    -160             152.5   3     87.5     97.5    102.5            102.5   255        175        185        -195        185       440.0     301.16   2.00     2-MR-17       PL
  Jordan Schwabe         17    MR-17   82.8     90     0.6431   KO      85       -95     102.5            102.5   4      65      -70      70               70     172.5      125       137.5      157.5       157.5      330.0     212.22   2.00     3-MR-17       PL
   Kevin Cancian         22    MR-JR   81.9    82.5    0.6504   HO     207.5    222.5     230              230    3     132.5    140     -145              140    370       247.5       265        275         275       645.0     419.51   2.00     1-MR-JR       PL
 Tom Gackle-Smith        22    MR-JR   85.1     90     0.6322   GO      215     -227.5   227.5            227.5   4     135     142.5    -147.5           142.5   370       232.5      242.5       250         250       620.0     391.93   2.00     2-MR-JR       PL
Keenan Hollingsworth     22    MR-JR   99.7     100    0.5821   HO     217.5     240     -250              240    3     127.5   142.5     145              145    385        255        275       -292.5       275       660.0     384.15   2.00     3-MR-JR       PL
   Steve Cancian               MR-JR   73.4     75     0.6998   GO      170     177.5    187.5            187.5   4     112.5    -120    -120             112.5   300        210       -225        225         225       525.0     367.37   2.00     4-MR-JR       PL
 Cody Buchanauer         20    MR-JR   86.9     90     0.6265   HO      180      190      205              205    3     115      125     132.5            132.5   337.5      225       242.5                  242.5      580.0     363.37   2.00     5-MR-JR       PL
   Adam Wathan           24    MR-JR   99.4     100    0.5828   HO      185      205      215              215    4     135      145      150              150    365        205       227.5      -232.5      227.5      592.5     345.31   2.00     6-MR-JR       PL
   Jeremy Reisch         21    MR-JR   98.9     100    0.5854   HO     -157.5   157.5    167.5            167.5   3     130     137.5    -142.5           137.5   305        200       227.5       235         235       540.0     316.09   2.00     7-MR-JR       PL
    Denis Pronin         23    MR-JR   80.8    82.5    0.6535   EO     142.5     165      170              170    1     132.5   -142.5   -142.5           132.5   302.5     142.5      152.5      172.5       172.5      475.0     310.39   2.00     8-MR-JR       PL
  Michael Renouf         23    MR-JR    94      100    0.5980   GO      165      185      200              200    3      85     -102.5   102.5            102.5   302.5      185       -205        -215        185       487.5     291.53   2.00     9-MR-JR       PL
   Liam McBirnie         22    MR-JR   93.7     100    0.5990   JO     177.5     185     187.5            187.5   4     87.5     97.5    -102.5           97.5    285        185        190        200         200       485.0     290.52   2.00    10-MR-JR       PL
    Sean Behan           22    MR-JR   76.3    82.5    0.6800   GO      110      120      130              130    5      75      82.5    -87.5            82.5    212.5     152.5       165        180         180       392.5     266.88   2.00    11-MR-JR       PL
   Francis Nitsch        21    MR-JR   99.5     100    0.5826   IO      140     147.5    157.5            157.5   4     -105     110     -115              110    267.5      140        155       187.5       187.5      455.0     265.06   2.00    12-MR-JR       PL
     Danny Yiu           22    MR-JR    59      60     0.8467   HO     102.5    107.5    112.5    115     112.5   4     62.5      65     -67.5             65     177.5     102.5      107.5      -112.5      107.5      285.0     241.30   2.00    13-MR-JR       PL



        Best Lifter **                                                                                                          Page 1
                                                                                                           Ontario Pro Powerlifting Meet
Dec. 10, 2011
                                       BWt     WtCls Glossbren         Squat   Squat   Squat    Squat   Best                                    Bench    Best   Sub                                         Best                 Coeff    Place
        Name             Age    Div                            RH Sq                                          RH BP Bench 1 Bench 2 Bench 3                             Deadlift 1 Deadlift 2 Deadlift 3              PL Total                    Pl-Div-WtCl   Events
                                       (Kg)    (Kg)     ner              1       2       3        4     Squat                                     4     Bench   Total                                      Deadlift              Score    code

    Marc Demers          23    MR-JR   112.9    125    0.5592    II    230     -250    -250              230    5     150      165     -172.5            165    395       -265                                                            2.00                   PL
  Cameron Harvey         22    MR-JR   111.4    125    0.5606   IO     195     -205    -205              195    3     162.5    -170    -170             162.5   357.5                                                                     2.00                   PL
    John Kolesar         40    MR-M1   139.3    140    0.5317   KO     205     217.5   227.5    235     227.5   5     125     132.5    142.5    147.5   142.5   370       257.5      -265        -265       257.5      627.5     333.64   2.00     1-MR-M1       PL
  Joseph Lamonica        45    MR-M2   73.5     75     0.6990   FO     107.5   127.5   142.5            142.5   2      80       85     -87.5             85     227.5     147.5      172.5      -182.5      172.5      400.0     279.60   2.00     1-MR-M2       PL
     Derek Tiller        53    MR-M3   96.8     100    0.5897   FI     -185    -185     185              185    4     125     132.5    -142.5           132.5   317.5     227.5      242.5       -255       242.5      560.0     330.20   2.00     1-MR-M3       PL
  Michael Sinclair**     30    MR-O    117      125    0.5541   JO     277.5   290     302.5            302.5   5     212.5   222.5    -227.5           222.5   525       337.5       355        365         365       890.0     493.10   2.00     1-MR-O        PL
  Alastair MacNicol      24    MR-O    104.6    110    0.5714   IO     217.5   227.5   237.5            237.5   4     135     142.5    -150             142.5   380        260        270       -277.5       270       650.0     371.41   2.00     2-MR-O        PL
Darshan Singh Dhillon    24    MR-O    109.2    110    0.5637   HO     205     225      230              230    4     147.5   -157.5   -157.5           147.5   377.5      250        260        -275        260       637.5     359.33   2.00     3-MR-O        PL
    Jordan Moffitt       24    MR-O    96.9     100    0.5909   IO     165     205     -225              205    4     145      160      165              165    370        205       -250       -272.5       205       575.0     339.74   2.00     4-MR-O        PL
   Alex Filipowicz       25    MR-O    81.2    82.5    0.6513   HO     160     175      185              185    4     110      -115     115              115    300        205        215       -227.5       215       515.0     335.42   2.00     5-MR-O        PL
     Caleb Cox           26    MR-O    97.9     100    0.5881   JO     165     185     -192.5            185    4     120      130     -137.5            130    315        215        230       237.5       237.5      552.5     324.90   2.00     6-MR-O        PL
     Chris Mach          27    MR-O    71.4     75     0.7149   EO     137.5   145     -157.5            145    1     -125     125     -132.5            125    270       157.5       170       182.5       182.5      452.5     323.47   2.00     7-MR-O        PL
   Chris Kornacki        27    MR-O    88.3     90     0.6185   HO     165     182.5   -195             182.5   4     120     127.5    -132.5           127.5   310       187.5       200        -210        200       510.0     315.41   2.00     8-MR-O        PL
     Richard Lu          25    MR-O    81.7    82.5    0.6487   HO     150     157.5    170              170    3     102.5    115     122.5            122.5   292.5      170        185        190         190       482.5     313.00   2.00     9-MR-O        PL
     Paul Nitsch         24    MR-O    67.3    67.5    0.7504   GO     137.5   147.5    160              160    3      70      77.5    82.5             82.5    242.5     147.5       165        -175        165       407.5     305.77   2.00     10-MR-O       PL
   Alex Hoplyakov        29    MR-O     87      90     0.6239   JO     140     150     -160              150    4     117.5    125     -127.5            125    275        175       182.5      -187.5      182.5      457.5     285.41   2.00     11-MR-O       PL
  Andrew Segovia         27    MR-O    89.2     90     0.6149   HO     125     -135    -147.5            125    3     -42.5    52.5    -62.5            52.5    177.5      135       -147.5     -147.5       135       312.5     192.16   2.00     12-MR-O       PL
    Dallas Hogan         35    MR-SM   130.5    140    0.5398   HO     250     275      290              290    3     182.5    200     -217.5            200    490        320        340        -365        340       830.0     447.99   2.00     1-MR-SM       PL


    Best Lifters =       **




        Best Lifter **                                                                                                        Page 2
