                         British Masters Classic Qualifier - Saturday 9 December 2017
                                              WtCls                                                                 Sub                                       (1) PL    (2)
Name                  Team   Div   Bwt (kg)         SQ-1    SQ-2     SQ-3 Best SQ BP-1       BP-2    BP-3 Best BP           DL-1    DL-2     DL-3 Best DL                      Place
                                               (kg)                                                                 Total                                      Total Wilks Pts
June Stamp             GL F-M1        46       47     75       80      82.5   82.5     40    -42.5   -42.5    40    122.5   92.5      97.5    102.5   102.5    225    307.283   1st
Louise Sianiah-Burr    GL Senior     51.5      52     90      97.5    102.5   102.5    60     -65     -65     60    162.5    135    142.5      150     150    312.5   392.500   1st
Sofia Rufus           SW F-M1        51.3      52   102.5     110     -115     110     50      55    -57.5    55     165     110      120      125     125     290    365.313   2nd
Angelina Lane         Wa F-M1        50.5      52     80       85       90      90    52.5   -57.5   -57.5   52.5   142.5    110      120    -127.5    120    262.5   334.687   3rd
Jenny Hunter          EM  F-M2        52       52     65       75      82.5   82.5     60      65    67.5    67.5    150     115      125     -130     125     275    342.815   1st
Linda Kaminski         GL F-M3       49.3      52     95      100    -102.5    100     25       0       0     25     125    107.5    112.5     115     115     240    311.616   1st
Helen Hughes          SM  F-M1       56.4      57    110      115      120     120     75      80    -82.5    80     200     130      140     -150     140     340    397.834   1st
Karen Burns            NI F-M1       56.1      57     90      92.5      95      95    47.5     50    52.5    52.5   147.5    125      130      135     135    282.5   331.937   2nd
Samantha Devlin        Sc F-M2        55       57     70       75      77.5   77.5     40    42.5      45     45    122.5     90      100    107.5    107.5    230    274.459   1st
Sarah Butcher         SM  F-M3       55.7      57     75      -80      -80      75     35     -40      40     40     115     100      105      110     110     225    265.860   1st
Abi Graham            EM Senior      62.6      63    120      130      140     140     80      85    87.5    87.5   227.5    160      170     182.5   182.5    410    442.472   1st
Beverley Rodgers      SM  F-M1        63       63    115      125     -130     125    77.5     85     87.5   87.5   212.5   132.5   -142.5   -142.5   132.5    345    370.530   2nd
Emma Stott            NW F-M1        61.8      63   -110      110     -115     110     65     67.5    -70    67.5   177.5    140    152.5      155     155    332.5   362.359   3rd
Sharon Holmes         NW F-M1        62.2      63   122.5   127.5    -132.5   127.5    60      65     -70     65    192.5    125      135     -140     135    327.5   355.141   4th
Galit Goldshmid       SM  F-M1       62.9      63   -97.5     97.5    -110    97.5    72.5    77.5    -80    77.5    175     130     -140     -140     130     305    327.966   5th
Diane Stockwell        GL F-M2       61.6      63   97.5    102.5     -105    102.5    60      65    -67.5    65    167.5   112.5   117.5    122.5    122.5    290    316.825   1st
Alison Jones           GL F-M2       61.3      63    92.5     97.5   -102.5   97.5    52.5    -55     -55    52.5    150     120    127.5    -132.5   127.5   277.5   304.307   2nd
Sue Narey             YNE F-M2        61       63     95    102.5    -107.5   102.5   52.5    -55     -55    52.5    155    -105      115      120     120     275    302.693   3rd
Eno Majomi             GL F-M1       71.6      72   157.5     165     172.5   172.5    80     87.5   -92.5   87.5    260     160      170     182.5   182.5   442.5   433.517   1st
Emma Taylor           YNE F-M1       69.5      72    120    122.5     137.5   137.5    65     67.5    -70    67.5    205     160      170     177.5   177.5   382.5   382.424   2nd
Nina Cambatta         EM Senior      69.7      72   122.5     130      135     135     70      75     77.5   77.5   212.5    160     -170      170     170    382.5   381.658   3rd
Wendie Kirkland       NM F-M1        71.2      72   117.5     125    -132.5    125     70      75     -80     75     200     130     137.5    -145    137.5   337.5   331.897   4th
Sue Burrows-Meaney     SE F-M1       71.7      72    120     127.5    132.5   132.5    55      60    62.5    62.5    195     130    137.5     -145    137.5   332.5   325.451   5th
Rowan Smith           SM  F-M1       71.6      72     95      105     -110     105    57.5     60     62.5   62.5   167.5    120      130    -137.5    130    297.5   291.461   6th
Paula Gentle          EM  F-M1       64.2      72     95      105    -107.5    105     50      55    -57.5    55     160     125      130     -135     130     290    307.052   7th
Laura Porter           GL F-M1       70.4      72   -92.5      95      100     100    52.5     55    -57.5    55     155     120     127.5    -130    127.5   282.5   279.957   8th
Carrie Wilks          NM F-M1        71.3      72     80       85      -90      85    -50     52.5     55     55     140    112.5    117.5    122.5   122.5   262.5   257.880   9th
Joy Mineo             NM F-M2         67       72    100      110      115     115     70     72.5   77.5    77.5   192.5   152.5     160    167.5    167.5    360    369.396   1st
Lynda Banks            Sc F-M2       69.6      72   102.5     110      115     115    57.5    62.5    -65    62.5   177.5    135      145     -150     145    322.5   322.113   2nd
Allison Gibson         Sc F-M2        70       72     95    102.5     107.5   107.5    45      50    52.5    52.5    160     135    142.5    147.5    147.5   307.5   305.901   3rd
Gloria Fitzpatrick     SE F-M2       71.6      72    100      105     107.5   107.5    55     -60     -60     55    162.5   127.5   137.5     -145    137.5    300    293.910   4th
Rita Shergold         SM  F-M2       69.2      72    105    -107.5   -107.5    105     60     62.5     65     65     170    112.5    117.5    127.5   127.5   297.5   298.333   5th
Susan Aldred          YNE F-M2       69.1      72     85      -95       95      95    52.5     55    -57.5    55     150     100     107.5     115     115     265    266.007   6th
Angela Houldershaw    NM F-M2         72       72     80       85      87.5   87.5    42.5    47.5     50     50    137.5    110      120      125     125    262.5   256.200   7th
Julie Rose            NM F-M2        71.7      72    82.5     87.5     92.5   92.5    42.5    47.5     50     50    142.5    100      105     107.5   107.5    250    244.700   8th
                                                WtCls                                                                    Sub                                  (1) PL    (2)
Name                   Team   Div    Bwt (kg)         SQ-1    SQ-2     SQ-3 Best SQ BP-1        BP-2    BP-3 Best BP             DL-1   DL-2   DL-3 Best DL                    Place
                                                 (kg)                                                                    Total                                 Total Wilks Pts
Henry Chay             NW     M-M2     58.2      59    130      140      145     145      75      80     -82.5     80     225   170  -190   -190      170      395    346.534   1st
Richard Gould          NW     M-M2     57.7      59   92.5      97.5   102.5    102.5   62.5      65      67.5   67.5     170   125 132.5 137.5      137.5    307.5   271.984   2nd
David Brown            EM     M-M3     58.9      59     85       90      95       95    67.5      70      72.5   72.5    167.5 122.5 127.5 132.5     132.5     300    260.250   1st
Greig Murray            NI    M-M1     64.5      66    155      165    167.5    167.5    115     120    -122.5    120    287.5 210    220  227.5     227.5     515    412.206   1st
Roger Hamilton-Smith   SM     M-M1     65.4      66   147.5     165      175     175    97.5    112.5     115     115     290 202.5 217.5   225       225      515    407.417   2nd
David Gray             WM     M-M2     65.1      66    150      165      175     175    122.5   127.5    132.5   132.5   307.5 210    230    245      245     552.5   438.796   1st
Shaun Bateman          SW     M-M2     64.1      66    150      160     162.5   162.5    115     120    -122.5    120    282.5 185    195 -197.5      195     477.5   384.197   2nd
Ted Byrne              NM     M-M3     64.1      66    125    132.5      140     140    77.5     82.5      85      85     225   170  -190   -190      170      395    317.817   1st
William Taylor         NM     M-M3     65.5      66    115     -125     -125     115    82.5     87.5      90      90     205   125   135  142.5     142.5    347.5   274.560   2nd
Malcolm Bainbridge      SE    M-M4     64.8      66     90      100      110     110      70      75      77.5   77.5    187.5 160    170   -180      170     357.5   285.035   1st
Martin Smith           SW     M-M1     71.3      74    150      160     -170     160     120     130     -135     130     290   200   210    215      215      505    373.195   1st
Bernard McGurk          Sc    M-M2     73.4      74    160     167.5     175     175    102.5    110    -112.5    110     285   215  -220   -220      215      500    361.750   1st
Allen Ottolangui       EM     M-M2     73.8      74    160      175    -187.5    175    87.5      95     -100      95     270   180 -192.5 -192.5     180      450    324.315   2nd
John Laird             Wa     M-M2     71.6      74    125      135     -140     135     105    -110     -110     105     240   140   155    160      160      400    294.680   3rd
Kevin Payne             SE    M-M3     69.6      74    100      110      115     115      75      80       85      85     200   170   185   195       195      395    297.316   1st
Ernie Parkes            SE    M-M4     73.3      74    130     142.5     150     150      75      80       85      85     235   200 212.5     0      212.5    447.5   324.080   1st
David O'Brien          YNE    M-M1     82.5      83    180        0    -182.5    180     130     135    -137.5    135     315   210   225   -230      225      540    361.746   1st
Jasvinder Singh        WM     M-M1     81.1      83    160      170      180     180     140    147.5    152.5   152.5   332.5 190    205   -210      205     537.5   363.834   2nd
Andrew Catley          EM     M-M1     82.6      83   172.5   -177.5   -177.5   172.5    125    -130      130     130    302.5 200    210    220      220     522.5   349.761   3rd
Toby Sharp             EM     M-M1     81.3      83    175     182.5   -187.5   182.5    105     110     -115     110    292.5 210 217.5     225      225     517.5   349.778   4th
Glen Blacklock         YNE    M-M1     82.3      83    165      175     182.5   182.5   112.5   117.5     120     120    302.5 180 192.5     200      200     502.5   337.127   5th
David Clifford         NW     M-M2     82.4      83    190      200     207.5   207.5    120    127.5     130     130    337.5 230    240   245       245     582.5   390.508   1st
Alan Joseph             GL    M-M2     82.5      83    185      195      205     205     120    122.5     125     125     330   225   235    250      250      580    388.542   2nd
                           British Masters Classic Qualifier - Sunday 10 December 2017
                                                WtCls                                                                    Sub                                    (1) PL    (2)
Name                 Team    Div     Bwt (kg)         SQ-1     SQ-2    SQ-3 Best SQ BP-1       BP-2     BP-3 Best BP             DL-1    DL-2   DL-3 Best DL                     Place
                                                 (kg)                                                                    Total                                   Total Wilks Pts
Jennifer Sherwood    WM     F-M1      81.5        84    135    142.5 147.5     147.5   72.5    77.5       80      80     227.5    170     180   185      185    412.5   373.642   1st
Kyla Mulholland       NI    F-M1       84         84    130     135  -140       135    77.5    82.5       85      85      220     150     155   160      160     380    338.846   2nd
Verena Manchip       SM     F-M1       84         84    130     140  147.5     147.5   57.5    62.5     -67.5    62.5     210     160    -170 -172.5     160     370    329.929   3rd
Adele Fothersgill    NW     F-M1      82.2        84    115    -125  -125       115     65     67.5      -70     67.5    182.5    120     125   130      130    312.5   281.781   4th
Jodi Weaver          NM     F-M1      83.7        84    115     120   125       125     55     57.5       60      60      185    112.5   117.5 122.5    122.5   307.5   274.690   5th
Jean Maton           SM     F-M2      82.6        84    115     125 -127.5      125    72.5    77.5       80      80      205     140     150  -155      150     355    319.287   1st
Karen Houghton       SW     F-M2      80.3        84   102.5   107.5  110       110     50      -55       55      55      165     110     120   125      125     290    264.799   2nd
Tracey O'Callaghan   Wa     Senior    97.7       84+   172.5    180 -187.5      180    77.5    82.5       85      85      265     180    187.5 192.5    192.5   457.5   383.614   1st
Jo Whiteley          NW     F-M1      116.1      84+   -165    172.5 -180      172.5   82.5      85      87.5    87.5     260     175    182.5 -185     182.5   442.5   355.991   2nd
Kelly Phasey         WM     F-M1      121.7      84+    160     170   175       175    92.5    97.5     -100     97.5    272.5   157.5    165 -172.5     165    437.5   348.994   3rd
Sarah Marsden        EM     F-M1      108.5      84+    165    172.5  175       175     85       90      92.5    92.5    267.5    155    167.5 -170     167.5    435    354.743   4th
Siobhan Taylor       EM     Senior    95.4       84+    120     130   135       135     60      -70       70      70      205     140    152.5  160      160     365    308.498   5th
Emily Portlock       SW     F-M1      117.8      84+   122.5   132.5 142.5     142.5   47.5     55      -62.5     55     197.5    140     150   155      155    352.5   282.811   6th
Kelly Tuson          SE     F-M1      86.6       84+    110     120   130       130     60      -65       65      65      195     120     130   140      140     335    294.398   7th
Carol Taylor         Wa     F-M1      101.4      84+   117.5    125   130       130    52.5     -55      -55     52.5    182.5   127.5    135   140      140    322.5   267.449   8th
Betty Gray           SE     F-M2      99.9       84+   -135    -135   135       135    62.5    67.5       70      70      205    187.5   197.5   0      197.5   402.5   335.202   1st
Libby Blair           NI    F-M2      115.7      84+    135    142.5  150       150    67.5    -72.5     72.5    72.5    222.5    170     180  -185      180    402.5   324.013   2nd
Jackie Blasbery      Gu     F-M2      85.8       84+    115     125   130       130    72.5    77.5      82.5    82.5    212.5    150     160   165      165    377.5   333.182   3rd
Karen Simpson        NM     F-M2      102.5      84+    115     120   125       125    42.5     45       47.5    47.5    172.5   132.5    140   145      145    317.5   262.509   4th
Rachael Ward         NM     F-M2      93.6       84+     90     95    100       100     50     52.5       55      55      155     100    107.5 112.5    112.5   267.5   227.616   5th
                                                WtCls                                                                    Sub                                    (1) PL    (2)
Name                 Team    Div     Bwt (kg)         SQ-1     SQ-2    SQ-3 Best SQ BP-1       BP-2     BP-3 Best BP             DL-1    DL-2   DL-3 Best DL                     Place
                                                 (kg)                                                                    Total                                   Total Wilks Pts
Ian Shaw             NW M-M1          90.6        93   212.5    220     225     225    117.5    122.5   -127.5   122.5   347.5   -260     270    280     280    627.5   399.278   1st
Sheridan Wray        YNE M-M1         92.8        93    180    192.5    200     200     170     182.5     185     185     385     225     240   -250     240     625    393.000   2nd
Matt Lingard         WM M-M1          92.2        93    190     210     220     220     140      150    157.5    157.5   377.5   200      220     0      220    597.5   376.903   3rd
Drew Blackman         SE Senior       92.9        93    185     200     210     210     140    -147.5   -152.5    140     350     220     235 -242.5     235     585    367.672   4th
Richard Parish       YNE M-M1         92.2        93    175    187.5    195     195     100      105    107.5    107.5   302.5   220     232.5 -237.5   232.5    535    337.478   5th
Robert Rodney         GL M-M2         85.2        93    180     200      0      200     120       0        0      120     320     230     265     0      265     585    384.638   1st
William Westwater    WM M-M2           92         93   162.5   172.5   182.5   182.5   107.5    112.5    117.5   117.5    300     195     205     0      205     505    318.908   2nd
Carl Thomas          NM M-M2          88.4        93    145    152.5   157.5   157.5   87.5      95       100     100    257.5    190    202.5 -210     202.5    460    296.424   3rd
Andy Bonner          SM M-M3          92.1        93    160      0       0      160     100      120       0      120     280     220     255     0      255     535    337.638   1st
Clive Lingard        WM M-M4          92.2        93     90     100    -105     100      95     -100    -102.5     95     195     130     150   -170     150     345    217.626   1st
Thomas Celestine      GL M-M1         100.8      105    235    242.5   247.5   247.5    115      120     -125     120    367.5   280     -300     0      280    647.5   392.838   1st
Wayne Phillips       NW M-M2          103.5      105   -190     190     200     200     155      160     -165     160     360     230     250   -265     250     610    366.366   1st
Chris Cooper         YNE M-M2         103.6      105    180     190     200     200     145      150    152.5    152.5   352.5    205     220    230     230    582.5   349.733   2nd
Darren Lloyd          NM    M-M2   104.9    105  170  -185    185     185     155    -160   -160     155     340  200   220    225     225     565    337.757   3rd
Michael Denzil         GL   M-M2   100.8    105  155   165   172.5   172.5   97.5    107.5 112.5    112.5    285  175 187.5    200     200     485    294.250   4th
Darren Greville       EM    M-M1   115.8    120  215   230  232.5    232.5   157.5   167.5  170      170    402.5 220   240  252.5    252.5    655    379.900   1st
Steve Gott            YNE   M-M1   119.6    120  205   220  232.5    232.5   157.5   167.5  175      175    407.5 210   225   -240     225    632.5   363.940   2nd
Chris Godfrey         YNE   M-M1   115.8    120  215   225   -230     225    -130     130 -137.5     130     355 237.5 247.5 -252.5   247.5   602.5   349.450   3rd
Alister Murdoch        GL   M-M2   110.2    120  215 232.5    240     240     190     200    205     205     445  240   255     0      255     700    411.740   1st
David Charnock        NW    M-M2   117.3    120  215   230   -245     230     125     135   -140     135     365  230   250    260     260     625    361.313   2nd
Ian Finch             EM    M-M3   117.5    120  170   180     0      180     115     125            125     305  200   215     0      215     520    300.456   1st
Chris Gladding        EM    M-M4   111.6    120 132.5 142.5 -152.5   142.5    105    112.5 -117.5   112.5    255  160   170    180     180     435    254.910   1st
Chris Baker           YNE   M-M1   141.9   120+ 245 262.5 267.5      267.5    210     220   -225     220    487.5 265   280    305     305    792.5   441.977   1st
James Brincat-Smith   NM    M-M1   196.6   120+ -260   260 -272.5     260    132.5    140 -147.5     140     400  240   260     0      260     660    351.186   2nd
Andrew Rodney         EM    M-M2   120.5   120+ 180     0      0      180     150     160   170      170     350  220   250    265     265     615    353.256   1st
Bob Sadler            Wa    M-M2   129.2   120+ -210   210     0      210     120     130    140     140     350  220   240   -265     240     590    334.058   2nd
