Oct. 24, 2020        UPA Monster Smash-Lb Results

                                   BWt    WtCls                                               Best                                   Best      Sub    Deadlift   Deadlift   Deadlift    Best                     Coeff
       Name          Age    Div                     Schwartz   Squat 1   Squat 2   Squat 3            Bench 1   Bench 2   Bench 3                                                                 PL Total                Pl-Div-WtCl
                                   (Lb)    (Lb)                                               Squat                                 Bench     Total      1          2          3       Deadlift                  Score
Cheryl Christen       59   FM4R    114     114       0.958      154.32 176.37 181.88         181.88    93.696    99.207    104.72   104.72    286.6   214.95      236.99    -242.51    236.99      523.5925     227.525    1-FM4R-114
Sheri Mura            55   FM4R   255.2   SHW       0.5307       286.6  303.13 314.16        314.16    121.25    132.28    137.79   137.79   451.94   314.16     -341.71    -341.71    314.16      766.0985   184.41825   1-FM4R-SHW
Aurora Falconer       38   FSMR   191.6    198      0.6027      292.11 325.18 358.25         358.25    176.37     192.9    203.93   203.93   562.17   352.74      385.81     402.34    402.34      964.5125   263.68125    1-FSMR-198
Rachelle Castro       35   FSMR   220.2   SHW       0.5568      165.35 187.39 225.97         225.97    99.207    115.74   -137.79   115.74   341.71   242.51      259.04     303.13    303.13      644.8455     162.864   1-FSMR-SHW
Rachel Zenk           29    FOR   112.2    114       0.999      203.93 225.97 242.51         242.51    143.3     159.83    170.86   170.86   413.36   253.53      275.58     303.13    303.13       716.495     324.675    1-FOR -114
Ashley Condray        32    FOR    129     132      0.8345      325.18 347.22 352.74         352.74    159.83   -170.86    170.86   170.86   523.59   402.34     -413.36     413.36    413.36       936.955    354.6625    1-FOR -132
Lindsay Maydea        29    FOR   129.8    132      0.8437      187.39 214.95 225.97         225.97    132.28     143.3   -159.83    143.3   369.27   248.02      275.58      286.6     286.6      655.8685   251.00075    2-FOR -132
McKensie Tankalson    27    FOR   146.8    148      0.7347      259.04 -270.06 -286.6        259.04    110.23   -115.74    115.74   115.74   374.78   242.51      264.55     281.09    281.09      655.8685   218.57325    1-FOR -148
Kasey Croy            29    FOR   319.2   SHW       0.4981      391.32 418.87 440.92         440.92    220.46    231.48   -253.53   231.48    672.4   413.36     -440.92     440.92    440.92      1113.323    251.5405   1-FOR -SHW
Kendra Patterson      26    FOR   198.5   SHW       0.5853     -308.64 308.64 -319.67        308.64    209.44   -214.95    214.95   214.95   523.59   303.13      308.64      336.2     336.2       859.794     228.267   2-FOR -SHW
Kelsey Schueller      27    FOR   238.4   SHW       0.5389      248.02 253.53   286.6         286.6    121.25   -148.81    148.81   148.81   435.41   248.02       286.6     303.13    303.13       738.541    180.5315   3-FOR -SHW
Michael Miller        31   MORE   163.2    165      0.6716      352.74 374.78 407.85         407.85    259.04   -297.62   -297.62   259.04   666.89   402.34      440.92    -473.99    440.92     1107.8115     337.479   1-MORE-165
Patrick Richards      24   MORE   205.6    220      0.5734      401.24 440.92 468.48         468.48    275.58    303.13    319.67   319.67   788.14   496.04      534.62     -573.2    534.62       1322.76     344.04    1-MORE-220
Trevor Woodrum        33   MORE   216.6    220      0.5586     325.18 363.76 391.32          391.32   -275.58   292.11    319.67    319.67   710.98   325.18     413.36     457.45     457.45      1168.438     296.058   2-MORE-220
Mike Stoeder          31   MORE   241.8    242      0.5368      699.96 744.05 -760.59        744.05    407.85   -435.41    435.41   407.85   1151.9   749.56     -804.68    -804.68    749.56     1901.4675     462.99    1-MORE-242
Andrew Perez          31   MORE   268.6    275      0.5251      578.71 617.29 633.82         633.82    429.9     473.99    501.55   501.55   1135.4   650.36     -688.94     688.94    688.94     1824.3065   434.52025   1-MORE-275
Christopher Smith     45   MM2R   217.4    220      0.5575      485.01 512.57 534.62         534.62    314.16   -325.18    325.18   325.18   859.79   468.48      507.06     523.59    523.59     1383.3865   349.83125   1-MM2R-220
Brad Hornback         38   MSMR   241.4    242      0.5371      462.97 501.55   529.1         529.1    363.76   -385.81   -385.81   363.76   892.86   402.34      457.45    -507.06    457.45     1350.3175   328.97375   1-MSMR-242
Austin Williams       23    MJR   216.6    220      0.5586      473.99 501.55 523.59         523.59    303.13    319.67    330.69   330.69   854.28   501.55      534.62     562.17    562.17     1416.4555    358.9005    1-MJR -220
Colton Johnson        22    MJR   240.2    242      0.5377      507.06 534.62 551.15         551.15    308.64    347.22   -369.27   347.22   898.37   507.06      545.64     567.68    567.68      1466.059    357.5705    1-MJR -242
Tory Eaton            20    MJR    275     275      0.5214      198.41 275.58 303.13         303.13    137.79    165.35   -203.93   165.35   468.48    192.9      225.97     264.55    264.55      733.0295    173.3655    1-MJR -275
Jackson Turner        16   MT2R   185.4    198      0.6112      363.76 424.39 -440.92        424.39    203.93    236.99    253.53   253.53   677.91   319.67      363.76     418.87    418.87     1096.7885     304.072    1-MT2R-198
Andrew Turner         15   MT1R    198     198      0.5861      275.58 330.69 341.71         341.71    214.95   -242.51   -242.51   214.95   556.66   314.16       336.2     363.76    363.76      920.4205   244.69675    1-MT1R-198
Brandon Carvalho      30    MOR    198     198      0.5861      567.68 611.78 650.36         650.36    407.85    440.92   -451.94   440.92   1091.3   600.75      661.38    -710.98    661.38      1752.657    465.9495    1-MOR-198
Taylor Mickens        28    MOR   196.8    198      0.5881     451.94 485.01 501.55          501.55   314.16    330.69     336.2    330.69   832.24   473.99     507.06     534.62     534.62      1366.852     364.622    2-MOR-198
Kyle Farmer           30    MOR   239.4    242      0.5382       573.2  600.75 633.82        633.82    330.69    347.22    363.76   363.76   997.58   518.08      551.15     584.22    584.22     1581.8005    386.1585    1-MOR-242
Bob Moyer             33    MOR    300     308      0.5077      650.36 699.96 727.52         727.52    402.34    440.92   -462.97   440.92   1168.4    672.4     -705.47     705.47    705.47       1873.91     431.545    1-MOR-308
Joaquin Diazdeleon    46    MM2   326.6   SHW       0.4948      600.75 644.85     0          644.85   -402.34    402.34    402.34   402.34   1047.2   402.34      440.92     440.92    440.92      1488.105     333.99     1-MM2-SHW
Shane Ramburg         36     MO   233.4    242      0.5439      551.15 633.82 -699.96        633.82    369.27    402.34    402.34   402.34   1036.2   413.36      473.99     518.08    518.08      1554.243    383.4495     1-MO-242
Oct. 24, 2020 UPA Monster Smash-Lb Results
                               BWt    WtCls                                             Best    Deadlift   Deadlift   Deadlift    Best      Push Pull   Coeff
        Name     Age   Div                    Schwartz   Bench 1   Bench 2   Bench 3                                                                            Pl-Div-WtCl
                               (Lb)    (Lb)                                            Bench       1          2          3       Deadlift     Total    Score
Jon Rodman       46    MM2R   205.8    220     0.573     297.62    -308.64 -308.64     297.62   413.36     440.92     451.94     451.94      749.564   194.82  1-MM2R-220
William Potter   16     MT2   150.2    165    0.7201     148.81     159.83 -176.37     159.83    286.6     314.16     341.71     341.71     501.5465 163.82275 1-MT2-165


Cole Prince      18    MT3    177.8   181     0.6295     352.74    -369.27 -369.27     352.74   385.81     407.85     440.92     440.92     793.656    226.62    1-MT3-181
Oct. 24, 2020 UPA Monster Smash-Lb Results
                              BWt    WtCls                                               Best      Coeff
        Name     Age   Div                   Schwartz   Bench 1   Bench 2   Bench 3                         Pl-Div-WtCl
                              (Lb)    (Lb)                                              Bench      Score
Ellie Halladay   27    FOR    200    SHW     0.5827      203.93 225.97 231.48          231.483    61.1835   1-FOR -SHW
Wayne Paolo      78    MM8R   148     148    0.7297      198.41 220.46 225.97         225.9715   74.79425   1-MM8R-148
Ryan Kimball     40     MM1   350    SHW     0.4845     -540.13 -540.13 -540.13           0          0           0
Oct. 24, 2020 UPA Monster Smash-Lb Results
                           BWt    WtCls              Deadlift   Deadlift   Deadlift     Best      Coeff
       Name   Age   Div                   Schwartz                                                        Pl-Div-WtCl
                           (Lb)    (Lb)                 1          2          3       Deadlift   Score
Dakota Keto   13    FT1R   132     132    0.8286     99.207     137.79     154.32     154.322    58.002   1-FT1R-132
