                                                           2017 WUAP-USA NATIONAL CHAMPIONSHIPS
                                                                       POWERLIFTING

Women Raw Powerlifting
Lastname       Firstname    S   Cou.    BW     W.-Cl.     Class   SQ 1      2        3    4   BP 1      2       3      4     DL 1      2       3      4    Total    Resh.    PLACE
Kurnat         Veronika     F   UKR     55.3    -56     T 16-17     85     95      100         60      65      65             105     115     125          285,0   550.620     1
Kurowski       Kirstyn      F   USA     55.0    -56      Junior   77,5    87,5     92,5        55      60     62,5    62,5    115     125    137,5         285,0   553.470     1
Kurowski       Kayla        F   USA     56.3    -60      Junior     85    92,5    102,5       52,5     60     62,5            125     135    142,5   145   295,0   559.320     1
Kuckelman      Jeanne       F   USA     59.1    -60     M 55-59    57,5    60       65        52,5     55      60            102,5    110     115          235,0   424.880     1
Rykunyk        Inna         F   USA     65.8   -67,5     Open     112,5    125     125        62,5    67,5     70            152,5    160     165          357,5   596.310     1
Grammer        Lacy         F   USA     74.9    -75     T 18-19   77,5     95       95         40      50      50            92,5     110     120          227,5   351.715     1
Huber          Kelli        F   USA     73.8    -75      Subm.    107,5   107,5   112,5        55      60     67,5    72,5    120    127,5    130          310,0   482.980     1
Hawkins        Nicole       F   USA     73.4    -75      Open      130     135    137,5       67,5    72,5     75             120    127,5   127,5         325,0   508.300     1
Baez           Jasmine      F   USA     80.2   -82,5     Open      140     145    147,5        80     87,5     90            152,5   157,5   157,5         385,0   576.345     1
Peters         Trista       F   USA     78.4   -82,5     Open       80     90      97,5        50      55     57,5            95      100     115          260,0   393.120     2
Fox            Nicole       F   USA     86.4    -90      Open     147,5    160    172,5       97,5    105     115            187,5   197,5   207,5         462,5   667.388     1
Webber         Kaylla       F   USA     88.8    -90      Open     142,5   142,5    150        67,5     75     82,5           147,5   157,5    170          395,0   564.060     2
Smola          Rachel       F   USA     95.3    +90      Subm.    47,5     60       70         45      50     52,5           67,5    77,5    87,5          210,0   291.690     1
Jackson        Dena         F   USA    102.3    +90     M 40-44    120    122,5    135        77,5     85     87,5           132,5    140     145          355,0   480.670     1
Golaszewski    Elizabeth    F   USA    108.0    +90      Open     147,5    155    167,5        70      85     92,5            150     165    172,5         432,5   576.523     1
Niehaus        Tracy        F   USA     91.0    +90      Open      110     120    127,5        65     72,5    77,5            155    162,5    170          370,0   523.550     2

Men Raw Powerlifting
Jimenez        Alex         M   RAW     74.1    -75     T 16-17    165     185     190        102,5    120    127,5           185    207,5   217,5         527,5   597.130    1
Starkey        Dalton       M   RAW     74.7    -75      Junior    120     130    137,5        90      95     102,5           175    182,5    190          422,5   474.890    1
Overholt       David        M   RAW     73.0    -75     M 55-59   87,5     95      105        57,5     60      65             125    137,5    145          315,0   361.305    1
Kasper         Tony         M   RAW     74.1    -75      Open     142,5   142,5   167,5        115     120    137,5          182,5   192,5    205          480,0   543.360    1
Mendoza        Eric         M   RAW     77.2   -82,5     Junior   177,5    195     200        132,5   142,5   147,5           230     245     250          597,5   651.275    1
Elsayegh       Joseph       M   RAW     81.5   -82,5     Junior   142,5   152,5   152,5        120     130     130           177,5   182,5    185          447,5   464.953    2
Gonzalez       Connor       M   RAW     81.5   -82,5     Open      205    217,5   222,5        130     135     140           227,5   242,5    250          602,5   625.998    1
Tucker         Providence   M   RAW     81.7   -82,5     Open      210     225    227,5        125    132,5   137,5          227,5    235     240          602,5   625.998    2
Wilhelms       Ron          M   RAW     81.0   -82,5     Open     182,5   192,5   197,5        120    127,5   132,5          227,5   237,5   242,5         562,5   587.250    3
Fuentes        Jaime        M   RAW     85.8    -90     T 18-19    170    177,5    190        102,5    110     120            180    192,5   202,5         502,5   502.500    1
Gaull          Bill         M   RAW     86.4    -90      Open      160    167,5   177,5        130     135    142,5          227,5   237,5   252,5         572,5   570.210    1
Shultz         Luke         M   RAW     88.0    -90      Open      180     185     185                                                                     OUT      0.000    OUT
Pigney         Kyle         M   RAW     97.4   -100      Junior   212,5    225    232,5        150     155     160            220     230    232,5         617,5   571.805    1
Nance          Aaron        M   RAW     99.1   -100      Open      235     260     275         170     180    187,5          287,5   307,5    320          782,5   719.118    1
Turpin         Chris        M   RAW     90.8   -100      Open      255    272,5    280         150     160     165            265    277,5    285          722,5   695.768    2
Weber          Robbie       M   RAW     92.4   -100      Open      210    227,5    240         140    147,5    155            250    262,5   272,5         657,5   625.940    3
Rayford        Desmond      M   RAW     99.1   -100      Open     147,5    150     155        147,5    150     155            165     170    172,5         482,5   443.418    4
Manousaridis   Yianni       M   RAW    106.9   -110     T 16-17   247,5   262,5   262,5       152,5   162,5    165            230     235     235          640,0   572.160    1
Ernat          Gerald       M   RAW    108.4   -110      Junior    155    167,5   177,5        110     120    127,5           215    227,5   242,5         547,5   486.728    1
Hamma          Justin       M   RAW    106.1   -110      Subm.     100     100     110         100     110     120            160     180     200          420,0   375.900    1
Milavec        Mike         M   RAW    109.5   -110     M 40-44   182,5    200    207,5       162,5    175     175           182,5   222,5   222,5         527,5   467.365    1
Schaefer       Michael      M   RAW    107.8   -110      Open      200     215     230         130    142,5    150            230     250    272,5         637,5   567.375    1
Richard        Jared        M   RAW    108.6   -110      Open     227,5   247,5    250         125     130     130            240     250    257,5         630,0   560.070    2
Peters         Michael      M   RAW    101.9   -110      Open      180    187,5    200         135    142,5   142,5           225     235     245          567,5   515.858    3
Fluegel        Laken        M   RAW    119.4   -125      Junior    295     330    342,5       187,5   212,5    220            285    322,5   322,5         847,5   733.088    1
Grubbs         Jack         M   RAW    121.6   -125      Subm.     125    137,5    150        87,5     95     102,5          187,5    205    227,5         450,0   387.900    1
Treakle        Todd         M   RAW    120.5   -125     M 40-44    160     170    182,5        90      95       0             205    222,5   227,5         482,5   416.398    1
Krasnov        Pavlo        M   RAW    113.5   -125      Open      270     280     290         185     195    202,5           270     290    302,5         795,0   696.420    1
Kessler        Marc         M   RAW    125.0   -125      Open     247,5   272,5    280         200     215    222,5          247,5   272,5   272,5         750,0   643.500    2
Davis          Thomas       M   RAW    119.0   -125      Junior    165    187,5    200         120     125     125                                         OUT      0.000    OUT
Beall          Jason        M   RAW    139.0   -140      Open     212,5   227,5    235        137,5   142,5   147,5          212,5   227,5   237,5         615,0   517.215    1
Cisneros       Gerardo      M   RAW    137.6   -140      Open      220     225    232,5        130     135     140            195     205    217,5         577,5   486.833    2
Kauffman       Alexander    M   RAW    143.9   +140      Junior    205    227,5    250         125     145     160            205     205     240          627,5   525.218    1

Men Equipped Powerlifting
Calvert        Mark         M   EQU     84.0    -90     M 50-54   182,5   192,5   202,5       102,5    110    117,5           195     205    212,5         515,0   522.725    1
Olsen          Michael      M   EQU    107.9   -110     M 45-49    190     220     220         150     165     165            165     185     210          550,0   489.500    1
Minnis         Jonathan     M   EQU    108.6   -110      Open      300     300     320        192,5   197,5    200           302,5   312,5    320          795,0   706.755    1
Barnes         Isaac        M   EQU    105.8   -110     T 16-17    235     235     235                                                                     OUT      0.000    OUT
Huber          Bull         M   EQU    132.8   -140     M 50-54   217,5    230    237,5       147,5   155     160            262,5   282,5   292,5         680,0   576.640    1
