                                                                         FOUR NATIONS 04-NOV-2017
                                                                                                                         Sub
Name                  Team     Div     Bwt (kg) WtCls SQ-1      SQ-2     SQ-3 Best SQ BP-1      BP-2   BP-3    Best BP           DL-1    DL-2    DL-3     Best DL PL Total Wilks Pts    Pl-Div-WtCls-Evt
                                                                                                                         Total
Hannah Beaven         SCO    F-SCO-C     45.9     47    107.5     115    -117.5    115     52.5  57.5    60       60      175    137.5    146      150      150      325    444.535      1-F-SCO-C-47-PL
Joy Nnamani           ENG    F-ENG-C     56.1     57     135     142.5     150     150     77.5  82.5   -85      82.5    232.5    170     180      185      185     417.5   490.562      1-F-ENG-C-57-PL
Helen Hughes          ENG    F-ENG-C     55.9     57     110     117.5   -122.5   117.5     75    80   -82.5      80     197.5    135     145      150      150     347.5   409.459      2-F-ENG-C-57-PL
Julie Kearney          NI     F-NI-C     56.5     57      95      100     102.5   102.5     60    65   -67.5      65     167.5    120     130    -137.5     130     297.5   347.599        1-F-NI-C-57-PL
Alison Drysdale        NI     F-NI-E    55.5     57       75       85      97.5   97.5      50  52.5   -57.5     52.5     150     105     115     -125      115      265    313.999        1-F-NI-E-57-PL
Faye Jordan           ENG    F-ENG-E     61.4     63     125      130     137.5   137.5     80  92.5    100      100     237.5    140     145     -150      145     382.5   418.914      1-F-ENG-E-63-PL
Shelley Tipling       SCO    F-SCO-E     61.3     63   -147.5   -147.5    147.5   147.5    92.5  -95    -95      92.5     240    132.5   137.5    -140     137.5    377.5   413.967      1-F-SCO-E-63-PL
Lauren Elder           NI     F-NI-C     61.7     63     110     117.5   -122.5   117.5     55  -57.5 -57.5       55     172.5    145     155    -162.5     155     327.5   357.335        1-F-NI-C-63-PL
Leigh-Ann McQuillan    NI     F-NI-E      60      63   102.5    107.5     112.5   112.5    52.5   55   -57.5      55     167.5    130     145      150      150     317.5   353.981        1-F-NI-E-63-PL
Tasmin Campbell       SCO    F-SCO-C     71.4     72     140     147.5     150     150      90   -95    -95       90      240     170     180     -185      180      420    412.230      1-F-SCO-C-72-PL
Sophie Barringer      SCO    F-SCO-E     71.5     72     125      135     142.5   142.5     60    65    67.5     67.5     210     155     170     177.5    177.5    387.5   379.982      1-F-SCO-E-72-PL
Stephanie Pike        ENG    F-ENG-E     63.3     72     125     -130     132.5   132.5    67.5  -70    -70      67.5     200    182.5   -195     -195     182.5    382.5   409.313      1-F-ENG-E-72-PL
Mel Stewart            NI     F-NI-C     67.2     72    -110      115     122.5   122.5     60   67.5  -72.5     67.5     190     150     160      165      165      355    363.485        1-F-NI-C-72-PL
Victoria Eades        WAL    F-WAL-C     71.8     72   122.5      130     -135     130      60  -62.5 -62.5       60      190     135    147.5     155      155      345    337.376      1-F-WAL-C-72-PL
Caroline Shearer      WAL    F-WAL-C     63.8     72     115      120      125     125      50   -55              50      175     130     140      145      145      320    340.416      2-F-WAL-C-72-PL
Lauren Evans          WAL    F-WAL-C     68.4     72     100      110      120     120     47.5  52.5  -57.5     52.5    172.5     65      85      105      105     277.5   280.553      3-F-WAL-C-72-PL
Deirdre Fenlon        ENG    F-ENG-C     83.6     84     160      170     180.5   180.5     75    80    -85       80     260.5    180     195     -205      195     455.5   407.171      1-F-ENG-C-84-PL
Wendy MacFarlane      SCO    F-SCO-C     83.5     84     150      160      165     165      80   82.5    85       85      250     160     170      175      175      425    380.120      1-F-SCO-C-84-PL
Lucy Cohen            WAL    F-WAL-E     73.1     84   -147.5     155    -162.5    155     87.5   95    100      100      255     130     145     157.5    157.5    412.5   398.599      1-F-WAL-E-84-PL
Claire Tocher         SCO    F-SCO-E     80.5     84     135    -142.5     145     145      80   -85    87.5     87.5    232.5   162.5    170    177.5     177.5     410    373.879      1-F-SCO-E-84-PL
Stephanie Fleming     WAL    F-WAL-E     74.4     84   127.5     132.5     135     135    67.5    70   -72.5      70      205     150    -160      160      160      365    348.758      2-F-WAL-E-84-PL
Lottie Hall           ENG    F-ENG-E      75      84     115    -122.5    122.5   122.5     55   -60    -60       55     177.5    125     130     -135      130     307.5   292.310      1-F-ENG-E-84-PL
Tracy O'Callaghan     WAL    F-WAL-E     97.2   84+      165     -175      175     175      75    80    82.5     82.5    257.5    175    -185     187.5    187.5     445    373.756     1-F-WAL-E-84+-PL
Libby Blair            NI     F-NI-E    113.3   84+      120      130     -140     130     62.5  67.5    70       70      200     160     170      175      175      375    303.075       1-F-NI-E-84+-PL
Krzysztof Bracha      SCO    M-SCO-C     63.5     66     175      185      190     190     105   110    115      115      305     200     220      230      230      535    433.939     1-M-SCO-C-66-PL
Jake Downes           WAL    M-WAL-C     63.8     66     150     162.5    167.5   167.5   107.5 115     120      120     287.5    200    217.5   232.5     232.5     520    420.056     1-M-WAL-C-66-PL
Greig Murray           NI     M-NI-C     65.8     66     150      160      165     165     115 -122.5 -122.5     115      280     210     220      230      230      510    401.472       1-M-NI-C-66-PL
Oli Clarke            ENG    M-ENG-E     69.4     74     165      170      175     175    107.5 112.5 117.5     117.5    292.5   207.5   217.5    222.5    222.5     515    388.516      1-M-ENG-E-74-PL
Owen Hubbard          WAL    M-WAL-E     82.9     83   -252.5     255      275     275     195   205 -212.5      205      480     260     280    -297.5     280      760    507.680     1-M-WAL-E-83-PL
Luke Rogers           ENG    M-ENG-E     76.7     83   217.5      230     -240     230    122.5 127.5 132.5     132.5    362.5    245     260      270      270     632.5   443.825      1-M-ENG-E-83-PL
Jac Lewis             WAL    M-WAL-C     82.3     83     205      215     222.5   222.5   152.5 162.5 -165      162.5     385    222.5   237.5     245      245      630    422.667     1-M-WAL-C-83-PL
Dean Robertson        SCO    M-SCO-E     80.7     83     190      205      210     210     135   150   -155      150      360     240     255      260      260      620    420.980      1-M-SCO-E-83-PL
Lawrie Marshall       SCO    M-SCO-C     79.3     83     190      210     -215     210     125 132.5    135      135      345     245     255      260      260      605    415.333     1-M-SCO-C-83-PL
Jeremy Coles          SCO    M-SCO-C     79.1     83    -205      205      220     220     125   135   -145      135      355     235     245    -252.5     245      600    412.560     2-M-SCO-C-83-PL
Daniel Potter         ENG    M-ENG-C     78.4     83     180     -190     -195     180     130 137.5    145      145      325     225     235    242.5     242.5    567.5   392.483     1-M-ENG-C-83-PL
George Millar          NI     M-NI-E     82.1     83     185      195      205     205     125 132.5 -137.5     132.5    337.5    215    -230               215     552.5   371.225        1-M-NI-E-83-PL
Ramone Burton         ENG    M-ENG-C      88      93   207.5      220      230     230     145 152.5    160      160      390     300     310    317.5     317.5    707.5   456.974     1-M-ENG-C-93-PL
Danny Wilgoss         ENG    M-ENG-E      88      93    -240      240      260     260     155 162.5 -167.5     162.5    422.5   -240    -240     240       240     662.5   427.909      1-M-ENG-E-93-PL
Alex Thomson          SCO    M-SCO-E      92     93      210      225    -232.5    225     145   155 -162.5      155      380     250     260    -270       260      640    404.160      1-M-SCO-E-93-PL
Drew Lupton            NI     M-NI-E     89.9     93     185     197.5    207.5   207.5    120 127.5    130      130     337.5    215     225     230       230     567.5   362.519        1-M-NI-E-93-PL
Sam Mitchell           NI     M-NI-E     86.1     93   182.5      190      195     195     125 132.5    135      135      330     210    222.5    230       230      560    366.016        2-M-NI-E-93-PL
Robert Love           SCO    M-SCO-E     93.2    105    -290      290     302.5   302.5    180   185    190      190     492.5    260     270     280       280     772.5   484.821     1-M-SCO-E-105-PL
Michael Patterson     ENG    M-ENG-C    101.9    105     225      240      250     250     130 137.5 -145       137.5    387.5    240     260    -280       260     647.5   391.155     1-M-ENG-C-105-PL
Michael Shaughnessy   WAL    M-WAL-C    101.3    105     170      180     -190     180     115   125 -132.5      125      305     210     220    -235       220      525    317.887    1-M-WAL-C-105-PL
Colin Wright           NI     M-NI-C    117.5    120     250      265      275     275     160 167.5 172.5      172.5    447.5    275     290    -305       290     737.5   426.127       1-M-NI-C-120-PL
Jordan Walters        WAL    M-WAL-E    105.1    120     230     247.5    262.5   262.5    145   155             155     417.5    240    -260     260       260     677.5   404.739     1-M-WAL-E-120-PL
Robert Newman          NI     M-NI-C    135.4   120+    -230     237.5     250     250     150 162.5 172.5      172.5    422.5    250    262.5    270       270     692.5   388.977      1-M-NI-C-120+-PL
Dylan Davies          WAL    M-WAL-E    124.1   120+     230      240     -250     240     160   170   -180      170      410     245     255    -260       255      665    379.515    1-M-WAL-E-120+-PL
