"",,,,,,Squat,,,,Bench Press,,,,DeadLift,,,,,
Name,age,BWC,B/W,,,,,,,,,,,,,Total,Wilks,Qualified,Place
"",,,,1,2,,3,Sub Total,1,2,3,Sub Total,1,2,3,,,,
Leeza Watts,Junior,-57kg,56.1,77.5,85.0,,90.0,85.0,47.5,52.5,-55.5,137.5,80.0,90.0,100.0,237.5,279.0531,Y,1
Tess Oflaherty,M1,-57kg,55.2,45.0,50.0,,50.0,50.0,40.0,-45.0,-45.0,90.0,70.0,75.0,80.0,170.0,202.2916,,2
Emma Stott,M1,-63kg,57.9,80.0,85.0,,90.0,90.0,50.0,55.0,57.5,147.5,110.0,120.0,135.0,282.5,323.816,Y,1
Carmen Jones,Senior,-63kg,62.3,80.0,90.0,,100.0,100.0,40.0,42.5,45.0,145.0,100.0,115.0,125.0,270.0,292.4394,Y,2
Hannah Philp,Senior,-63kg,62.1,105.0,110.0,,115.0,115.0,-62.5,-62.5,-62.5,out,135.0,140.0,145.0,out,,,
Lucy Glover,Senior,-72kg,70.4,90.0,95.0,,100.0,100.0,50.0,55.0,57.5,157.5,120.0,125.0,130.0,287.5,284.9001,Y,guest
Lauren-May Drake,Senior,-72kg,68.4,70.0,75.0,,80.0,80.0,45.0,47.5,50.0,130.0,105.0,112.5,120.0,250.0,252.7599,Y,1
Jill Rutter,Senior,-72kg,65.8,65.0,67.5,,70.0,70.0,42.5,47.5,50.0,117.5,72.5,77.5,77.5,195.0,202.7383,,2
Clare Durbin,Senior,-84kg,75.6,95.0,110.0,,120.0,110.0,57.5,62.5,-67.5,172.5,100.0,115.0,125.0,297.5,281.4174,Y,1
Izzy Osborne,Senior,84+kg,85.1,135.0,145.0,,145.0,145.0,65.0,72.5,80.0,217.5,155.0,167.5,180.0,397.5,352.209,Y,1
Emma Wombwell,Senior,84+kg,88.2,85.0,85.0,,85.0,85.0,52.5,55.0,57.5,142.5,95.0,105.0,115.0,257.5,224.4247,,2
Victoria Eldridge,Senior,84+kg,85.4,75.0,80.0,,85.0,85.0,37.5,45.0,45.0,122.5,80.0,85.0,90.0,212.5,187.9693,,3
Daniel Staples,Senior,-66kg,64.8,130.0,145.0,,155.0,155.0,102.5,110.0,120.0,265.0,175.0,190.0,203.0,455.0,362.7515,Y,1
Nicholas Rattue,Junior,-66kg,64.3,140.0,150.0,,160.0,160.0,85.0,90.0,90.0,250.0,160.0,180.0,190.0,440.0,353.0914,Y,2
Steve Dunn,Senior,-66kg,65.1,130.0,137.5,,137.5,130.0,102.5,107.5,110.0,237.5,165.0,175.0,180.0,417.5,331.5696,,3
Danny Smith,Senior,-66kg,64.5,125.0,135.0,,140.0,135.0,85.0,95.0,95.0,220.0,150.0,162.5,167.5,387.5,310.1458,,4
Henry Chay,M2,-66kg,62.9,125.0,127.5,,127.5,127.5,65.0,75.0,75.0,192.5,170.0,170.0,175.0,367.5,300.5312,Masters,5
Christopher Rigby,Senior,-66kg,64.7,100.0,110.0,,115.0,110.0,70.0,75.0,75.0,185.0,140.0,150.0,155.0,335.0,267.4276,,6
"",,,,,,Squat,,,,Bench Press,,,,DeadLift,,,,,,
Name,age,BWC,B/W,,,,,,,,,,,,,,Total,Wilks,Qualified,Place
"",,,,1,2,,3,Sub Total,1,2,3,Sub Total,1,2,,3,,,,
Thomas Chang,Junior,-74kg,66.6,165.0,175.0,,175.0,165.0,115.0,122.5,-125.0,287.5,200.0,220.0,,220.0,487.5,379.9618,Y,1
Gary lee,Senior,-74kg,69.8,165.0,175.0,,175.0,165.0,100.0,105.0,-107.5,270.0,185.0,200.0,,210.0,480.0,360.4954,Y,2
Tom Allen,Junior,-74kg,73.7,165.0,175.0,,185.0,185.0,95.0,105.0,-112.5,290.0,165.0,180.0,,185.0,475.0,342.6629,Y,3
Ahmed Kadry,Senior,-74kg,73.3,140.0,145.0,,150.0,150.0,110.0,115.0,-120.0,265.0,190.0,197.5,,205.0,470.0,340.3801,,4
Stephen Jones,Junior,-74kg,73.5,120.0,130.0,,135.0,120.0,90.0,100.0,-107.5,220.0,180.0,210.0,,220.0,430.0,310.8033,Y,5
Danny Taylor,Senior,-74kg,71.5,120.0,130.0,,140.0,140.0,97.5,-107.5,-107.5,237.5,150.0,160.0,,170.0,407.5,300.5318,,6
Lewis Cameron,Junior,-74kg,73.4,125.0,125.0,,125.0,125.0,85.0,-95.0,-95.0,210.0,150.0,160.0,x,,360.0,260.4615,,7
Marcus Morris,Junior,-74kg,70.8,140.0,150.0,,160.0,140.0,-95.0,-100.0,-100.0,out,185.0,195.0,,200.0,out,,,
Jack Pritchard,SJ (U16),-74kg,71.4,130.0,140.0,,145.0,130.0,-80.0,-85.0,-85.0,out,170.0,180.0,,180.0,out,,,
Matthew Galley,Junior,-83kg,79.3,190.0,201.0,,207.5,201.0,-130.0,130.0,-132.5,331.0,190.0,210.0,,220.0,551.0,378.272,Y,1
scott gee,Senior,-83kg,82,170.0,185.0,,195.0,195.0,120.0,130.0,-140.0,325.0,190.0,205.0,,220.0,545.0,366.4376,Y,2
Curtis Ennis,Senior,-83kg,78.8,140.0,150.0,,152.5,152.5,115.0,120.0,125.0,277.5,160.0,170.0,,180.0,457.5,315.3619,,3
Dale Potter,Junior,-83kg,79.8,150.0,160.0,,160.0,150.0,105.0,-107.5,107.5,257.5,180.0,185.0,,190.0,442.5,302.5722,Y,4
Luke Bowman,Junior,-83kg,78.4,135.0,145.0,,152.5,152.5,80.0,85.0,92.5,245.0,150.0,160.0,,170.0,415.0,287.0117,Y,5
"",,,,,,Squat,,,,Bench Press,,,,DeadLift,,,,,
Name,age,BWC,B/W,,,,,,,,,,,,,Total,Wilks,Qualified,Place
"",,,,1,2,,3,Sub Total,1,2,3,Sub Total,1,2,3,,,,
Danny Davies,Senior,-93kg,91.3,195.0,205.0,,215.0,205.0,125.0,132.5,137.5,342.5,200.0,215.0,220.0,557.5,353.3567,Y,1
Jamie Goodman,Junior,-93kg,90.1,190.0,200.0,,200.0,190.0,-120.0,-120.0,120.0,310.0,210.0,220.0,230.0,540.0,344.5384,Y,2
Jimmy Nsouli,Senior,-93kg,91,185.0,200.0,,210.0,200.0,100.0,105.0,110.0,310.0,205.0,215.0,230.0,540.0,342.8231,,3
Dean ward,Senior,-93kg,90.9,195.0,205.0,,212.5,205.0,112.5,-122.5 x,,317.5,210.0,217.5,217.5,527.5,335.0706,,4
Joseph Chiffers,Senior,-93kg,92.6,135.0,155.0,,155.0,135.0,100.0,120.0,130.0,265.0,200.0,230.0,240.0,505.0,317.8883,,5
Chris Ellerby-hemmings,Senior,-93kg,88.1,160.0,165.0,,170.0,160.0,100.0,110.0,-120.0,270.0,190.0,205.0,220.0,490.0,316.3005,,6
Dominic Holden,Junior,-93kg,88.8,140.0,150.0,,165.0,150.0,100.0,110.0,-117.5,260.0,170.0,180.0,190.0,450.0,289.272,Y,7
Harry Wright,Junior,-93kg,92,135.0,142.5,,150.0,142.5,102.5,107.5,-112.5,250.0,170.0,177.5,190.0,440.0,277.8416,Y,8
Jack Henderson,SJ (U18),-93kg,89,120.0,130.0,,140.0,130.0,80.0,85.0,90.0,220.0,150.0,160.0,170.0,390.0,250.4085,Y,9
Paul Jackson,Senior,-105kg,101.1,180.0,190.0,,200.0,190.0,140.0,-150.0,150.0,340.0,230.0,250.0,270.0,590.0,357.523,Y,1
Jon Mallon,Junior,-105kg,99.8,150.0,165.0,,180.0,180.0,115.0,122.5,127.5,307.5,200.0,215.0,225.0,532.5,324.3337,Y,2
Roger Davis,M1,-105kg,100.1,130.0,140.0,,152.5,152.5,105.0,110.0,115.0,267.5,165.0,180.0,197.5,465.0,282.8811,,3
Martin walker,Senior,-105kg,102.2,160.0,160.0,x,,160.0,90.0,100.0,110.0,270.0,140.0,160.0,190.0,460.0,277.5937,,4
Ryan Dean,Junior,-105kg,102.4,185.0,195.0,,205.0,195.0,-150.0,-150.0,-150.0,out,200.0,210.0,220.0 out,,,,
Tom warburton,Senior,-105kg,98.6,190.0,202.5,,210.0,210.0,-145.0,-150.0,-150.0,out,220.0,260.0,272.5 out,,,,
Josh Hayford,Junior,-120kg,115,170.0,180.0,,190.0,190.0,100.0,-110.0,110.0,300.0,220.0,240.0,260.5,560.5,325.6787,Y,1
Chris Peters,Senior,-120kg,110.3,160.0,175.0,,185.0,175.0,110.0,120.0,127.5,302.5,200.0,215.0,225.0,527.5,310.1723,,2
Josh Brown,Senior,120+kg,137.7,190.0,190.0,,200.0,200.0,155.0,165.0,170.0,370.0,220.0,240.0,250.0,620.0,347.3336,Y,1
Paul Williamson,Senior,120+kg,138.3,140.0,165.0,,187.5,165.0,90.0,-105.0,105.0,270.0,170.0,205.0,220.0,490.0,274.322,,2
