      16/04/2018                                                                                                                            Welsh Champs 2018
                                                                                                                                                                                                                                      (3)
Flt                                            Bwt    WtCls        Wilks          Age    SQ                              Best BP                               Best    Sub                              Best    (1) PL      (2)               Pl                      Events
    Name                      Team     Div                  lot#            Age                 SQ-1   SQ-2     SQ-3              BP-1        BP-2    BP-3                     DL-1    DL-2    DL-3                                  Age-         Pl-Div- WtCls-Evt
B                                              (kg)    (kg)        Coeff          Coeff rack                              SQ rack                               BP     Total                             DL      Total   Wilks Pts           Code                     Entered
                                                                                                                                                                                                                                     Wilks

A Sam Heighway                       F-C-M1    67      72    9     1.0261          0        9   105    -112.5 -112.5     105           55      -60     60       60     165     127.5   130      140     140      305     312.961     0.000    1         1-72kg          PL
A Claire Hendy                       F-C-M1    72.2    84    7     0.9742          0        8    85    92.5     97.5     97.5         52.5     60     -62.5     60     157.5   117.5   127.5   132.5    132.5    290     282.518     0.000    1         1-84kg          PL

A Carol Taylor                       F-C-M1    98.2    84+   11    0.8372          0        9 117.5     125     132.5    132.5        52.5     55     -57.5     55     187.5   127.5   137.5 -142.5 137.5        325     272.090     0.000    1        1-84+kg          PL
A Eleri Roberts                      F-C-Snr   51.3    52    1     1.2597          0        8    85     90       95       95          47.5    52.5     -55     52.5    147.5   100     112.5   117.5    117.5    265     333.820     0.000    1         1-52kg          PL
A Carrie Shearer                     F-C-Snr   62.7    63    6     1.0779          0        9   120     125     -130     125           50      55     57.5     57.5    182.5   130     140     -145     140     322.5    347.623     0.000    1         1-63kg          PL
A Tara Buntwal                       F-C-Snr   62.1    63    5     1.0858          0      12     65    72.5     -77.5    72.5         42.5     50     52.5     52.5    125     87.5     95     -100      95      220     238.876     0.000    1         2-63kg          PL

A Lucy George                        F-C-Snr   71.5    72    8     0.9806          0        6    85     95       105     105           40     47.5    52.5     52.5    157.5   100     110     122.5    122.5    280     274.568     0.000    1         1-72kg          PL
A Laura Andrew                       F-C-JR    54.8    57    3     1.1967          0      12    100     105      110     110           40     42.5     45       45     155     97.5    105     107.5    107.5   262.5    314.134     0.000    1         1-57kg          PL

A Elis Harrington                    F-C-JR    56.9    57    2     1.162           0        6    85     -95      95       95          47.5     -50     -50     47.5    142.5   92.5    100     107.5    107.5    250     290.500     0.000    1         2-57kg          PL
A Anna Davis                         F-C-JR    62.8    63    4     1.0765          0      10    97.5    105      110     110     7     50      55      -60      55     165     125     -135     135     135      300     322.950     0.000    1         1-63kg          PL

B Dylan Davies                       M-E-M1 133.2     120+   26    0.5632          0      17     70     120              120           180     190    -200     190     310     180     -210     230     230      540     304.128     0.000    1        1-120+kg         PL

B John Laird                         M-C-M2    72.7    74    15    0.7285          0      11    130    -142.5 142.5      142.5         100    107.5   112.5    112.5   255     147.5   162.5   172.5    172.5   427.5    311.434     0.000    1         1-74kg          PL

B Phil Richard                       M-C-M1    76.6    83    18    0.7023          0        6 217.5     230     237.5    237.5 6       155    157.5 -160.5 157.5       395     225     235     242.5    242.5   637.5    447.716     0.000    1         1-83kg          PL

B Bob Sadler                         M-C-M1 129.4     120+   25    0.5661          0      21 207.5      220      230     230     13    135     140     145     145     375     230     240      250     250      625     353.813     0.000    1        1-120+kg         PL

A Daniel Weeks                       M-C-Snr 55.2      59    13    0.9233          0      12    120    122.5     135     135           75      80      -85      80     215     155     165      175     175      390     360.087     0.000    1         1-59kg          PL

B   Edward Cunningham-Oakes          M-C-Snr 69.9      74    14    0.7502          0      12    115     130      140     140           80      90     -100      90     230     140     150     162.5    162.5   392.5    294.453     0.000    1         1-74kg          PL

B Lloyd Jones                        M-C-Snr 82.7      83    20    0.6689          0      14    190     200      205     205           135     140    -145     140     345     220     230              230      575     384.618     0.000    1         1-83kg          PL

B Pete Twibill                       M-C-Snr 81.4      83    21    0.6754          0      13    165     175     -182.5   175           110    117.5 -122.5 117.5       292.5   210     220     -225     220     512.5    346.143     0.000    1         2-83kg          PL

C Thomas Driver                      M-C-Snr 90.8      93    37    0.6356          0      17    245     260     -267.5   260           130    137.5   142.5    142.5   402.5   -235    235      240     240     642.5    408.373     0.000    1         1-93kg          PL

C Tom Seldon                         M-C-Snr 91.5      93    38    0.6331          0      14    210     220      225     225          -132.5 132.5    137.5    137.5   362.5   235     250     -260     250     612.5    387.774     0.000    1         2-93kg          PL

C Luke Gardner                       M-C-Snr 90.5      93    34    0.6366          0      15 -195       205      215     215          117.5    125     130     130     345     242.5   255     -265     255      600     381.960     0.000    1         3-93kg          PL

C Dan Yuill                          M-C-Snr   92      93    39    0.6315          0      20    185    192.5 -197.5 192.5              145    -152.5 -152.5    145     337.5   240     250     -262.5   250     587.5    371.006     0.000    1         4-93kg          PL

C Joseph Hale                        M-C-Snr 90.3      93    32    0.6373          0      19    185    197.5     205     205           125    132.5   137.5    137.5   342.5   215     227.5    240     240     582.5    371.227     0.000    1         5-93kg          PL

C Khalid Rahman                      M-C-Snr 87.4      93    33    0.6483          0      13    190     200      205     205           120    132.5    140     140     345     202.5   212.5   222.5    222.5   567.5    367.910     0.000    1         6-93kg          PL

C Daniel Lester                      M-C-Snr 91.9      93    29    0.6318          0      14    185     200      210     210           100    107.5 -112.5 107.5       317.5   190     210     -220     210     527.5    333.274     0.000    1         7-93kg          PL

C Ryan Griffiths                     M-C-Snr 92.3      93    35    0.6305          0   15 both in185   -195      195     195           90      95     -100      95     290     220     230     -237.5   230      520     327.860     0.000    1         8-93kg          PL

C Ian Matthias                       M-C-Snr 89.6      93    27    0.6398          0      19    110     120      130     130           -70     75      -85      75     205     150     165     -180     165      370     236.726     0.000    1         9-93kg          PL

C Sion Hughes                        M-C-Snr 92.3      93    36    0.6305          0      12    275     290     -301     290            0                       0       0       0                        0        0        0.000     0.000    1                         PL
C Aaron Lewis                        M-C-Snr 104.4     105   40    0.5988          0   15 both in275   -277.5    285     285           170    182.5   -190     182.5   467.5   265     -285     285     285     752.5    450.597     0.000    1        1-105kg          PL
C Corey Plummer                      M-C-Snr 94.3      105   41    0.6241          0      17 -190       190      195     195           120     125    -132.5   125     320     230     237.5 -242.5 237.5       557.5    347.936     0.000    1        2-105kg          PL
B Joseph Walton    M-C-Snr 119.5   120   22   0.5755   0   15   280   295     300     300         170     180    185     185     485     265    285   300.5    300.5   785.5   452.055   0.000   1   1-120kg   PL
B Joshua Black     M-C-Snr 112.7   120   24   0.5843   0   15   250   265     280     280         127.5   135   142.5    142.5   422.5   240   -252.5 -252.5   240     662.5   387.099   0.000   1   2-120kg   PL

B Mark Springate   M-C-Snr 108.5   120   23   0.591    0   17 -155    155     165     165          80     90     -95      90     255     185    200    -210    200     455     268.905   0.000   1   3-120kg   PL
C Elliot Owen      M-C-JR   90     93    31   0.6384   0   17   185   200     202.5   202.5       110     120    130     130     332.5   215    230    240     240     572.5   365.484   0.000   1   1-93kg    PL
C Caleb Thomas     M-C-JR   90.6   93    28   0.6363   0   14 157.5   170     177.5   177.5       105     115   -122.5   115     292.5   185   -200    -200    185     477.5   303.833   0.000   1   2-93kg    PL

C Sam Bravo        M-C-JR 101.9    105   42   0.6041   0   14   215   230     235     235     9   145     155   162.5    162.5   397.5   230    240    245     245     642.5   388.134   0.000   1   1-105kg   PL

B Tom Davies       M-C-SJ   71.8   74    17   0.7352   0   15   105   107.5   115     115          80     85    92.5     92.5    207.5   135    140    -150    140     347.5   255.482   0.000   1   1-74kg    PL
B Kai Collins      M-C-SJ   74.3   83    16   0.7173   0   11   140   152.5   160     160     8   105     110    115     115     275     175    185   -192.5   185     460     329.958   0.000   1   1-83kg    PL
