Results for 2008 American Open and Police/Fire Nationals
                                             Squat    Squat    Squat Bench Bench Bench             Sub     Dead     Dead
       Name           Age     MF     Wgt      1        2        3      1     2     3               Total   lift 1   lift 2

  Kelly Schoonover    37       F     57.4    62.5     -67.5     70       40       45      -47.5    115      85       100
   Melissa Welch      33       F     67.08   82.5      100     -107.5   42.5      -50      50      150      85       100
    Jennifer Frye     31       F     73.32   62.5      75       80       40      47.5     -52.5    127.5    85      -100
   Kathryn Russell    28       F     57.98    120      130     132.5    62.5      70      -72.5    202.5    130     142.5
  Christine Bridges   53       F     71.26    85      97.5     107.5     45       -50      50      157.5    85      102.5
    Paige Schutt      18       F     55.02    70      77.5     -82.5     50      -52.5    52.5     130      110     -117.5
  Cathy Marksteiner   50       F     66.56    90       100     107.5     75      -82.5    82.5     190      125     137.5
    Steve Lewis       46       M     66.2     195      210     -217.5   -117.5    120      130     340      195      210
 Damarrio Holloway    27       M     59.78    240     -250      250     142.5    -150      150     390      245     262.5
   Nathan Walton      32       M     74.48   242.5     250     -260     152.5    -162.5   -165     402.5    250     -272.5
 Laramie McMasters    23       M     72.88   212.5    -227.5   -227.5   -142.5   142.5    -150     355      240     262.5
     Tim Towers       43       M     74.32   -210      210     -227.5    145     -150     -150     355     212.5    227.5
     Rick Bertel      42       M     74.98    200     -212.5   -215      115     122.5    -127.5   322.5    200     -220
     Josh Rohr        25       M     82.32   -267.5   -275      275      160     172.5             447.5   267.5    287.5
   Tom Scagliarini    42       M     81.52   -222.5   237.5     245     142.5     150      155     400      205     217.5
  Ronald Legarreta    42       M     80.74   -212.5   222.5    -232.5   -160      160     -170     382.5   207.5     230
    Afred Castillo    36       M     82.26    220     -237.5   -237.5   142.5     150              370      220     237.5
     Thad Close       36       M     79.9    -195      195      210     -117.5   122.5    127.5    337.5    200      210
    Tristan Pearl     23       M     79.94   -190      200      215      105     -112.5   -115     320      210     227.5
     John Reed        22       M     88.34   -230     232.5     250      185      200     -212.5   450      230     242.5
  Michael Rybinski    39       M     87.38   -250      250     -260      170     -177.5   -177.5   420      250      260
   Curt St. Romain    31       M     89.96    235     252.5     265      160     172.5    182.5    447.5    200      220
    Justin Mack       21       M     89.8     185      200     212.5     145      155      165     377.5    205     222.5
  Andrew Magrew       20       M     88.6    192.5    -217.5   217.5    -140     147.5    157.5    375      185     -195
   Charlie Conner     19       M     89.84   -255     -272.5   -272.5   167.5    177.5    182.5      0     222.5    237.5
   Brett Masuoka      46       M      90     -202.5   -202.5   -202.5   137.5    147.5    -157.5     0      215     232.5
  Mathew Bauman       34       M     98.8    247.5    257.5    -265      160     167.5    -172.5   425     232.5     245
    Cory Mueller      22       M     94.26    230     -250      250     162.5    -172.5   172.5    422.5   242.5     255
    Kevin Farley      42       M     99.3    -222.5   -222.5   222.5     200      210      215     437.5   227.5    237.5
   Alex Campbell      30       M     98.22   227.5    -240      245      170     -177.5   -177.5   415      215     227.5
   Tim Smallwood      34       M     98.2     215      230     -237.5    140      150     -155     380     242.5    267.5
   Dale McLaren       32       M     98.9    217.5     225     237.5    147.5    -157.5   -157.5   385      260     -275
    Jeffery Brown     34       M     98.44    225     237.5    -242.5   132.5    -140     -140     370      205      215
    Eliot Feldman     46       M     97.72   -230      230     252.5     70        0        0      322.5    200     -230
  Jessie Betzinger    24       M     109.1   -345      350     362.5    207.5    -215     -215     570     282.5     300
  Cardyl Trionfante   23       M     110      280      300      320     -200     -200      200     520      270      285
    Jim Nicolosi      29       M    107.62    280      300     -307.5    185     192.5    202.5    502.5    230      245
   Stephen Welch      34       M    108.16   237.5    257.5    -272.5    150     172.5    -182.5   430      210      230
     Ken Paxton       49       M    107.06   -230     237.5    -262.5    160      175     182.5    420      115      160
    Jeff Robison      34       M     123.9   242.5     255     -272.5   147.5    157.5     170     425     -250      260
   Michael Lowrey     37       M    118.34   147.5     160     182.5    142.5    152.5    -157.5   335     192.5    207.5

                                    AT&T Proprietary (Internal Use Only)
                            Not for use or disclosure outside the AT&T companies
                                       except under written agreement
   Jason Weite      31      M    122.06   -297.5   -307.5   -307.5   -207.5     0        0       0        0
    Kevin Otte      30      M     65.28   112.5     125     137.5     110      125     -137.5   262.5    110     127.5
  Garth Sullivan    16      M     52.25    125     137.5    -142.5    90      102.5    -110.5   240      125     142.5
   Mike Lawson      67      M     66.52    110     137.5     155     97.5      105     112.5    267.5   137.5     160
  Jason Koogler     20      M     65.4     165      175     182.5    -115      115      120     302.5    155      165
    Josh Miller     15      M     65.08   182.5    197.5    202.5    97.5      100      105     307.5   -167.5   172.5
    Ivan Zwick      69      M     66.23                               125     -130     -130      0
  Marvin Huber      55      M     65.76                              -115      120     -125      0
    Evan Miller     19      M     74.92    145      185     -197.5   -170      170     -187.5   355     227.5    242.5
 Dan Ruszkiewicz    20      M     69.9    142.5     170     -175     -92.5    97.5      105     275      160     187.5
 Zachary Thornton   15      M     73.26                               -95     -102.5   -102.5    0
   Daniel Sides     52      M     74.56                               145     147.5    -160      0
   Travis Moore     20      M     80.88    175     192.5     210     107.5    -130     -130     317.5   197.5     220
  Jimmy Daniel      18      M     81.7    -175      180     -185     102.5    107.5    -115     287.5    185      190
   Yevgeniy Lin     50      M     78.82   -140      145      150      85       90       95      245      185      195
  Emanuel Butler    20      M     81.4     185      205     -220     -120     -120     -137.5    0       205      220
  Nick Schneider    19      M     88.12   -202.5   -202.5   202.5    117.5    -125     -125     320      250     262.5
   Gerald Shaw      42      M     89.12   -187.5    195     -212.5    145      155     -162.5   350      185      205
  Michael Cantu     18      M     89.06    185      195      205     -145      145     -155     350      170      185
  Duane Trower      41      M     88.36   -175      180      190      105     112.5    -117.5   302.5    190     -200
   Justin Diehl     29      M     88.32   -175     -175      175      125     137.5    -140     312.5   102.5     160
 Andy Odenwald      23      M     85.26                               175     187.5    -195      0
Matthew Schamburg   21      M     99.5    237.5     245     -250     192.5    -200     202.5    447.5    260     267.5
   Blake Elder      23      M     95.64    255     272.5    287.5     160     -175     -182.5   447.5    240     -272.5
  De'Andre Nun      22      M     99.4    -245     -245      245      160      175     -182.5   420     217.5    227.5
    Mark Steel      37      M     99.76   237.5    -250     -252.5   142.5     150      160     397.5   227.5    -247.5
  James Mosley      27      M      97      205     -227.5   -232.5   142.5     160     177.5    382.5    240      260
     Mat Wolf       32      M      99     172.5     185      195      165      175     -182.5   370     207.5     215
 Caleb Motsinger    18      M     91.8    -192.5   192.5    -215     117.5     125     -127.5   317.5   227.5    237.5
Raymond E. Curtis   76      M     92.38   -110     -110     -110       0                         0        0
    Mark Elder      47      M     108.6   -257.5    275     -292.5    200     -222.5   -222.5   475     257.5     275
    Jon Willis      55      M    108.12   212.5    -227.5   227.5     125     -132.5   -132.5   352.5   212.5    227.5
   Link Burchett    20      M    107.54   182.5     195      205      100      150     -162.5   355     182.5    192.5
    Alex Hein       31      M    105.04   142.5     150      160      130     137.5     145     305      185     202.5
   Gerald Portz     44      M    107.66                              107.5    112.5    117.5     0
  James Harvey      45      M    108.48   257.5     275       0      -227.5   -227.5   -227.5    0        0
 Dave Schneider     52      M    117.94    235      255      275      175      185     192.5    467.5    260      280
   Scott Baquet     24      M    117.58    185      200      210     107.5     120     127.5    337.5   247.5    267.5
 Joshua Lupardus    16      M    110.32                              137.5    147.5    -160      0
   Greg Chrun       57      M    112.52                               160      170     182.5     0
  Rodger Gibson     53      M     118                                -142.5   142.5    -147.5    0
  Michael Porter    48      M    119.86                              -200     -202.5   -202.5    0
    Bill Taylor     40      M     121.9                              247.5    -260      260      0
   Tim Thomas       52      M    124.16                               180     -190     -195      0
  Donald Norton     51      M    144.96   197.5    -205      205     127.5     155     -172.5   360     157.5      0
  Scott McKelvey    44      M    126.74    185      195     -215     137.5     150     -162.5   345     -185     -185

                                 AT&T Proprietary (Internal Use Only)
                         Not for use or disclosure outside the AT&T companies
                                    except under written agreement
ationals
                        Wilks    Age
       Dead      PL     Co. x   Coef x   Open                      Open                      Open
       lift 3   Total   Total   Wilks     Div   Age Div Misc Div    Div   Age Div Misc Div    Div   Age Div Misc Div

        105     220.0   253.89 253.89     O
        110     260.0   266.56 266.56     O
        105     232.5   224.24 224.24     O
        150     352.5   403.62 403.62     O
        115     272.5   267.82 317.10             M3
       -117.5   240.0   286.32 303.50             T3
       -142.5   327.5   337.65 381.55                               O
       -212.5   550.0   430.79 460.08     O       M2
       -275.5   652.5   558.37 558.37     O
       -272.5   652.5   467.21 467.21     O                                                                            1
       -272.5   617.5   449.06 449.06     O                                                                            1
       -240     582.5   417.72 430.67     O       M1                                                                   1
       -220     522.5   372.38 379.83     O                                                                            1
       -300     735.0   493.03 493.03     O                                                                            1
       227.5    627.5   423.42 431.88     O                                                                            1
       -237.5   612.5   415.75 424.07     O                                                                            1
       -245     607.5   407.68 407.68     O                                                                            1
        220     557.5   380.91 380.91     O                                                                            1
       -235     547.5   373.95 373.95     O       JR                                                                   1
        250     700.0   451.21 455.72     O       JR                                                                   1
       272.5    692.5   448.98 448.98     O                                                                            1
       237.5    685.0   437.40 437.40     O                                                                            1
       242.5    620.0   396.25 404.18     O                                                                            1
       -195     560.0   360.41 371.22     O       JR                                                                   1
       -247.5    0.0     0.00    0.00     O       T3                                                                   1
       -240      0.0     0.00    0.00     O       M2                                                                   1
       257.5    682.5   417.40 417.40     O                                                                            1
       -272.5   677.5   422.93 427.16     O       JR                                                                   1
       -242.5   675.0   411.96 420.20     O       M1                                                                   1
       237.5    652.5   400.03 400.03     O                                                                            1
       -285     647.5   397.00 397.00     O                                                                            1
       -287.5   645.0   394.30 394.30     O                                                                            1
       -222.5   585.0   358.31 358.31     O                                                                            1
           0    522.5   321.02 342.85     O                                                                            1
       -310     870.0   513.30 513.30     O                                                                            1
        295     815.0   479.62 479.62     O                                                                            1
        250     752.5   445.92 445.92     O                                                                            1
       -240     660.0   390.47 390.47     O                                                                            1
       -227.5   580.0   344.29 383.19     O       M2      ML                                                           1
       -287.5   685.0   391.06 391.06     O                                                                            1
       232.5    567.5   327.35 327.35     O                                                                            1

                                                 AT&T Proprietary (Internal Use Only)
                                         Not for use or disclosure outside the AT&T companies
                                                    except under written agreement
          0.0     0.00   0.00     O                                                          1
 140     402.5   318.92 318.92                         O
 150     390.0   380.79 430.29           T2                                       T2
182.5    450.0   351.08 541.71          M6
182.5    485.0   383.70 395.22                 CL
-195     480.0   381.30 449.94           T1
          0.0     0.00   0.00                                                     M6
          0.0     0.00   0.00                                                     M4
-250     597.5   426.07 443.11           T3                                                  1
-200     462.5   346.97 357.38                 CL                                            1
          0.0     0.00   0.00                                                     T1         1
          0.0     0.00   0.00                                                     M3         1
 230     547.5   371.23 382.37                 CL                                            1
-197.5   477.5   321.77 341.07           T3    CL                                            1
 205     450.0   310.14 350.46          M3                                                   1
 235      0.0     0.00   0.00            JR                                                  1
-272.5   582.5   375.96 391.00           JR                                                  1
-240     555.0   356.10 363.22          M1                                                   1
192.5    542.5   348.20 369.09                 CL                                            1
 200     502.5   323.86 327.10          M1                                                   1
-182.5   472.5   304.60 304.60                         O                                     1
          0.0     0.00   0.00                                                     JR         1
-272.5   715.0   436.02 444.74           JR    CL                                            1
-272.5   687.5   426.36 426.36           JR                                                  1
 235     655.0   399.59 403.59           JR    CL                                            1
 250     647.5   394.44 394.44                         O                                     1
-282.5   642.5   395.99 395.99                 CL                                            1
 225     595.0   363.59 363.59                         O                                     1
 240     557.5   352.41 373.56           T3    CL                                            1
          0.0     0.00   0.00           M7                                                   1
-292.5   750.0   443.14 479.48                               M2                              1
-240     580.0   343.18 420.40          M3                                                   1
-200     547.5   324.52 334.25           JR                                                  1
 215     520.0   310.69 310.69                         O                                     1
          0.0     0.00   0.00                                                     M1         1
          0.0     0.00   0.00           M2                                                   1
-290     747.5   431.54 502.74          M3                                                   1
 280     617.5   356.76 356.76           JR                                                  1
          0.0     0.00   0.00                                                     T2         1
          0.0     0.00   0.00                                                     M4         1
          0.0     0.00   0.00                                                     M3         1
          0.0     0.00   0.00                                                     M2    ML   1
          0.0     0.00   0.00                                                     M1         1
          0.0     0.00   0.00                                                     M3         1
  0      517.5   287.72 330.01          M3                                        M3         1
-185      0.0     0.00   0.00                          O                                     1

                                         AT&T Proprietary (Internal Use Only)
                                 Not for use or disclosure outside the AT&T companies
                                            except under written agreement
