        Auckland 3- Lift Powerlifting & Benchpress Novice Competition 2015, 25 July 2015, Get Strength, Onehunga, Auckland
                                   Bwt    WtCls                                Best                            Best    Sub                              Best    (1) PL      (2)
Name                Team    Div                 lot#   SQ-1    SQ-2    SQ-3            BP-1    BP-2    BP-3                    DL-1    DL-2    DL-3                                Pl-Div- WtCls-Evt
                                   (kg)    (kg)                                SQ                               BP     Total                             DL      Total   Wilks Pts
Zhuang Lily         U-EQP   F-JR   49.3    52    5     62.5    67.5    72.5    72.5     30      35     -37.5    35     107.5   92.5    102.5   107.5    107.5    215     279.156     1-F-JR-52-PL
Beattie Seona       U-EQP   F-O    55.3    57    3      90      95     100     100     52.5    57.5     60      60     160     120     130      135     135      295     350.549      1-F-O-57-PL
Williams Deanna     U-EQP   F-O    56.8    57    4      55      60     -67.5    60      -45     -45     -45     0       0       80      85     87.5     87.5      0        0.000           -
Garcia Carissa      U-EQP   F-JR   61.9    63    7     97.5    105     110     110     52.5    57.5     -60    57.5    167.5   137.5   145      150     150     317.5    345.567     1-F-JR-63-PL
Lu Lu               U-EQP   F-JR   61.8    63    2     100     110     120     120      45      50      55      55     175     110     -125     125     125      300     326.940     2-F-JR-63-PL
Yap Mandy           U-EQP   F-JR   60.7    63    6     82.5    87.5    -92.5   87.5    37.5     40     -42.5    40     127.5   100     115      120     120     247.5    273.463     3-F-JR-63-PL
Tarlton Jo          U-EQP   F-I    63.4    72    1      75      80      85      85      45      50     52.5    52.5    137.5   110     120     127.5    127.5    265     283.232      1-F-I-72-PL
Dicks Ane           U-EQP   F-JR   69.6    72    7     87.5    92.5    100     100      60     67.5    72.5    72.5    172.5   125     -130     130     130     302.5    302.137     1-F-JR-72-PL
Jones Ngaumutane    U-EQP   F-JR   70.3    72    2      85     92.5    -97.5   92.5     -50     50     -57.5    50     142.5   120     130      135     135     277.5    275.252     2-F-JR-72-PL
Fourie Imche        U-EQP   F-JR   71.5    72    17    87.5    92.5    97.5    97.5    42.5    47.5    -52.5   47.5    145     110     120      130     130      275     269.665     3-F-JR-72-PL
Stevenson Samantha U-EQP    F-JR   65.2    72    11     70     77.5     85      85     37.5    42.5     -45    42.5    127.5    90     100      105     105     232.5    243.358     4-F-JR-72-PL
Myburgh Brittany    U-EQP   F-JR   66      72    4      60     67.5    -72.5   67.5     40      45     -47.5    45     112.5    85     92.5    -100     92.5     205     212.667     5-F-JR-72-PL
Butler Rebecca      U-EQP   F-JR   64.1    72    4      -55     60      65      65     37.5    42.5     -45    42.5    107.5   77.5     85      -90      85     192.5    204.069     6-F-JR-72-PL
Sparks Zizi         U-EQP   F-JR   69      72    3      55      65      70      70     37.5     40     -42.5    40     110     67.5     75      80       80      190     190.912     7-F-JR-72-PL
Mustafa Tania       U-EQP   F-O    68.6    72    15     -85     -90    100     100      50      -60     -65     50     150      95     100      120     120      270     272.430      1-F-O-72-PL
Beaumont Jenna      U-EQP   F-O    70.3    72    1     72.5     80      85      85      45      50     52.5    52.5    137.5    85      95      105     105     242.5    240.536      2-F-O-72-PL
Kolouchova Denisa   U-EQP   F-O    66.1    72    14     60      65     72.5    72.5     40      45      -50     45     117.5   77.5    82.5    -87.5    82.5     200     207.240      3-F-O-72-PL
Latoa Hazel         U-EQP   F-SJ   70.6    72    16     70      80      -90     80      45      -50     50      50     130     110     120      140     140      270     267.030     1-F-SJ-72-PL
Pettett Samuel      U-EQP M-JR     73.4    74    12    145     155     165     165      90     100     105     105     270     175     185      195     195      465     336.428     1-M-JR-74-PL
Ramsay Hamish       U-EQP M-JR     73.9    74    13    162.5   170     -175    170     92.5    -97.5   -97.5   92.5    262.5   172.5   180     -187.5   180     442.5    318.600     2-M-JR-74-PL
Young Alex          U-EQP M-JR     73.7    74    0     125     -135    142.5   142.5   92.5    97.5    105     105     247.5   160     170      180     180     427.5    308.399     3-M-JR-74-PL
Alkadhi Ali         U-EQP   M-O    72.8    74    9     182.5   187.5   190     190     137.5   142.5   -145    142.5   332.5   200     210      215     215     547.5    398.471     1-M-O-74-PL
Wong Kelvin         U-EQP   M-O    72.5    74    8     170     -175    175     175     120     125     127.5   127.5   302.5   180     190      200     200     502.5    366.825     2-M-O-74-PL
Combridge Jun       U-EQP   M-O    72.1    74    10    100     110     120     120      65     72.5     -80    72.5    192.5   130     -145     145     145     337.5    247.387     3-M-O-74-PL
Haase Dalton        U-EQP M-JR     80.8    83    5     160     -170    170     170     115     122.5 -127.5 122.5      292.5   215     225      240     240     532.5    361.301     1-M-JR-83-PL
Zhou Jack           U-EQP M-JR     75.7    83    11    160     175     180     180      90     100     105     105     285     165     190      200     200      485     343.380     2-M-JR-83-PL
Lim Andrew          U-EQP M-JR     81.9    83    1     160     170     -175    170     125     130     -135    130     300     170     180      185     185      485     326.357     3-M-JR-83-PL
Warren Dion         U-EQP M-JR     75.6    83    9     140     150     155     155      90      95     100     100     255     200     210      225     225      480     340.128     4-M-JR-83-PL
Tamatoa Montel      U-EQP M-JR      83      83    18   135     147.5    160     160      95      105    -112.5   105     265     150   175      200     200     465     310.388    5-M-JR-83-PL
Pollitt George      U-EQP M-JR     82.7     83    7    145     157.5    165     165     105      110    -115     110     275     165   180     -192.5   180     455     304.350    6-M-JR-83-PL
Castillo Mark       U-EQP M-JR      81      83    4    105     112.5    120     120      80     -87.5   -87.5     80     200     140   152.5    160     160     360     243.864    7-M-JR-83-PL
Lu Michael          U-EQP M-JR     78.1     83    6    120     125     -137.5   125      -95     -95     -95      0       0      170   172.5   -195     172.5    0       0.000          0
Nguyen Neil         U-EQP   M-O    80.4     83    2    140     150      160     160     105      115             115     275     180   -190    -190     180     455     309.673    1-M-O-83-PL
Chan Kevin          U-EQP   M-O    82.7     83    3    175     180     -185     180      85     87.5     -95     87.5    267.5   170   -180    -180     170     437.5   292.644    2-M-O-83-PL
Waters Mathew       U-EQP   M-O    82.7     83    10   120     -130    -130     120      80      90     -92.5     90     210     130   140      150     150     360     240.804    3-M-O-83-PL
Cocker Siuea        U-EQP   F-JR   79.8     84    19   130     135     142.5    142.5   62.5     -65             62.5    205     140   150      160     160     365     334.449    1-F-JR-84-PL
Bramwell Tennille   U-EQP   F-O    78.7     84    14   72.5     75     82.5     82.5    42.5    47.5    52.5     52.5    135     110   120     127.5    127.5   262.5   242.419    1-F-O-84-PL
Wroth Warren        U-EQP M-JR     91.4     93    18   175     200     207.5    207.5   125      135     140     140     347.5   210   232.5    245     245     592.5   375.349    1-M-JR-93-PL
Wilson Simon        U-EQP M-JR     91.7     93    13   165     172.5 -177.5 172.5       125     -132.5 -132.5    125     297.5   205   215      220     220     517.5   327.319    2-M-JR-93-PL
Dougan Tim          U-EQP M-JR     90.3     93    14   142.5   150      155     155     82.5    87.5     -95     87.5    242.5   210   217.5   -222.5   217.5   460     293.158    3-M-JR-93-PL
Zang Zihan          U-EQP M-JR     90.8     93    19   147.5   155      160     160     97.5     105     110     110     270     165   180     -187.5   180     450     286.020    4-M-JR-93-PL
Gutry Elliot        U-EQP M-JR     91.5     93    15   130     140     152.5    152.5    90      100     105     105     257.5   145   160      170     170     427.5   270.650    5-M-JR-93-PL
Dunn Luke           U-EQP   M-O    90.4     93    12   -160    160     162.5    162.5 -107.5 107.5       110     110     272.5   195   210     217.5    217.5   490     312.130    1-M-O-93-PL
Sluiters Daniel     U-EQP   M-O    87.5     93    17   140     150      160     160     110      115     120     120     280     200   -205             200     480     310.992    2-M-O-93-PL
Qazi Raheem         U-EQP   M-O    90.5     93    16   132.5   140      145     145      75      85     92.5     92.5    237.5   180   200     212.5    212.5   450     286.470    3-M-O-93-PL
Bentley Robert      U-EQP M-JR     97.1    105    21   165     172.5   182.5    182.5   107.5    115     120     120     302.5   225   232.5   -240     232.5   535     329.614   1-M-JR-105-PL
Kridle Anton        U-EQP M-JR     103.8   105    23   160     170     -175     170     117.5    125    -130     125     295     190   200     -205     200     495     297.000   2-M-JR-105-PL
Clarke Paul         U-EQP   M-O    104.5   105    20   190     200     -210     200     150     -160    -160     150     350     220   240     -250     240     590     353.174   1-M-O-105-PL
Aka Rodney          U-EQP   M-O    93.1    105    20    -70     95      105     105     110     117.5 -122.5 117.5       222.5   130   145      160     160     382.5   240.172   2-M-O-105-PL
Wouters Henry       U-EQP M-SJ     99.8    105    25   172.5   180     -187.5   180     105     -110    -110     105     285     190   200      210     210     495     301.504   1-M-SJ-105-PL
Saimone Jivan       U-EQP M-JR     111.2   120    30   -210    210      215     215     140      150     160     160     375     220   235      245     245     620     363.692   1-M-JR-120-PL
Cocker Stanley      U-EQP M-JR     117.5   120    33   -200    210      225     225     100      110     125     125     350     220   240      255     255     605     349.569   2-M-JR-120-PL
Chambers Matthew    U-EQP   M-O    119.6   120    27   175     185     197.5    197.5   105      110    112.5    112.5   310     225   235     -245     235     545     313.593   1-M-O-120-PL
Puiri Lewis         U-EQP M-SJ     118.8   120    29   180     200     -212.5   200     -150    -150     150     150     350     200   220      235     235     585     337.136   1-M-SJ-120-PL
Mansell Lucas       U-EQP M-JR     132.3   120+   31   195     210      220     220     115     122.5    130     130     350     215   230      240     240     590     332.701   1-M-JR-120+-PL
Enua Pirikamu       U-EQP   M-O    128.2   120+   32   190     200      210     210     190      200     205     205     415     240   250      270     270     685     388.395   1-M-O-120+-PL
Gough Timothy       U-EQP   M-O    121.9   120+   28   200     220     -230     220     130      140     150     150     370     230   250      260     260     630     360.927   2-M-O-120+-PL
Websdell Polly      U-EQP   F-I    114.8   84+    8     90     105     -120     105      75     82.5    -87.5    82.5    187.5   100   115      125     125     312.5   251.938    1-F-I-84+-PL
Vaitupu Sharon      U-EQP   F-JR   111.2   84+    13   140     145      150     150      50      55     -62.5     55     205     180   185      190     190     395     320.424   1-F-JR-84+-PL
Singh Situa       U-EQP   F-O    142.4      84+      20      95     100   110   110      50     -55    55        55       165     110       120    130    130   295     228.714   1-F-O-84+-PL
Smith Hayley      U-EQP   F-SJ   136.3      84+      9       -65    65    75    75       60    72.5    80        80       155     110       120    -130   120   275     214.912   1-F-SJ-84+-PL


                                                                                      Benchpress Only Lifters

Vizor Dean        U-EQP   M-O    112.4      120      24                                  160    170   182.5     182.5                                           182.5   106.780   1-M-O-120-BP
Williams Brogan   U-EQP   M-O    143.3     120+      33                                  160    170    180      180                                             180     100.242   1-M-O-120+-BP



                             Best Overall 3- Lift Male Lifters                                              Best Overall 3-Lift Female Lifters
                          1ST          Alkadhi Ali        398.471                                      1ST            Beattie Seona      350.549
                          2ND        Enua Pirikamu        388.395                                     2ND             Garcia Carissa     345.567
                          3RD        Wroth Warren         375.349                                     3RD             Cocker Siuea       334.449
