      07/08/2017                                                                                       GL divisional 06-Aug-17
Flt                                               Bwt    WtCls                   SQ                             Best BP                                    Best    Sub                              Best    (1) PL      (2)
    Name                        Team     cat                   lot# Wilks Coeff        SQ-1   SQ-2     SQ-3             BP-1             BP-2     BP-3                     DL-1    DL-2    DL-3
B                                                 (kg)    (kg)                  rack                            SQ rack                                     BP     Total                             DL      Total   Wilks Pts

B Charlie Keen                   un/o     Eq      88.9    93    34    0.6424      13   130     140     -150     140          8    150    -157.5 -157.5     150     290     140     155      165     165      455     292.292
B Hossein Zareh                 BGWLC     Eq      85.5    93    12    0.6562   15 in   -90     90       95       95               130    -140      165     165     260     -130    -130     140     140      400     262.480
B Alexander Petrenco              BB      Eq      92.8    93    22    0.6288      15   -275    275     282.5    282.5        9   -125    -127.5 -127.5      0        0     255     270     -275     270       0        0.000
A Julien Petit                    IC    classic   71.2    74     9    0.7398      14   140    147.5     155     155               80     87.5     92.5     92.5    247.5   167.5   175     182.5    182.5    430     318.114
A Usama Amir                     UCL    classic   81.8    83    30    0.6734      14   215    222.5    -230     222.5            -135     135      140     140     362.5   227.5   -235    -235     227.5    590     397.306
A Patrick King                   un/o   classic   79.6    83     4    0.6849      16   190    202.5    212.5    212.5             110    117.5 -122.5 117.5        330     -220    232.5    240     240      570     390.393
A Alan Joseph                   BGWLC classic     82.6    83    24    0.6694      16   180    192.5 -202.5 192.5                 117.5   122.5    -125     122.5   315     210     225      240     240      555     371.517
A Lukas Dudenas                  un/o   classic   82.6    83    31    0.6694      17   160     165     167.5    167.5 11          105     110     112.5    112.5   280     185     197.5    200     200      480     321.312
A Clive Fajutag                  un/o   classic   81.1    83    23    0.6769      14   165    -172.5            165               75      85       95       95     260     140     -170     200     200      460     311.374
A Sebastian Lipka                un/o   classic   78.9    83    21    0.6888      14   115     120     -122.5   120              72.5    77.5     82.5     82.5    202.5   150     157.5   162.5    162.5    365     251.412
A Kaminh (Kam) Lee               un/o   classic   80.8    83    17    0.6785      13   125    127.5    132.5    132.5            -122.5 -122.5 -122.5       0        0     145     155      160     160       0        0.000
B Ivan Otim                     BGWLC classic     91.7    93     6    0.6325      16   180    192.5     200     200              112.5   117.5 -122.5 117.5        317.5   240     255      265     265     582.5    368.431
B Alex Hall                      un/o   classic   89.6    93    10    0.6398      16   200     210      215     215              102.5   -110      110     110     325     225     240      250     250      575     367.885
B Declan Powell                  un/o   classic   86.2    93    20    0.6532      15   180     190      200     200     9        -140     140     152.5    152.5   352.5   195     205      220     220     572.5    373.957
B Jonathan Jennings             PCPC    classic   90.2    93    14    0.6377      17   175     185     -195     185         10 117.5     122.5    127.5    127.5   312.5   200     215      225     225     537.5    342.764
B James Fox                      un/o   classic   88.6    93    29    0.6436      17   160    167.5    -170     167.5            112.5    120     -122.5   120     287.5   200     210      220     220     507.5    326.627
B Andrea Sperini                  BB    classic   86      93    27    0.6540      13   155     160      165     165               110     115     -120     115     280     195     205      210     210      490     320.460
B Lenny Oseni                   BGWLC classic     91.9    93    28    0.6318      15   220    232.5     240     240          8 147.5     157.5 -162.5 157.5        397.5   -255    -255    -255      0        0        0.000
C Thomas Celestin               BGWLC classic 102.4       105   19    0.6030      11   235    247.5    -255     247.5             120     125     127.5    127.5   375     285     305     -312.5   305      680     410.040
C George Seeger                 BGWLC classic     100     105    5    0.6086      16 -207.5 217.5      227.5    227.5        9    140     145     -147.5   145     372.5   275     290      305     305     677.5    412.327
C Aristotelis Chatzigiannakis    un/o   classic   99.8    105    3    0.6091      15   210     220      230     230         11 142.5     152.5     160     160     390     240     260     272.5    272.5   662.5    403.529
C Mani Owugha                    un/o   classic 102.1     105   18    0.6037      19   195     205      210     210         11 112.5     117.5     120     120     330     255     267.5   272.5    272.5   602.5    363.729
C Kieran Stubbings              BGWLC classic 102.4       105    2    0.6030      11 187.5 -202.5 -202.5 187.5               7    125    -127.5            125     312.5   200     205              205     517.5    312.052
C Michael Rae                   Temp    classic 102.8     105    7    0.6021      17   160     170      180     180              102.5   107.5 -112.5 107.5        287.5   200     215      225     225     512.5    308.576
C Sidhyartha (Sid) Datta        Temp    classic   99.9    105   33    0.6088      18   150     160     -162.5   160     13        110     115      125     125     285     195     205      215     215      500     304.400
C Jonathan Chruscikowski BGWLC classic            95.9    105    1    0.6194      18   160     165     -170     165         12    100    102.5     105     105     270     195     200      205     205      475     294.215
C Bradley Godolphin              un/o   classic 100.1     105   15    0.6083      15   160     165      170     170               105     110     -115     110     280     180     185      190     190      470     285.901
C Mike Denzil                   BGWLC classic 101.2       105   13    0.6057      11   135     145      155     155     8         90      100      110     110     265     162.5   175      185     185      450     272.565
C Alistair Murdoch              PCPC    classic 111.3     120   26    0.5864      15   200     220      230     230          9    190     205     -207.5   205     435     240     260     -265     260      695     407.548
C Eric Boama                    BGWLC classic 113.8       120   16    0.5827      16   225     235      240     240               130    137.5     140     140     380     -260    260              260      640     372.928
C Callum McCabe                  un/o   classic 114.2     120    8    0.5821      17   215    222.5 -227.5 222.5 10              -150    -150      155     155     377.5   230     237.5    245     245     622.5    362.357
C Darren Greville               PCPC    classic 114.6     120   32    0.5816      16   -200    200      215     215         10    140     160     162.5    162.5   377.5   220     240              240     617.5    359.138
C Nick Wadsworth                  BB    classic 118.9     120   11    0.5762      21 167.5     175     -180     175     10       87.5     -95      -95     87.5    262.5   200     207.5 -212.5 207.5        470     270.814
