     07/08/2017                                                                                  GL Divisional 05-Aug-17
Flt                                  Bwt    WtCls        Wilks     SQ                              Best BP                             Best    Sub                             Best    (1) PL      (2)
    Name                     Team                 lot#                     SQ-1   SQ-2    SQ-3             BP-1        BP-2    BP-3                    DL-1    DL-2    DL-3
B                                    (kg)    (kg)        Coeff    rack                             SQ rack                              BP     Total                            DL      Total   Wilks Pts

A Jasmine Caracci             BB     44.7    47    34    1.3932        9   67.5   72.5     -75     72.5         30     32.5     35      35     107.5    70      80     82.5    82.5     190     264.708
A Damini Makwana             AIPP    50.7    52     8    1.2711        9    90    97.5     105     105          -50     50     -52.5    50     155      110    117.5 -122.5 117.5      272.5    346.375
A Claudia Estanislao          un/o   51.3    52    24    1.2597        6   87.5   92.5    97.5     97.5         40      45     -47.5    45     142.5   -117.5 122.5    130     130     272.5    343.268
A Melizza Estanislao          un/o   50      52     1    1.2846        8   92.5   97.5    -105     97.5         40      45     -47.5    45     142.5    110    -117.5 -117.5   110     252.5    324.362
A ShahlA Limouei              un/o   51.5    52     7    1.256         8   82.5   87.5    -92.5    87.5         35      40     -45      40     127.5   -100     100    110     110     237.5    298.300
A Anoula Rayburn              GFP    50.9    52    14    1.2673        8    70     75      80       80          40      45     47.5    47.5    127.5    80     87.5    92.5    92.5     220     278.806
A Moa Wikner                 BGWLC   55.1    57     6    1.1916        9 112.5 -117.5 117.5        117.5       67.5    -70     -70     67.5    185      135    -140            135      320     381.312
A Michela Garau               un/o   55.1    57    11    1.1916       10   110    115     -125     115          60     -65      65      65     180      120     130    137.5   137.5   317.5    378.333
A Moya Williams              Temp    55.2    57    33     1.19        10    85    92.5     100     100     6   47.5    52.5     55      55     155      120    132.5   142.5   142.5   297.5    354.025
A Sophia Rendora              un/o   55.3    57    36    1.1883        8   67.5   72.5     -80     72.5        42.5    47.5     50      50     122.5    85      90      95      95     217.5    258.455
B Hannah Chan                AIPP    58.1    63    32    1.1432 7in        105    115     122.5    122.5        65      70     72.5    72.5    195      130                    130      325     371.540
B Lauren Randall             AIPP    60      63    17    1.1149 11in        80    87.5    92.5     92.5         50      55     -57.5    55     147.5    125     135    140     140     287.5    320.534
B Diane Stockwell            PCPC    62.1    63    19    1.0858        8   97.5   102.5    105     105         57.5     60     -62.5    60     165      105    112.5   117.5   117.5   282.5    306.739
B Allison Jones              BGWLC   61.4    63    30    1.0952       10   82.5   87.5    92.5     92.5        52.5     55              55     147.5   117.5   -125    125     125     272.5    298.442
B Theresa Wildegger           BB     61.1    63    26    1.0994       13    80     85      -90      85          50     52.5     55      55     140      85     87.5    92.5    92.5    232.5    255.611
B Karen Lai                  AIPP    64.9    72    31    1.0503        8 127.5    135     142.5    142.5       67.5    -75     -75     67.5    210     137.5    145    150     150      360     378.108
B Lydia Charles               un/o   69.6    72    10    0.9988       11   125    130     -137.5   130         62.5    -65      65      65     195     162.5 -172.5 -172.5 162.5       357.5    357.071
B Sam Hines                  BGWLC   68.8    72    16    1.0069       10   125    130     132.5    132.5        55     57.5    -60     57.5    190      140    152.5   160     160      350     352.415
B Syeda Bukhari              Temp    70.1    72     3    0.9939       11   105    115     -122.5   115          50      55     -57.5    55     170      125    132.5   140     140      310     308.109
B Isabelle Paterson-Taylor    SA     66.4    72     5    1.0328       13   100    -105    -105     100         52.5    57.5    -60     57.5    157.5   122.5   127.5   132.5   132.5    290     299.512
B Tania Kietzmann             un/o   69.2    72    23    1.0028       10    60     70      80       80          40     -50      50      50     130      120     130    140     140      270     270.756
C Katie Drewett               STm    80.6    84    27    0.9112       13    70     75      80       80          50      55     57.5    57.5    137.5    105    112.5   120     120     257.5    234.634
C Anna-Marie Steadman         SA     81.3    84     9    0.907        12    80     85      90       90          35      40     -42.5    40     130      100     105    110     110      240     217.680
C Angela Wolff                SA     105     84+    2    0.8217       11   110    115      120     120          60     -62.5   -62.5    60     180      115     120    125     125      305     250.618
C diana eleuterio             un/o   85.5    84+   13    0.8841       13   100    110      115     115          50     52.5    -55     52.5    167.5    120     130    -140    130     297.5    263.020
C Terri Burns                 SA     90.9    84+   21    0.8606       12    90     95      100     100          45     47.5     50      50     150      105     110    115     115      265     228.059
C Henry Hoang                 un/o   58.2    59    12    0.8773       11 122.5    127.5    135     135          80      85     -87.5    85     220     -152.5 152.5    155     155      375     328.988
C Jack Roach                 BGWLC   65.1    66     4    0.7942       12   135    145      150     150     5    80      85     87.5    87.5    237.5    165    177.5   185     185     422.5    335.550
C Brandon Twigley             un/o   69.9    74    15    0.7502       13   -165   165     -170     165     6   122.5   -130    -130    122.5   287.5    180     190    -200    190     477.5    358.220
C Ben Richens                 STm    73.8    74    20    0.7207       12   145    152.5   157.5    157.5 6     107.5   -110    110     110     267.5    180    187.5   -200    187.5    455     327.919
C Nimesh Gurung               un/o   73.3    74    25    0.7242       13   135    145      150     150          85      90     -95      90     240      170     175    182.5   182.5   422.5    305.975
C Thomas Gilbert              BB     73.2    74    22    0.7249       14 117.5    125      130     130          95     100     -105    100     230      155    162.5   167.5   167.5   397.5    288.148
C Shane Serdenia              un/o   68      74    29    0.7665       13 122.5    130     132.5    132.5        85      90     -97.5    90     222.5    160    162.5   165     165     387.5    297.019
C Steven Kris Rendora         un/o   72.2    74    18    0.7322       11   125    132.5    135     135         72.5     75     82.5    82.5    217.5   157.5   -160    -160    157.5    375     274.575
