23-24/02/2018,,,,,2018 British Women's Classic Powerlifting Championships,,,
"",,Bwt,WtCls,,,,,
Name,Team,,,lot#,Age SQ-1 SQ-2 SQ-3 Best SQ BP-1 BP-2 BP-3 Best BP DL-1 DL-2 DL-3 Best DL,Total,Wilks,Placing
"",,(kg),(kg),,,,,
Danielle Malcolm,SW,46.6,47,1,Senior 107.5 110 -112.5 110 65 71 -73.5 71 122.5 135 -137.5 135,316,427.611,1 -47-PL
Rebecca Heath,GL,46.4,47,4,Senior 105 110 -112.5 110 65 67.5 -70 67.5 122.5 130 -140 130,307.5,417.370,2 -47-PL
Lourizza Ball,SW,46,47,3,Senior 92.5 97.5 102.5 102.5 45 47.5 -50 47.5 105 110 117.5 117.5,267.5,365.325,3 -47-PL
Jasmine Lake,GL,45.7,47,2,Senior 60 65 -70 65 60 62.5 -65 62.5 82.5 -90 -90 82.5,210,288.120,4 -47-PL
Joy Nnamani,GL,51.7,52,15,Senior,142.5,150,-152.5,150,75,80,85,85,177.5,192.5,-200,192.5,427.5,535.316,1 -52-PL
Emma Goodwin,SM,51.6,52,14,Senior,107.5,-115,115,115,62.5,67.5,-70,67.5,155,165,172.5,172.5,355,445.205,2 -52-PL
Emma Rafferty,GL,51.9,52,11,Senior,105,112.5,117.5,117.5,-67.5,67.5,75,75,117.5,125,-132.5,125,317.5,396.399,3 -52-PL
Agata Dowding,SW,51.5,52,12,Senior,115,125,130,130,55,60,62.5,62.5,115,120,-125,120,312.5,392.500,4 -52-PL
Danielle Firth,NW,50.8,52,8,Senior,100,110,115,115,50,55,-57.5,55,125,-130,130,130,300,380.760,5 -52-PL
Natalie Banks,NW,51.5,52,10,Senior,87.5,90,-92.5,90,57.5,60,-62.5,60,135,-140,-140,135,285,357.960,6 -52-PL
Justine Lee,YNE,49.8,52,7,Senior,87.5,92.5,-95,92.5,-45,45,50,50,125,132.5,-140,132.5,275,354.337,7 -52-PL
Rebecca Currie,NW,49.9,52,6,M1,80,85,90,90,37.5,-40,40,40,115,120,125,125,255,328.083,8 -52-PL
Hayley Muir,SW,49.7,52,5,Senior,65,72.5,80,80,45,50,-52.5,50,95,100,105,105,235,303.268,9 -52-PL
23-24/02/2018,,,,,2018 British Women's Classic Powerlifting Championships,,,
"",,Bwt,WtCls,,,,,
Name,Team,,,lot#,Age SQ-1 SQ-2 SQ-3 Best SQ BP-1 BP-2 BP-3 Best BP DL-1 DL-2 DL-3 Best DL,Total,Wilks,Placing
"",,(kg),(kg),,,,,
Lucia Puricelli,WM,56.5,57,35,Senior 142.5 150 -155.5 150 77.5 80 82.5 82.5 147.5 157.5 162.5 162.5,395,461.518,1 -57-PL
Jodie Cook,WM,56.4,57,33,Senior 130 137.5 -142.5 137.5 75 -80 80 80 155 165 -177.5 165,382.5,447.563,2 -57-PL
Hannah Chan,GL,56.7,57,32,Senior 127.5 137.5 140 140 75 80 82.5 82.5 145 155 -157.5 155,377.5,439.863,3 -57-PL
Elspeth Mcleod,YNE,56.6,57,34,Senior 120 127.5 -130 127.5 72.5 77.5 -80 77.5 145 155 162.5 162.5,367.5,428.799,4 -57-PL
Moya Williams,GL,55.1,57,31,Senior 105 112.5 -117.5 112.5 57.5 62.5 -65 62.5 155 167.5 175 175,350,417.060,5 -57-PL
Maria De Pedro,SW,57,57,28,Senior 110 117.5 125 125 60 65 -70 65 130 137.5 140 140,330,382.932,6 -57-PL
Suzana Sorokova,GL,56.4,57,29,Senior 107.5 115 117.5 117.5 65 70 72.5 72.5 -135 -135 135 135,325,380.282,7 -57-PL
Kristina March,SE,55.7,57,30,Senior 100 -107.5 -107.5 100 62.5 -67.5 72.5 72.5 135 145 -152.5 145,317.5,375.158,8 -57-PL
Jessica Goodchild,GL,54.8,57,25,Senior 107.5 115 -120 115 55 57.5 62.5 62.5 125 135 -145 135,312.5,373.969,9 -57-PL
Lucy Fraser,SW,55.8,57,26,Senior 100 107.5 -112.5 107.5 62.5 67.5 70 70 122.5 130 -135 130,307.5,362.819,10 -57-PL
Sarah Cheshire,NM,55.7,57,24,Senior 95 102.5 107.5 107.5 45 -50 -50 45 130 140 150 150,302.5,357.434,11 -57-PL
Leanne Brumby,YNE,56.4,57,23,Senior 100 110 -117.5 110 60 62.5 -67.5 62.5 110 120 125 125,297.5,348.105,12 -57-PL
Emma Drackford,SM,55.5,57,27,Senior 115 120 -125 120 -52.5 57.5 -60 57.5 105 115 -125 115,292.5,346.583,13 -57-PL
Roisin Meehan,SCO,57,57,21,Senior 97.5 102.5 107.5 107.5 45 47.5 -50 47.5 110 120 -130 120,275,319.110,14 -57-PL
Ingrid Charvet,GL,54.9,57,22,Senior 82.5 87.5 92.5 92.5 45 -47.5 -47.5 45 115 122.5 -125 122.5,260,310.700,15 -57-PL
Grace Paxton,SW,55.8,57,18,Senior 80 82.5 85 85 40 45 -47.5 45 117.5 127.5 -135 127.5,257.5,303.824,16 -57-PL
Michelle Trench,SM,55.9,57,20,Senior 75 85 -90 85 47.5 -50 -50 47.5 115 125 -135 125,257.5,303.412,17 -57-PL
Anouska Bridgeman,WM,55,57,17,Senior 80 87.5 -92.5 87.5 40 45 -47.5 45 110 117.5 122.5 122.5,255,304.292,18 -57-PL
Alexandra Chapman,YNE,56.3,57,19,Senior 90 100 -102.5 100 42.5 47.5 -50 47.5 100 107.5 -112.5 107.5,255,298.784,19 -57-PL
23-24/02/2018,,,,,2018 British Women's Classic Powerlifting Championships,,,
"",,Bwt,WtCls,,,,,
Name,Team,,,lot#,Age SQ-1 SQ-2 SQ-3 Best SQ BP-1 BP-2 BP-3 Best BP DL-1 DL-2 DL-3 Best DL,Total,Wilks,Placing
"",,(kg),(kg),,,,,
Rima Baki,GL,62.4,63,21,M1 130 140 147.5 147.5 77.5 82.5 85 85 155 165 -170 165,397.5,430.015,1 -63-PL
Stephanie Pike,YNE,62.7,63,19,Senior 125 130 -135 130 67.5 -70 70 70 175 185 -198 185,385,414.992,2 -63-PL
Grace Stilgoe,GL,61.9,63,15,Senior 130 135 140 140 70 75 -77.5 75 152.5 157.5 165 165,380,413.592,3 -63-PL
April Howe,NW,60.9,63,11,Senior 140 147.5 152.5 152.5 72.5 77.5 80 80 125 135 145 145,377.5,416.043,4 -63-PL
Moa Wikner,GL,62.1,63,16,Senior 130 135 -140 135 75 77.5 -80 77.5 150 165 -170 165,377.5,409.890,5 -63-PL
Hollie Johnson,YNE,62.2,63,20,Senior 125 130 132.5 132.5 80 85 -87.5 85 155 -165 -165 155,372.5,403.939,6 -63-PL
Claire Sear,SM,62.2,63,12,Senior 117.5 125 130 130 72.5 -77.5 -77.5 72.5 147.5 160 167.5 167.5,370,401.228,7 -63-PL
Hannah Yardy,SW,62.7,63,18,Senior 115 122.5 -127.5 122.5 75 80 -82.5 80 160 -170 -170 160,362.5,390.739,8 -63-PL
Debbie Gathercole,YNE,59.5,63,1,Senior 110 117.5 122.5 122.5 67.5 -72.5 75 75 140 150 155 155,352.5,395.540,9 -63-PL
Gemma Surtees,YNE,62.5,63,10,Senior -120 120 127.5 127.5 65 -70 -70 65 140 150 157.5 157.5,350,378.175,10 -63-PL
Maariyah Tahir,WM,62.8,63,14,Senior 110 -115 -115 110 65 70 -72.5 70 167.5 -180 -180 167.5,347.5,374.084,11 -63-PL
Stephanie Duff,SM,61.1,63,9,Senior 115 125 132.5 132.5 57.5 62.5 67.5 67.5 127.5 137.5 145 145,345,379.293,12 -63-PL
Tsatska Enkhbayar,GL,62.5,63,6,Senior 115 120 -122.5 120 65 67.5 70 70 -145 145 152.5 152.5,342.5,370.071,13 -63-PL
Karen Lai,GL,61.8,63,17,Senior 127.5 -132.5 -132.5 127.5 70 -72.5 72.5 72.5 -140 -140 140 140,340,370.532,14 -63-PL
Donna Bradbury,NW,60.6,63,2,M1 125 -132.5 -132.5 125 60 62.5 65 65 135 142.5 145 145,335,370.610,15 -63-PL
Lauren Elder,NI,61.1,63,4,Senior 120 -125 -125 120 55 -57.5 -57.5 55 145 155 160 160,335,368.299,16 -63-PL
Kate Matthew,WAL,62,63,3,Senior 115 122.5 -127.5 122.5 57.5 62.5 -67.5 62.5 132.5 142.5 150 150,335,364.179,17 -63-PL
Lauren-May Drake,NW,62.8,63,7,Senior 100 105 -112.5 105 55 57.5 -60 57.5 150 160 167.5 167.5,330,355.245,18 -63-PL
Emma Stott,NW,61.5,63,8,M1 -100 -102.5 102.5 102.5 60 65 -70 65 130 140 -145 140,307.5,336.374,19 -63-PL
23-24/02/2018,,,,,2018 British Women's Classic Powerlifting Championships,,,
"",,Bwt,WtCls,,,,,
Name,Team,,,lot#,Age SQ-1 SQ-2 SQ-3 Best SQ BP-1 BP-2 BP-3 Best BP DL-1 DL-2 DL-3 Best DL,Total,Wilks,Placing
"",,(kg),(kg),,,,,
Susanna Argile,SM,71.7,72,3,Senior 162.5 172.5 180 180 95 100 102.5 102.5 160 180 -190 180,462.5,452.695,1 -72-PL
Holly Bryans,NM,70,72,11,U23 150 157.5 162.5 162.5 70 75 80 80 165 177.5 182.5 182.5,425,422.790,2 -72-PL
Robynne Smith,YNE,71.2,72,4,Senior 120 127.5 130 130 82.5 87.5 90 90 170 180 187.5 187.5,407.5,400.735,3 -72-PL
Emily Greenway,SW,71.1,72,7,Senior 145 155 160 160 65 70 72.5 72.5 152.5 162.5 172.5 172.5,405,398.642,4 -72-PL
Katy Matheson,SCO,69.6,72,33,Senior 140 150 160 160 65 70 -75 70 160 170 -175 170,400,399.520,5 -72-PL
Kimberley Cowell,NW,71.7,72,9,Senior 130 -135 -135 130 82.5 -85 85 85 170 180 185 185,400,391.520,6 -72-PL
Florence Walton,SE,69.5,72,10,Senior 145 152.5 -155 152.5 75 80 82.5 82.5 152.5 -160 160 160,395,394.921,7 -72-PL
Rosie Howard,YNE,69.5,72,5,Senior 130 -140 -140 130 65 70 72.5 72.5 165 180 187.5 187.5,390,389.922,8 -72-PL
Rosie Burlison,YNE,70.9,72,37,Senior -145 150 -156 150 65 67.5 -72.5 67.5 157.5 167.5 172.5 172.5,390,384.618,9 -72-PL
Sophie Barringer,SCO,70.5,72,8,Senior 130 140 -150 140 60 65 -70 65 160 170 180 180,385,381.150,10 -72-PL
Emily Cushion,GL,65.1,72,1,Senior 130 135 -140 135 77.5 82.5 -85 82.5 155 162.5 165 165,382.5,400.822,11 -72-PL
Emily Williams,GL,71.4,72,6,Senior 140 -150 150 150 70 -75 75 75 135 147.5 157.5 157.5,382.5,375.424,12 -72-PL
Gemma Wright,YNE,71.7,72,35,Senior 135 145 150 150 62.5 67.5 -70 67.5 155 165 -172.5 165,382.5,374.391,13 -72-PL
Rowan Hendry-Horne,SCO,70.6,72,2,Senior 135 142.5 -150 142.5 82.5 -87.5 -87.5 82.5 140 150 155 155,380,375.820,14 -72-PL
Louise Marsh,YNE,71.9,72,34,Senior 147.5 152.5 155 155 60 62.5 65 65 147.5 155 160 160,380,371.222,15 -72-PL
Sophie Hardy,NM,68.8,72,27,Senior 130 135 140 140 70 72.5 75 75 140 145 150 150,365,367.518,16 -72-PL
Nancy Evbuomwan,GL,71.5,72,26,Senior 130 135 -140 135 50 -60 60 60 150 155 170 170,365,357.919,17 -72-PL
Cassie Kane,SW,71.2,72,31,M1 110 115 122.5 122.5 65 72.5 -75 72.5 150 160 -165 160,355,349.107,18 -72-PL
Scarlett Portues,NW,71.7,72,32,Senior 132.5 -137.5 -137.5 132.5 72.5 -75 75 75 140 147.5 -150 147.5,355,347.474,19 -72-PL
Katy Jacques,NW,67.4,72,28,Senior 130 -140 -140 130 57.5 62.5 65 65 135 145 147.5 147.5,342.5,349.932,20 -72-PL
Bea Wright,SW,71.5,72,24,Senior 110 120 -122.5 120 67.5 72.5 -75 72.5 137.5 145 150 150,342.5,335.855,21 -72-PL
Victoria Eades,WAL,70.6,72,29,Senior -125 125 132.5 132.5 62.5 67.5 -70 67.5 140 -152.5 -152.5 140,340,336.260,22 -72-PL
Emma Shepherd,SW,71.3,72,25,Senior 110 -120 120 120 70 -75 -75 70 130 137.5 147.5 147.5,337.5,331.560,23 -72-PL
Helen Brownlee,WM,69.3,72,23,Senior 117.5 122.5 125 125 -60 62.5 65 65 130 135 140 140,330,330.594,24 -72-PL
Victoria Savage,NW,67.7,72,22,M1 -125 125 -132.5 125 55 -60 -60 55 132.5 142.5 147.5 147.5,327.5,333.559,25 -72-PL
Chrystal Williams,NW,82.3,84,29,U23,172.5,180,-190,180,92.5,100,102.5,102.5,195,205,212.5,212.5,495,446.044,1 -84-PL
Takara Hawthorne-Smith,WM,82.8,84,27,Senior,157.5,167.5,172.5,172.5,85,95,100,100,192.5,205,-213,205,477.5,428.938,2 -84-PL
Deirdre Fenlon,WM,83.1,84,28,Senior,167.5,177.5,183,183,80,85,-87.5,85,187.5,200,,200,468,419.609,3 -84-PL
Hira Teirney,SW,81.9,84,26,Senior,147.5,155,162.5,162.5,75,77.5,-80,77.5,195,205,-212.5,205,445,402.013,4 -84-PL
Elfie Higson,NW,81.6,84,18,Senior,162.5,172.5,-183,172.5,70,75,-80,75,180,192.5,-200,192.5,440,398.288,5 -84-PL
Chloe Whylie,GL,83.7,84,23,Senior,-160,160,-165,160,75,80,-85,80,180,190,195,195,435,388.585,6 -84-PL
Temitope Nuga,GL,79,84,22,Senior,140,152.5,-160,152.5,80,85,-87.5,85,160,192.5,-208.5,192.5,430,396.245,7 -84-PL
Natasha Tranter,WM,81.4,84,24,U23,155,-165,-165,155,85,90,-95,90,160,172.5,180,180,425,385.220,8 -84-PL
Laura Loft,YNE,82.4,84,21,Senior,155,162.5,167.5,167.5,75,80,-82.5,80,172.5,-180,-180,172.5,420,378.210,9 -84-PL
Emma Sullivan,NW,83.1,84,19,Senior,140,147.5,-152.5,147.5,77.5,82.5,85,85,160,167.5,170,170,402.5,360.882,10 -84-PL
Jennifer Shaw,EM,76.6,84,15,Senior,135,142.5,-150,142.5,70,75,80,80,135,142.5,150,150,372.5,349.554,11 -84-PL
Charlotte Newbould,YNE,76.7,84,16,Senior,-130,130,140,140,62.5,67.5,70,70,140,147.5,150,150,360,337.536,12 -84-PL
Claire Dickson,NW,82.6,84,14,Senior,122.5,125,127.5,127.5,80,82.5,-87.5,82.5,137.5,145,-150,145,355,319.287,13 -84-PL
23-24/02/2018,,,,,2018 British Women's Classic Powerlifting Championships,,,
"",,Bwt,WtCls,,,,,
Name,Team,,,lot#,Age SQ-1 SQ-2 SQ-3 Best SQ BP-1 BP-2 BP-3 Best BP DL-1 DL-2 DL-3 Best DL,Total,Wilks,Placing
"",,(kg),(kg),,,,,
Camille Holland,EM,121.8,84+,47,Senior 210 225 -240 225 95 105 110 110 165 172.5 -180 172.5,507.5,404.731,1 -84+-PL
Lucy Jackson,NW,105,84+,42,Senior 185 -195 -197.5 185 -90 95 100 100 185 192.5 -200 192.5,477.5,392.362,2 -84+-PL
Jo Whiteley,NW,116.9,84+,46,M1 170 177.5 180 180 85 87.5 -90 87.5 177.5 187.5 192.5 192.5,460,369.564,3 -84+-PL
Heather Clarke,EM,97.7,84+,44,Senior 155 162.5 165 165 90 95 100 100 160 170 180 180,445,373.133,4 -84+-PL
Alexandra Foden,NW,106.6,84+,39,Senior 165 175 180 180 85 -90 -90 85 160 170 -182.5 170,435,356.178,5 -84+-PL
Scarlett Sotiris,SM,90.8,84+,40,Senior -135 145 155 155 67.5 75 -80 75 160 175 190 190,420,361.578,6 -84+-PL
Leah Moir,SCO,111.8,84+,43,Senior 145 150 -160 150 90 100 107.5 107.5 145 155 162.5 162.5,420,340.326,7 -84+-PL
Steevie Pugh,NW,98.9,84+,36,Senior 170 180 -190 180 67.5 70 75 75 140 147.5 155 155,410,342.473,8 -84+-PL
Katrina Sweatman,WM,105.9,84+,34,Senior 147.5 157.5 -167.5 157.5 75 80 82.5 82.5 142.5 155 162.5 162.5,402.5,330.050,9 -84+-PL
Sam Foulds,SM,114.5,84+,35,Senior 140 150 157.5 157.5 82.5 87.5 92.5 92.5 132.5 142.5 152.5 152.5,402.5,324.656,10 -84+-P
Jenni Crimmins,NW,122.5,84+,33,Senior 122.5 132.5 140 140 77.5 80 -85 80 145 160 165 165,385,306.730,11 -84+-P
Sylvia Osei-Tutu,GL,95.4,84+,37,Senior 125 130 -135 130 90 -95 -95 90 150 157.5 -162.5 157.5,377.5,319.063,12 -84+-P
Helen Jones,NW,103.1,84+,32,Senior 150 155 -157.5 155 62.5 -67.5 67.5 67.5 147.5 150 155 155,377.5,311.664,13 -84+-P
Rachel Moir,SCO,97.3,84+,38,Senior -135 135 -147.5 135 85 90 -95 90 145 -155 145,370,310.652,14 -84+-P
Elizabeth Terry,NW,95.6,84+,31,Senior 130 137.5 142.5 142.5 55 60 -65 60 145 155 162.5 162.5,365,308.279,15 -84+-P
Robyn Turnbull,YNE,97.3,84+,30,Senior 120 130 -132.5 130 55 -60 -60 55 140 150 155 155,340,285.464,16 -84+-P
Kelly Phasey,WM,123.8,84+,45,M1 -165 -165 -165 0 92.5 97.5 -102.5 97.5 -162.5 162.5 175 175,0,0.000,
