一般     2019/02/09-11 第23回ジャパンクラシックパワーリフティング選手権大会
WtCls順(Kg)
        Name     Age    BWt (Kg)
                               Lot #   SQ1      SQ2      SQ3      BP1      BP2      BP3      DL1      DL2      DL3      Best SQBest BPBest DL Total Wilks Co.Team
                                                                                                                                                              x Total
59 1 久恒 歩        1997    58.65   20    180.0    190.0    195.0    122.5    127.5    130.0    235.0    -248.0   -248.0    195.0   130.0   235.0   560.0 487.75 東京大学
     2 松崎 涼      1999    58.05   16    170.0    182.5    192.5     90.0     97.5    102.5    200.0    210.0    -225.0    192.5   102.5   210.0   505.0 444.12 個人
     3 水野 貴章     1967    58.75   14    165.0    -175.0   175.0    115.0    120.0    -125.0   200.0    -210.0   210.0     175.0   120.0   210.0   505.0 439.15 ゴールドジム成⽥千葉
     4 ⼩林 一貴     1982    57.95   18    150.0    160.0    165.0    110.0    120.0    -122.5   190.0    215.0    -220.0    165.0   120.0   215.0   500.0 440.44 TXP
     5 溝井 大斗     1994     58.7   13    147.5    152.5    157.5    107.5    -112.5   -112.5   200.0    210.0    -220.0    157.5   107.5   210.0   475.0 413.39 個人
     6 向井 陽紀     1987     58.8   19    150.0    157.5    160.0    112.5    117.5    -120.0   180.0    -187.5   -190.0    160.0   117.5   180.0   457.5 397.53 個人
     7 ⼩野 雅史     1978    58.25   12    130.0    140.0    -152.5    95.0    105.0    110.0    190.0    205.0    -215.0    140.0   110.0   205.0   455.0 398.85 個人
     8 溝尾 元洋     1980     58.2   21    135.0    -145.0   150.0    -115.0   115.0    -125.0   150.0    165.0    -180.0    150.0   115.0   165.0   430.0 377.24 個人
     9 ⼩巻 建太朗    1988    58.45   17    142.5    147.5    152.5     -87.5    87.5     90.0    165.0    170.0    175.0     152.5    90.0   175.0   417.5 364.80 ゴールドジム成⽥千葉
     10 野坂 英治    1980    58.35   15    140.0    -145.0   -145.0    80.0     85.0     -90.0   170.0    180.0    -190.0    140.0    85.0   180.0   405.0 354.45 チーム度肝
     11 初芝 隆宏    1964    56.75   11    120.0    -130.0   130.0     90.0     95.0    -100.0   135.0    145.0    -150.0    130.0    95.0   145.0   370.0 332.50   ＲＥＤ ＺＯＮＥ 福島

66 1 木内 陽介       1996    65.44 108     200.0    215.0    -220.0   130.0    140.0    -142.5   252.5    270.0    272.5     215.0   140.0   272.5   627.5 496.19 ⻘⼭学院大学
     2 井上 雄介     1981    65.92 106     -210.0   215.0    225.0    -152.5   152.5    -157.5   -245.0   250.0    -265.0    225.0   152.5   250.0   627.5 493.20 雷神ファクトリー
     3 池上 宏樹     1991    65.48 101     205.0    -215.0   215.0    137.5    142.5    145.0    252.5    257.5    -267.5    215.0   145.0   257.5   617.5 488.04 TXP
     4 佐竹 優典     1996    65.32 111     210.0    220.0    -230.0   135.0    140.0    -145.0   235.0    252.5    -257.5    220.0   140.0   252.5   612.5 485.07 ⻘⼭学院大学
     5 宮崎 賀寿雄    1986     65.7 109     200.0    210.0    -212.5   150.0    155.0    -157.5   235.0    -245.0   245.0     210.0   155.0   245.0   610.0 480.77 Ｆ・Ｔ,ＧＹＭ
     6 木村 琢磨     1984    65.36 104     200.0    210.0    -215.0   -155.0   -155.0   155.0    220.0    230.0    235.0     210.0   155.0   235.0   600.0 474.93 個人
     7 井⼾ 豊      1983     65.5 110     225.0    235.0    240.5    115.0    120.0    -125.0   195.0    210.0    -222.5    240.5   120.0   210.0   570.5 450.78 石川県協会本部道場
     8 牛⼭ 恭太     1997     65.6 103     175.0    182.5    187.5    140.0    145.0    150.0    -230.0   -230.0   230.0     187.5   150.0   230.0   567.5 447.84 ハイテク
     9 ⿊瀬 奨太     1994    65.64 105     185.0    192.5    -195.0   -140.0   145.0    -147.5   230.0    -240.0   -240.0    192.5   145.0   230.0   567.5 447.61 チーム岡⼭
     10 伊東 優太    1984    65.48   97    185.0    195.0    205.0    110.0    115.0    -120.0   220.0    230.0    240.0     205.0   115.0   240.0   560.0 442.59 リアルスィング
     11 谷澤 直紀    1995     65.4   96    170.0    180.0    185.0    115.0    122.5    130.0    200.0    210.0    220.0     185.0   130.0   220.0   535.0 423.26 TXP
     12 上⽥ 孝道    1993    65.62   93    -190.0   -190.0   190.0    125.0    -135.0   -135.0   220.0    -235.0   -235.0    190.0   125.0   220.0   535.0 422.09 個人
     13 久保⽥ 甲斐   1991    65.84   91    170.0    180.0    -185.0   120.0    125.0    -130.0   215.0    225.0    -232.5    180.0   125.0   225.0   530.0 416.99 個人
     14 槻 大⼆郎    1988     65.6   94    170.0    177.5    182.5    115.0    125.0    130.0    185.0    195.0    202.5     182.5   130.0   202.5   515.0 406.41   ｽﾊﾟｰﾊﾟﾜｰアサマﾄﾚｰﾆﾝｸｸﾗﾌﾞ

     15 三河 涼     1986    65.38   92    180.0    192.5    -200.0    90.0    -100.0   100.0    200.0    215.0    -225.0    192.5   100.0   215.0   507.5 401.61   ｽﾊﾟｰﾊﾟﾜｰアサマﾄﾚｰﾆﾝｸｸﾗﾌﾞ

     16 玉水 一成    1989    65.52   95    165.0    170.0    -175.0   -130.0   130.0    -132.5   190.0    200.0    -207.5    170.0   130.0   200.0   500.0 394.97   ＡＩＺＵ．ＰＯＷＥＲ．ＣＬＵＢ


     17 広居 尚人    1994    65.72   88    180.0    190.0    -200.0   112.5    117.5    120.0    190.0    -200.0   -200.0    190.0   120.0   190.0   500.0 393.98   ＢＵＲＳＴ ＬＩＭＩＴ

     18 濱⽥ 成基    1964    64.78   83    155.0    160.0    165.0    100.0    105.0    -110.0   205.0    -215.0   -217.5    165.0   105.0   205.0   475.0 378.79 リアルスィング
     19 藤⽥ 朋晴    1973    65.64   82    160.0    170.0    -180.0   -105.0   110.0    112.5    -180.0   180.0    190.0     170.0   112.5   190.0   472.5 372.68 ESQＵATIR
     20 嵐 裕⽂     1989    65.26   84    160.0    -165.0   -165.0   100.0    110.0    -115.0   185.0    190.0    197.5     160.0   110.0   197.5   467.5 370.52 個人
     21 鈴木 教郎    1974    64.56   85    150.0    160.0    -167.5   105.0    110.0    -112.5   -185.0   -185.0   185.0     160.0   110.0   185.0   455.0 363.89 個人
     22 川上 薫寛    1993    65.28   87    140.0    150.0    -155.0   -120.0   120.0    125.0    180.0    -190.0   -190.0    150.0   125.0   180.0   455.0 360.52 チームみそカツ
  23 井中 宏史    1957    65.8   81   140.0    150.0    155.0    100.0    110.0    115.0    165.0    172.5    177.5    155.0   115.0   177.5   447.5 352.25 ちからこぶ
  24 中沢 聖⼆    1984   63.76   89   155.0    162.5    -170.0   100.0    102.5    -105.0   170.0    180.0    -185.0   162.5   102.5   180.0   445.0 359.68 B・A・D
  25 藤⽥ 悠介    1991   65.74   80   145.0    155.0    162.5     92.5     97.5    -100.0   160.0    172.5    185.0    162.5    97.5   185.0   445.0 350.55 ノーリミッツ
  26 三樹 範大    1982   64.92   86   155.0    -165.0   -167.5    82.5     -87.5    -87.5   190.0    195.0    -200.0   155.0    82.5   195.0   432.5 344.28 大阪府ﾊﾟﾜｰﾘﾌﾃｨﾝｸﾞ協会
  失 渡邉 嶺      1992   65.86   90   160.0    170.0    -177.5   -125.0   -125.0   -125.0   195.0    -210.0   -210.0   170.0     0.0   195.0     0.0   0.00 横浜マリンﾄﾚｰﾆﾝｸﾞｼﾞﾑ
  失 森下 剣人     1988   64.78 100    162.5    175.0    180.0    102.5    110.0    112.5    -210.0   -210.0   -210.0   180.0   112.5     0.0     0.0   0.00 桑名体育館TC
  失 飛⽥ 渉      1999   65.14 107    -210.0   -210.0   -210.0   -155.0   155.0    -160.0   -230.0                       0.0   155.0     0.0     0.0   0.00 個人
74 1 宇都木 悠    1994   73.75   71   220.0    235.0    242.5    150.0    155.0    157.5    245.0    265.0    -275.0   242.5   157.5   265.0   665.0 479.50 TXP
  2 原⽥ 潤      1988    73.4   78   205.0    217.5    -222.5   155.0    160.0    162.5    255.0    265.0    270.0    217.5   162.5   270.0   650.0 466.66 リアルスィング
  3 藤井 優弥     1998    73.5   74   215.0    230.0    235.0    135.0    -140.0   -140.0   260.0    280.0    -295.0   235.0   135.0   280.0   650.0 469.82 パワーハウス赤穂
  4 渋谷 優輝     1985    73.1   70   225.0    232.5    -235.0   152.5    157.5    160.0    220.0    232.5    -242.5   232.5   160.0   232.5   625.0 453.52   Strength Gym Tokyo Bay

  5 梶原 広大     1991   73.55   79   205.0    215.0    -220.0   150.0    157.5    160.0    250.0    -262.5   -262.5   215.0   160.0   250.0   625.0 451.53 チーム岡⼭
  6 仲村 龍治     1981    73.7   75   200.0    207.5    212.5    150.0    160.0    -162.5   220.0    -240.0   240.0    212.5   160.0   240.0   612.5 427.43   ＢＩＧ ＢＥＡＲ ＧＹＭ

  7 松⼭ 聡      1972   73.65   77   185.0    205.0    210.0    155.0    165.0    -167.5   205.0    225.0    235.0    210.0   165.0   235.0   610.0 433.05 ＴＥＡＭ Ｉ-CHIBA-N
  8 柳⽥ 雅彦     1994   70.75   69   195.0    210.0    220.0    130.0    -140.0   140.0    220.0    235.0    -245.0   220.0   140.0   235.0   595.0 442.29 湘南BP
  9 ⼩泉 安弘     1975   73.05   76   190.0    200.0    205.0    140.0    150.0    -155.0   220.0    240.0    -257.5   205.0   150.0   240.0   595.0 431.97 ＣＬＵＢポイズン
  10 伊藤 学     1962   72.95   73   205.0    215.0    217.5    125.0    130.0    -132.5   230.0    242.5    -252.5   217.5   130.0   242.5   590.0 428.76 リアルスィング
  11 鍋倉 光     1989   73.65   72   165.0    185.0    -200.0   125.0    135.0    -145.0   220.0    240.0    250.0    185.0   135.0   250.0   570.0 404.18   ｽﾊﾟｰﾊﾟﾜｰアサマﾄﾚｰﾆﾝｸｸﾗﾌﾞ

  12 高橋 優太    1995   72.85   66   170.0    182.5    190.0    130.0    137.5    142.5    -205.0   220.0    232.5    190.0   142.5   232.5   565.0 411.00 ストロングライン
  13 若林 康平    1994   73.45   58   172.5    180.0    187.5    120.0    125.0    130.0    220.0    232.5    -235.0   187.5   130.0   232.5   550.0 397.73 関⻄大学Ｓ＆Ｃクラブ
  14 五⽉⼥ 健    1990   73.35   60   195.0    -200.0   -200.0   -120.0   120.0    -125.0   230.0    -235.0   -235.0   195.0   120.0   230.0   545.0 394.50 水⼾市ﾊﾟﾜｰﾘﾌﾃｨﾝｸﾞ協会
  15 ⾥⾒ 正樹    1976    71.4   64   165.0    175.0    180.0    115.0    120.0    122.5    205.0    220.0    225.0    180.0   122.5   225.0   527.5 389.44 ⻄部組
  16 辻本 新     1994   69.35   68   175.0    190.0    200.0     95.0    102.5    107.5    185.0    205.0    220.0    200.0   107.5   220.0   527.5 398.15 TXP
  17 水尻 真人    1991   73.35   62   165.0    175.0    182.5    125.0    130.0    135.0    200.0    -210.0   -210.0   182.5   135.0   200.0   517.5 374.60 個人
  18 宍倉 弘樹    1994   71.45   65   155.0    165.0    175.0    100.0    110.0    120.0    185.0    205.0    215.0    175.0   120.0   215.0   510.0 376.32   TEAM KASIWA FITNESS

  19 鵜野 雅也    1992    73.4   59   190.0    -200.0   200.0    110.0    -115.0   -115.0   190.0    200.0    -210.0   200.0   110.0   200.0   510.0 368.99 ⼩⽥原アリーナ
  20 大石 圭太朗   1981   72.95   61   167.5    182.5    -200.0   115.0    -120.0   -120.0   182.5    195.0    205.0    182.5   115.0   205.0   502.5 365.18   ｽﾊﾟｰﾊﾟﾜｰアサマﾄﾚｰﾆﾝｸｸﾗﾌﾞ

  21 本多 博一    1971    73.5   67   170.0    -180.0   180.0    100.0    110.0    -115.0   200.0    210.0    -220.0   180.0   110.0   210.0   500.0 361.40 個人
  22 岩本 拓龍    1990    73.3   63   160.0    172.5    180.0    120.0    130.0    135.0    170.0    180.0    -190.0   180.0   135.0   180.0   495.0 358.49 個人
  23 伊達 翔太    1988   73.05   53   160.0    170.0    -175.0   120.0    125.0    130.0    180.0    190.0    -195.0   170.0   130.0   190.0   490.0 355.74 個人
  24 草間 伸司    1987     74    54   155.0    162.5    167.5    115.0    120.0    125.0    182.5    -190.0   192.5    167.5   125.0   192.5   485.0 348.87 ESQＵATIR
  25 巻渕 智彦    1981    73.4   45   160.0    165.0    170.0     95.0    -100.0   100.0    185.0    195.0    205.0    170.0   100.0   205.0   475.0 343.66 ESQＵATIR
  失 楠元 浩之     1970   73.95   48   -150.0   -150.0   -150.0                                                           0.0     0.0     0.0     0.0   0.00 個人
83 1 松尾 賢太郎   1989    82.3 197   230.0    242.5    252.5    155.0    160.0    165.0    240.0    257.5    270.0    252.5   165.0   270.0   687.5 461.23   筋トレクラブまっちゃん

  2 平向 賢伍     1984    81.6 179   242.5    250.0    257.5    142.5    150.0    157.5    262.5    -267.5   267.5    257.5   157.5   267.5   682.5 460.25 個人
  3 伊勢崎 勝史    1987    81.2 191   220.0    235.0    245.0    160.0    167.5    172.5    240.0    255.0    -267.5   245.0   172.5   255.0   672.5 454.88 個人
  4 ⻄村 直樹     1987   82.25 187   250.0    261.0    263.0    135.0    142.5    145.0    235.0    245.0    252.5    263.0   145.0   252.5   660.5 443.28   ﾄﾚｰﾆﾝｸﾞｼﾞﾑＫＥＮＫＯＤＯ

  5 神野 亮司     1981    82.5 188   220.0    230.0    235.0    150.0    155.0    160.0    235.0    250.0    265.0    235.0   160.0   265.0   660.0 442.14 MBC POWER
  6 永井 肇      1984    82.7 192   230.0    240.0    245.0    140.0    145.0    -147.5   245.0    260.0    270.0    245.0   145.0   270.0   660.0 441.50 ⻄東京パワー倶楽部
  7 鈴木 佑輔     1984    79.9 193   220.0    230.0    -240.0   200.0    210.5    215.0    -212.5   212.5    -230.0   230.0   215.0   212.5   657.5 449.23 B・A・D
  8 宇津木 啓     1996   82.55 195   225.0    240.0    -252.5   150.0    162.5             230.0    -240.0   240.0    240.0   162.5   240.0   642.5 430.26 東洋大学
  9 佐名木 宗貴    1978    82.4 198   215.0    220.0             145.0    150.0    -152.5   245.0    255.0    -260.0   220.0   150.0   255.0   625.0 419.00 関⻄大学Ｓ＆Ｃクラブ
  10 ⼋須 拳太郎   1990    82.1 180   215.0    225.0    235.0    120.0    127.5    132.5    235.0    250.0    -260.0   235.0   132.5   250.0   617.5 414.88 TXP
  11 若⼭ 賢⼆    1985   82.15 194   220.0    -230.0   -230.0   145.0    -150.0   -152.5   -250.0   250.0    -272.5   220.0   145.0   250.0   615.0 413.05 個人
  12 川口 充     1970   81.95 177   210.0    220.0    225.0    142.5    147.5    150.0    230.0    237.5    -245.0   225.0   150.0   237.5   612.5 411.97 京都ﾊﾟﾜｰﾘﾌﾃｨﾝｸﾞｸﾗﾌﾞ
  13 手塚 晋太郎   1992   81.15 190   215.0    225.0    -237.5   115.0    125.0    135.0    235.0    250.0    -265.0   225.0   135.0   250.0   610.0 412.76 ハマースポーツジム
  14 福島 勇輝    1986   82.25 189   225.0    -237.5   -240.0   145.0    150.0    155.0    225.0    -230.0   -230.0   225.0   155.0   225.0   605.0 406.03 Ｆ・Ｔ,ＧＹＭ
  15 瀬藤 宗仁    1991    81.5 185   220.0    -230.0            110.0    -140.0   -140.0   240.0    260.0    -280.0   220.0   110.0   260.0   590.0 398.17 個人
  16 ⽥村 僚⾺    1984    82.4 183   -190.0   192.5    -195.0   137.5    140.0             245.0    250.0    252.5    192.5   140.0   252.5   585.0 392.18 ＴＥＡＭ Ｉ-CHIBA-N
  17 ⾺倉 実     1966   82.55 176   215.0    225.0    232.5    -130.0   130.0    -135.0   195.0    207.5    220.0    232.5   130.0   220.0   582.5 390.08 スリムパワージム
  18 今古賀 翔    1990   81.85 184   180.0    182.5    195.0    135.0    142.5    -145.0   200.0    220.0    230.0    195.0   142.5   230.0   567.5 381.99 ＥＶＥＲＬＩＦＴ
  19 谷澤 一矢    1971    82.4 178   200.0    -210.0   -210.0   120.0    -125.0   125.0    220.0    230.0    -240.0   200.0   125.0   230.0   555.0 372.07 横浜マリンﾄﾚｰﾆﾝｸﾞｼﾞﾑ
  20 村上 晋之介   1994    74.8 165   180.0    190.0    200.0    130.0    -140.0   -140.0   205.0    220.0    -230.0   200.0   130.0   220.0   550.0 392.64 FIT BULL
  21 川越 朋広    1969    80.6 170   170.0    180.0    185.0    125.0    127.5    -132.5   -230.0   -230.0   230.0    185.0   127.5   230.0   542.5 368.63   TEAM KASIWA FITNESS

  22 守谷 智樹    1985   82.65 172   180.0    187.5    195.0    100.0    112.5    120.0    200.0    215.0    222.5    195.0   120.0   222.5   537.5 359.68 チーム愛媛
  23 篠崎 智哉    1994    81.6 168   175.0    190.0    200.0    125.0    130.0    -135.0   185.0    200.0    -215.0   200.0   130.0   200.0   530.0 357.41 個人
  24 村上 貴信    1989    80.2 173   180.0    190.0    195.0    145.0    150.0    -152.5   180.0    -185.0   -185.0   195.0   150.0   180.0   525.0 357.85 チーム愛媛
  25 峯 彰宏     1994    75.5 166   160.0    170.0    -180.0   125.0    -130.0   130.0    210.0    220.0    -230.0   170.0   130.0   220.0   520.0 368.83 NEXTREAM
  26 渡邉 透     1990    80.5 169   175.0    180.0    -187.5   130.0    135.0    -140.0   200.0    -217.5   -225.0   180.0   135.0   200.0   515.0 350.22 個人
  27 大谷 朋男    1961    82.8 171   180.0    190.0    -200.0   120.0    125.0    -130.0   185.0    195.0    -205.0   190.0   125.0   195.0   510.0 340.91 ノーリミッツ
  失 ⻄野 聖仁     1993    82.4 164   190.0    200.0    -205.0   -115.0   -115.0   -115.0   205.0    215.0    222.5    200.0     0.0   222.5     0.0    0.00 ＥＶＥＲＬＩＦＴ
  失 ⼭本 航平     1991    82.6 182   205.0    215.0    225.0    -155.0   -160.0   -160.0                              225.0     0.0     0.0     0.0    0.00 個人
93 1 宇佐美 清孝   1970   91.98 268   225.0    242.5    250.0    175.0    182.5    185.0    265.0    280.0    -285.0   250.0   185.0   280.0   715.0 451.54 MBC POWER
  2 古川 潤      1996   91.98 273   270.0    280.0    -286.0   130.0    140.0    142.5    270.0    -290.0   290.0    280.0   142.5   290.0   712.5 449.96 京都学園大学
  3 梶井 貴博     1993    91.7 271   272.5    285.5    -290.0   150.0    157.5    162.5    235.0    252.5    257.5    285.5   162.5   257.5   705.5 446.20 兵庫個人選手会
  4 落合 広樹     1989   92.58 274   235.0    247.5    -255.0   162.5    172.5    -177.5   -250.0   250.0    280.0    247.5   172.5   280.0   700.0 440.68 KING BULL
  5 風張 透      1998     93 272    240.0    255.0    -260.0   180.0    187.5    190.0    240.0    255.0    -262.5   255.0   190.0   255.0   700.0 439.73 ノーリミッツ
  6 中島 良介     1989   85.66 270   -220.0   225.0    -232.5   170.0    175.0    -177.5   270.0    -280.0   -285.0   225.0   175.0   270.0   670.0 439.17 個人
      7 古賀 友太郎         1990    91.4 275   242.5   250.0    255.0    142.5    150.0    -152.5   240.0    -280.0   -287.5   255.0   150.0   240.0   645.0 408.60 TXP
      8 岡崎 洋平          1984   90.54 276   210.0   225.0    230.0    135.0    142.5    147.5    210.0    225.0    232.5    230.0   147.5   232.5   610.0 388.24    ＡＩＺＵ．ＰＯＷＥＲ．ＣＬＵＢ


      9 宮 元気           1994    92.8 264   220.0   -230.0   232.5    135.0    140.0    -145.0   220.0    230.0    237.5    232.5   140.0   237.5   610.0 383.59 ハマースポーツジム
      10 高木 啓樹         1981   92.38 266   200.0   217.5    225.0    157.5    167.5    172.5    180.0    200.0    210.0    225.0   172.5   210.0   607.5 382.85 ストロングライン
      11 片桐 圭一         1982   90.92 278   220.0   230.0    -240.0   135.0    -140.0   -140.0   240.0    -250.0   -250.0   230.0   135.0   240.0   605.0 384.26 個人
      12 須永 裕介         1976   91.94 260   215.0   230.0    -240.0   170.0    -180.0   -180.0   190.0    200.0    -207.5   230.0   170.0   200.0   600.0 378.99 ハマースポーツジム
      13 目⿊ 英一         1969    92.4 277   200.0   215.0    -220.0   160.0    165.0    -170.0   200.0    220.0    -225.0   215.0   165.0   220.0   600.0 378.08 パワーハウスつくば
      14 村⼭ 康平         1992   88.12 259   215.0   230.0    -240.0   130.0    137.5    -140.0   210.0    230.0    -235.0   230.0   137.5   230.0   597.5 385.65 TXP
      15 本波 仁          1993   92.44 261   190.0   200.0    210.0    135.0    140.0    -145.0   210.0    225.0    235.0    210.0   140.0   235.0   585.0 368.55 チーム度肝
      16 大野 直人         1968   92.22 263   190.0   200.0    -207.5   140.0    145.0    147.5    220.0    235.0    -245.0   200.0   147.5   235.0   582.5 367.40 パワーハウスつくば
      17 神尾 明宏         1970   91.96 262   220.0   230.0    232.5    120.0    125.0    -127.5   222.5    -242.5            232.5   125.0   222.5   580.0 366.32 ＴＥＡＭ Ｉ-CHIBA-N
      18 根⽴ｴﾘｷ ﾍﾞﾆｼｵ   1987   87.82 267   190.0   200.0    -207.5   130.0    135.0    -137.5   210.0    225.0    -232.5   200.0   135.0   225.0   560.0 362.10 TXP
      19 ⻄澤 佑介         1980    92.4 257   200.0   210.0    -215.0   135.0    -140.0   -140.0   200.0    -215.0   -215.0   210.0   135.0   200.0   545.0 343.42    ゴールドジム名古屋⾦⼭

      20 猿渡 英和         1978   92.36 258   185.0   195.0    -200.0   145.0    155.0    -157.5   190.0    -200.0            195.0   155.0   190.0   540.0 340.34 ESQＵATIR
      21 高⽥ 翔士         1991   90.84 265   195.0   202.5    -210.0   110.0    -117.5   -117.5   180.0    205.0    210.0    202.5   110.0   210.0   522.5 332.00 ちからこぶ
105   1 羽⽥ 大           1988   104.5 280   260.0   272.5    280.0    170.0    175.0    180.0    255.0    265.0    272.5    280.0   180.0   272.5   732.5 438.45 レッドゾーン福島
      2 武⽥ 祐介          1985   96.85 290   240.0   260.0    270.0    175.0    185.0    -192.5   240.0    260.0    270.0    270.0   185.0   270.0   725.0 447.14 TXP
      3 遠藤 健太          1988 102.15 286    260.0   267.5    272.5    190.0    200.0    -202.5   240.0    250.0             272.5   200.0   250.0   722.5 436.08 仙台市体育館ＰＣ
      4 平井 勇輝          1984   103.6 279   250.0   255.0    -260.0   -170.0   -170.0   170.0    255.0    275.0    285.0    255.0   170.0   285.0   710.0 426.30 高岡ＴＣ
      5 栗原 弘教          1985   104.2 281   255.0   270.0    -275.0   150.0    160.0    165.0    245.0    260.0    -267.5   270.0   165.0   260.0   695.0 416.43    Training-Studio〝Master Maind″


      6 中根 孝弘          1971   103.6 287   225.0   240.0    -245.0   170.0    180.0    185.0    235.0    255.0    260.0    240.0   185.0   260.0   685.0 411.29 ハマースポーツジム
      7 前⽥ 有輝          1994   99.05 288   250.0   265.0    -270.0   145.0    155.0    -160.0   240.0    260.0    -265.0   265.0   155.0   260.0   680.0 415.44 グッドコンディション
      8 ⼩早川 公則         1976 100.45 289    245.0   260.0    -265.0   150.0    155.0    -157.5   245.0    260.0    -270.0   260.0   155.0   260.0   675.0 410.07 MBC POWER
      9 軍司 和貴          1994 103.55 295    240.0   250.0    255.0    145.0    152.5    155.0    240.0    252.5    262.5    255.0   155.0   262.5   672.5 403.86 個人
      10 池⽥ 大輔         1982 102.85 282    210.0   230.0    240.0    170.0    180.0    -185.0   230.0    250.0    -260.0   240.0   180.0   250.0   670.0 403.36 ESQＵATIR
      11 荒川 龍一         1994 100.45 284    235.0   -255.0   255.0    140.0    150.0    152.5    -250.0   250.0    -270.0   255.0   152.5   250.0   657.5 399.43 パワーハウス
      12 廣渡 浩平         1987 102.15 285    220.0   232.5    242.5    165.0    175.0    -185.0   220.0    230.0    -237.5   242.5   175.0   230.0   647.5 390.82 フェニックスジム
      13 佐野 雅史         1985     95 291    210.0   -220.0   -235.0   145.0    -155.0   -155.0   290.0    -300.0   -300.0   210.0   145.0   290.0   645.0 401.21 高岡TC
      14 芳賀 涼平         1993   97.65 283   220.0   230.0    -240.0   -140.0   140.0    -142.5   240.0    260.0    267.5    230.0   140.0   267.5   637.5 391.79 ｺﾞｰﾙﾄﾞｼﾞﾑ横浜上星川
      15 越前 祐輔         1988   98.85 298   210.0   232.5    242.5    145.0    152.5    -155.0   210.0    230.0    235.0    242.5   152.5   235.0   630.0 385.21 POWER BOX
      16 橋本 到          1989 104.65 297    220.0   235.0    245.0    150.0    160.0    -162.5   200.0    210.0    220.0    245.0   160.0   220.0   625.0 373.91 ノーリミッツ
      17 ⽥邉 秀将         1989   104.5 303   210.0   225.0             150.0    160.0    -165.0   210.0    230.0    -247.5   225.0   160.0   230.0   615.0 368.12 個人
      18 大島 陣          1991     98 294    195.0   210.0    -220.0   135.0    145.0    150.0    235.0    245.0    -262.5   210.0   150.0   245.0   605.0 371.26 ｳﾞｨｽﾎﾟﾊﾟﾜｰﾘﾌﾃｨﾝｸﾞｸﾗﾌﾞ
      19 鈴木 総司         1989   98.75 299   190.0   200.0    210.0    145.0    152.5    157.5    -220.0   220.0    235.0    210.0   157.5   235.0   602.5 368.55 ｺﾞｰﾙﾄﾞｼﾞﾑ横須賀神奈川
      20 越野 大志         1985    102 300    210.0   220.0    225.0    140.0    145.0    -147.5   230.0    -240.0   -240.0   225.0   145.0   230.0   600.0 362.35 ノーリミッツ
      21 高橋 ⻯介         1981    94.6 296   185.0   200.0    210.0    120.0    127.5    132.5    195.0    217.5    -230.0   210.0   132.5   217.5   560.0 349.00 キムンカムイ旭川
120    1 久井 宏真     1986 118.94 320       300.0    310.0    -321.0   160.0    170.0    -175.0   280.0    290.0    295.0     310.0    170.0   295.0   775.0 446.50 パワーハウス赤穂
       2 ⼭川 太希     1996 118.16 329       260.0    280.0    290.0    -160.0   160.0    165.0    280.0    305.0    -320.0    290.0    165.0   305.0   760.0 438.55 那覇ジム
       3 加瀬 智      1991 118.96 327       -245.0   250.0    270.0    180.0    190.0    192.5    225.0    232.5    240.0     270.0    192.5   240.0   702.5 404.71 ＫʼｓＧＹＭ横浜
       4 松澤 孝信     1992 109.82 326       230.0    240.0    250.0    155.0    162.5    170.0    255.0    270.0    -282.5    250.0    170.0   270.0   690.0 406.26   ｽﾊﾟｰﾊﾟﾜｰアサマﾄﾚｰﾆﾝｸｸﾗﾌﾞ

       5 ⽥口 照人     1992 117.96 324       220.0    240.0    -260.0   185.0    200.0    -210.5   200.0    220.0    -240.0    240.0    200.0   220.0   660.0 381.01 個人
       6 林 直明      1991 105.02 330       200.0    212.5    220.0    140.0    145.0    -150.0   250.0    260.0    -270.0    220.0    145.0   260.0   625.0 373.45 パワーハウスつくば
       7 中村 敏雄     1970 114.68 322       205.0    220.0    230.0    165.0    172.5    177.5    200.0    212.5    -227.5    230.0    177.5   212.5   620.0 360.52 TXP
       8 ⽥近 良忠     1974 105.12 323       220.0    222.5    230.0    -130.0   130.0    -135.0   220.0    230.0    -240.0    230.0    130.0   230.0   590.0 352.42 ゴールドジム柏千葉
       9 越久⽥ 匡利    1978      119 325     212.5    232.5    242.5    117.5    122.5    -127.5   212.5    225.0    -235.0    242.5    122.5   225.0   590.0 339.87 個人
120+   1 ⼭本 翔太     1989 159.25 293       240.0    252.5    260.0    185.0    195.0    -200.0   252.5    265.0    272.5     260.0    195.0   272.5   727.5 399.10 ＡＣＴＯＲ
       2 岩波 吾猛     1980    123.9 292     275.0    300.0    305.5    130.0    145.0    152.5    220.0    -245.0   245.0     305.5    152.5   245.0   703.0 401.33 個人
       3 海⽼⽥ 旭     1979    134.5 301     215.0    230.0    240.0    160.0    170.0    -175.0   220.0    235.0    -250.0    240.0    170.0   235.0   645.0 362.69 TXP
       4 大城 朝史     1983 126.25 304       230.0    -250.0   -250.0   155.0    -162.5   -162.5   220.0    230.0    240.0     230.0    155.0   240.0   625.0 355.45 那覇ジム
         一般男子最優秀          木内 陽介
ジュニア
WtCls順(Kg)
        Name       Age    BWt (Kg)
                                 Lot #   SQ1      SQ2      SQ3      BP1      BP2      BP3      DL1      DL2      DL3      Best SQBest BPBest DL Total Wilks Co.Team
                                                                                                                                                                x Total
 53 1 平井 凱斗        1997    52.85 113     155.0    -162.5   168.0     70.0     -75.0    -75.0   160.0    167.5    -177.5    168.0     70.0   167.5   405.5 391.26 個人
       2 ⽥辺 陽太     1998    44.95 121     110.0    -120.0   120.0     60.0     65.0     70.0    140.0    150.0    155.0     120.0     70.0   155.0   345.0 398.35 岡⼭商科大学
       3 寺岡 拓朗     1998    51.65 115     110.0    -117.5   117.5     70.0     75.0     77.5    110.0    137.5    -150.0    117.5     77.5   137.5   332.5 328.60 岡⼭大学
 59 1 松崎 涼         1999    58.05   16    170.0    182.5    192.5     90.0     97.5    102.5    200.0    210.0    -225.0    192.5    102.5   210.0   505.0 444.12 個人
       2 ⽥村 陽      1999    58.75    9    165.0    175.0    -177.5   -115.0   120.0    -122.5   200.0    207.5    -215.0    175.0    120.0   207.5   502.5 436.98 ⻘⼭学院大学
       3 土屋 潤人     2000    58.35    5    170.0    177.5    180.0    110.0    120.0    122.5    180.0    192.5    -197.5    180.0    122.5   192.5   495.0 433.21 岡崎城⻄高等学校
       4 鈴木 康之     1996     58.9    6    140.0    -145.0   -145.0   -110.0   110.0    112.5    170.0    182.5    190.0     140.0    112.5   190.0   442.5 383.89 Ｆ・Ｔ,ＧＹＭ
       5 濱砂 水喜     2000     58.5    2    130.0    140.0    147.5    100.0    107.5    115.0    -160.0   160.0    177.5     147.5    115.0   177.5   440.0 384.15 春日部共栄高等学校
       6 浅井 優希     1999    58.05   10    130.0    140.0    -150.0    90.0     95.0     97.5    200.0    -210.0   -210.0    140.0     97.5   200.0   437.5 384.75 京都学園大学
       7 池⽥ 健太郎    1996    58.75    8    125.0    -132.5   132.5     95.0    -100.0   -100.0   185.0    195.0    -212.5    132.5     95.0   195.0   422.5 367.41 個人
       8 ⼩林 崇人     1998       59    4    125.0    130.0    135.0     90.0     95.0     97.5    150.0    155.0    165.0     135.0     97.5   165.0   397.5 344.30 東洋大学
       9 遠藤 真輝     1998    58.45    3    125.0    132.5    137.5     70.0     72.5     75.0    150.0    -160.0   165.0     137.5     75.0   165.0   377.5 329.85 東北大学ﾎﾞﾃﾞｨﾋﾞﾙ部
       10 原⽥ 晃希    1999       56    7    130.0    -135.0   135.0     75.0     80.0     -82.5   145.0    -160.0   -160.0    135.0     80.0   145.0   360.0 327.73 ちからこぶ
       失 新島 宏嗣     1998    58.25    1    -130.0   -130.0   -130.0    75.0     80.0     -82.5   170.0    180.0    -185.0       0.0    80.0   180.0     0.0   0.00 東北大学ﾎﾞﾃﾞｨﾋﾞﾙ部
66 1 木内 陽介    1996   65.44 108    200.0    215.0    -220.0   130.0    140.0    -142.5   252.5    270.0    272.5    215.0   140.0   272.5   627.5 496.19 ⻘⼭学院大学
  2 佐竹 優典     1996   65.32 111    210.0    220.0    -230.0   135.0    140.0    -145.0   235.0    252.5    -257.5   220.0   140.0   252.5   612.5 485.07 ⻘⼭学院大学
  3 牛⼭ 恭太     1997    65.6 103    175.0    182.5    187.5    140.0    145.0    150.0    -230.0   -230.0   230.0    187.5   150.0   230.0   567.5 447.84 ハイテク
  4 三永 隼人     1996   65.98   27   182.5    195.0    -202.5   122.5    130.0    -137.5   225.0    235.0    242.5    195.0   130.0   242.5   567.5 445.71 パワーハウス赤穂
  5 澤木 勇佑     1998   65.42   26   180.0    187.5    192.5    120.0    127.5    -135.0   200.0    -215.0   -215.0   192.5   127.5   200.0   520.0 411.29 ハイテク
  6 三井 靖也     1996   65.62   33   155.0    165.0    170.0    127.5    137.5    140.0    200.0    210.0    -212.5   170.0   140.0   210.0   520.0 410.25 国際武道大学
  7 中原 昇      1997    65.8   28   160.0    175.0    180.0     90.0     95.0    -100.0   200.0    210.0    220.0    180.0    95.0   220.0   495.0 389.64 個人
  8 富岡 航      1997   65.62   32   140.0    150.0    -155.0   117.5    125.0    130.0    195.0    205.0    207.5    150.0   130.0   207.5   487.5 384.61 ハイテク
  9 石川 育夢     2000   65.98   29   147.5    157.5    162.5    -110.0   115.0    122.5    172.5    185.0    192.5    162.5   122.5   192.5   477.5 375.02 浦和学院高等学校
  10 矢崎 尚悟    1996   65.26   31   165.0    -175.0   -175.0   105.0    -110.0   -110.0   175.0    185.0    -190.0   165.0   105.0   185.0   455.0 360.61 慶應義塾大学
  11 佐藤 涼太    1996   65.68   34   145.0    152.5    -157.5   110.0    117.5    -125.0   185.0    -205.0   -205.0   152.5   117.5   185.0   455.0 358.70   仙台市体育館ﾊﾟﾜｰﾘﾌﾃｨﾝｸﾞｸﾗﾌﾞ

  12 内野 ⼒仁    1999   65.12   24   145.0    155.0    -165.0    95.0    100.0    105.0    160.0    170.0    -180.0   155.0   105.0   170.0   430.0 341.41 ストロングライン
  13 仲濱 慧     2000   65.08   22   140.0    -145.0   145.0     72.5     77.5     -80.0   190.0    200.0    -220.0   145.0    77.5   200.0   422.5 335.63 ちからこぶ
  14 藤野 ⻯之介   1999   65.02   23   -140.0   140.0    -150.0    -85.0    85.0     -87.5   160.0    170.0    185.0    140.0    85.0   185.0   410.0 325.95 東北大学ﾎﾞﾃﾞｨﾋﾞﾙ部
  失 飛⽥ 渉      1999   65.14 107    -210.0   -210.0   -210.0   -155.0   155.0    -160.0   -230.0                       0.0   155.0     0.0     0.0   0.00 個人
74 1 藤井 優弥    1998    73.5   74   215.0    230.0    235.0    135.0    -140.0   -140.0   260.0    280.0             235.0   135.0   280.0   650.0 469.82 パワーハウス赤穂
  2 齋藤 龍      1998    73.7   56   220.0    230.0    -235.0   125.0    -135.0   135.0    250.0    260.0    -270.0   230.0   135.0   260.0   625.0 450.87 ストロングライン
  3 井上 悠成     1996    68.9   55   180.0    195.0    200.0    105.0    115.0    -120.0   232.5    255.0    -270.0   200.0   115.0   255.0   570.0 432.41 個人
  4 ⽥中 啓左     1998   73.45   57   175.0    185.0    190.0    125.0    130.0    132.5    210.0    220.0    -227.5   190.0   132.5   220.0   542.5 392.31 ⻘⼭学院大学
  5 上⽥ 駿      1997   73.82   43   170.0    180.0    185.0    110.0    120.0    125.0    215.0    -225.0   -225.0   185.0   125.0   215.0   525.0 378.29 ハイテク
  6 瀬尾 雅也     1996    73.5   49   175.0    187.5    192.5    125.0    -130.0   -130.0   187.5    200.0    -205.0   192.5   125.0   200.0   517.5 374.05 パワーハウスつくば
  7 下崎 剛主     1999    73.1   52   175.0    180.0    -187.5   130.0    -135.0   135.0    185.0    195.0    -202.5   180.0   135.0   195.0   510.0 370.08 リアルスィング
  8 滝 翔貴      1999    71.4   47   175.0    185.0    190.0     95.0    102.5    105.0    180.0    200.0    207.5    190.0   105.0   207.5   502.5 370.98 国際武道大学
  9 鳩⼭ 雄基     1996     73    38   160.0    170.0    175.0    110.0    120.0    -125.0   190.0    197.5    205.0    175.0   120.0   205.0   500.0 363.18 東北大学ﾎﾞﾃﾞｨﾋﾞﾙ部
  10 鳴坂 俊希    1999   73.86   39   157.5    167.5    -175.0   107.5    115.0    120.0    180.0    190.0    200.0    167.5   120.0   200.0   487.5 351.14 TXP
  11 木村 優太    1997    73.6   37   180.0    -190.0   -190.0    95.0    100.0    -105.0   190.0    200.0    -210.0   180.0   100.0   200.0   480.0 346.61 慶應義塾大学
  12 井⼾ 勇利    1998    73.8   50   150.0    165.0    170.0    105.0    110.0    -115.0   185.0    200.0    -212.5   170.0   110.0   200.0   480.0 345.94 北海学園大学
  13 ⾺場 左吉    1997    73.4   35   140.0    -142.5   150.0     95.0    100.0    -105.0   195.0    -200.0   200.0    150.0   100.0   200.0   450.0 325.58 慶應義塾大学
  14 前⽥ 歩夢    1997   73.96   44   135.0    142.5    150.0     82.5     90.0     92.5    180.0    192.5    195.0    150.0    92.5   195.0   437.5 314.82 岡⼭商科大学
  15 鏡 裕輝     1997   69.78   41   150.0    160.0    -165.0    80.0     85.0     -90.0   180.0    190.0    -202.5   160.0    85.0   190.0   435.0 326.77 網走パワーズ
  16 伊賀 悠太    1996   71.18   42   -145.0   150.0    -160.0    85.0     92.5     -97.5   170.0    180.0    -187.5   150.0    92.5   180.0   422.5 312.64 東京理科大学
  失 ⼋巻 拓未     1997    73.6   51   200.0    210.0    215.0    150.0    160.0    -168.0   -200.0   -200.0   -200.0   215.0   160.0     0.0     0.0   0.00 東京農業大学
83 1 江川 昂汰        1996   81.95 249   245.0    168.0    -265.0   135.0    140.0    142.5    235.0    245.0    252.5    255.0   142.5   252.5   650.0 437.20 京都学園大学
      2 照沼 直樹     1997   81.95 250   217.5    225.0    230.0    140.0    -150.0   150.0    240.0    255.0    -272.5   230.0   150.0   255.0   635.0 427.11   Strength Gym Tokyo Bay

      3 岡野 太郎     1997   82.75 248   190.0    200.0    210.0    160.0    -165.0            240.0    -250.0   250.0    210.0   160.0   250.0   620.0 414.59 東京農業大学
      4 佐藤 亮太     1996   81.35 246   205.0    215.0             152.5    160.0    -165.0   210.0    225.0    235.0    215.0   160.0   235.0   610.0 412.13 ノーリミッツ
      5 ⻑野 友紀     1997    80.7 253   205.0    212.5    220.0    135.0    142.5    -147.5   230.0    237.5    -247.5   220.0   142.5   237.5   600.0 407.39 ＴＥＡＭ Ｉ-CHIBA-N
      6 石⽥ 典大     1997     83 252    240.0    250.5    -255.5   125.0    127.5    132.5    207.5    -220.0   -227.5   250.5   132.5   207.5   590.5 394.16 東京理科大学
      7 塚脇 敏貴     1999    81.3 251   185.0    -195.0   -195.0   130.0    135.0    -137.5   240.0    260.0    -270.0   185.0   135.0   260.0   580.0 392.01 京都学園大学
      8 野澤 健人     1997   81.45 256   205.0    212.5    220.0    125.0    -132.5   -132.5   235.0    -245.0   -245.0   220.0   125.0   235.0   580.0 391.57 ESQＵATIR
      9 ⻄村 将汰     1999   82.65 255   180.0    200.0    205.0    168.0    172.5    -180.5   180.0    200.0    -215.0   205.0   172.5   200.0   577.5 386.45 個人
      10 ミラー ジャクソン2000    81.7 247   172.5    182.5    195.0    107.5    117.5    122.5    232.5    245.0    -260.0   195.0   122.5   245.0   562.5 379.05 ＥＶＥＲＬＩＦＴ
      11 ⼩枝 大樹    1997   82.55 254   182.5    192.5    200.0    105.0    112.5    -117.5   210.0    225.0    235.0    200.0   112.5   235.0   547.5 366.64   ＡＩＺＵ．ＰＯＷＥＲ．ＣＬＵＢ


      12 四分一 歩    1997   82.55 242   180.0    -190.0   190.0    -120.0   120.0    -122.5   215.0    230.0    -240.0   190.0   120.0   230.0   540.0 361.62 東北大学ﾎﾞﾃﾞｨﾋﾞﾙ部
      13 高島 祐也    1998    81.2 241   180.0    -192.5   -192.5   115.0    125.0    -132.5   190.0    205.0    -215.0   180.0   125.0   205.0   510.0 344.96 パワーハウスつくば
      14 ⽥中 眞     1998   82.05 239   160.0    175.0    -177.5   135.0    145.0    -150.0   170.0    190.0    -205.0   175.0   145.0   190.0   510.0 342.78 京都学園大学
      15 富⼭ 和郎    1998   80.65 235   165.0    172.5    180.0    105.0    110.0    -115.0   195.0    207.5    210.0    180.0   110.0   210.0   500.0 339.62 個人
      16 森⽥ 隆輝    1997    82.2 243   155.0    -165.0   165.0    100.0    110.0    -115.0   200.0    210.0    -215.0   165.0   110.0   210.0   485.0 325.62 東北大学ﾎﾞﾃﾞｨﾋﾞﾙ部
      17 ⼩池 優太    1996   77.55 244   162.5    172.5    -177.5   105.0    110.0    -112.5   187.5    -200.0   200.0    172.5   110.0   200.0   482.5 336.09 新潟国際情報大学
      18 ⻄⼭ 直杜    1996   81.45 238   155.0    170.0    -175.0   100.0    -105.0   -105.0   200.0    210.0    -215.0   170.0   100.0   210.0   480.0 324.06 スリムパワージム
      19 村上 大河    1997    78.5 240   170.0    180.0    -190.0    90.0     97.5    -100.0   190.0    200.0    -212.5   180.0    97.5   200.0   477.5 329.96 個人
      20 中野 将大    1997   79.15 245   165.0    -175.0   -175.0   100.0    105.0    -110.0   180.0    -190.0   -190.0   165.0   105.0   180.0   450.0 309.31 ESQＵATIR
93 1 古川 潤         1996   91.98 273   270.0    280.0    -286.0   130.0    140.0    142.5    270.0    -290.0   290.0    280.0   142.5   290.0   712.5 449.96 京都学園大学
      2 シルバ英樹     1999   92.42 316   210.0    222.5    235.0    130.0    137.5    -142.5   260.0    280.0    -293.0   235.0   137.5   280.0   652.5 411.12 日本体育大学
      3 大澤 嵩樹     1997   91.28 318   250.0    260.0    270.0    140.0    -150.0   -150.0   230.0    240.0    -242.5   270.0   140.0   240.0   650.0 412.03 東北大学ﾎﾞﾃﾞｨﾋﾞﾙ部
      4 坂元 翔      1997   92.46 310   -230.0   245.0    252.5    120.0    -132.5   -132.5   240.0    270.0    -282.5   252.5   120.0   270.0   642.5 404.74 ｺﾞｰﾙﾄﾞｼﾞﾑ名古屋⾦⼭
      5 ⽥野 智徳     1997    91.8 305   230.0    240.0    245.0    160.0    170.0    -175.0   205.0    -217.5   217.5    245.0   170.0   217.5   632.5 399.82   エイブルスポーツクラブ

      6 佐久間直哉     2000   90.98 314   205.0    215.0    -220.0   150.0    157.5    160.0    210.0    230.0    240.0    215.0   160.0   240.0   615.0 390.48 ストロングライン
      7 ⼩林 拓史     1996   92.04 309   210.0    215.0    220.0    140.0    150.0    -155.0   210.0    230.0    -240.0   220.0   150.0   230.0   600.0 378.79 個人
      8 内藤 潤      1996   83.88 315   185.0    200.0    -207.5   137.5    -145.0   -145.0   220.0    230.0    -240.0   200.0   137.5   230.0   567.5 376.47   新日鐵住⾦君津ﾎﾞﾃﾞｨﾋﾞﾙ同好会


      9 三橋 凱      2000   83.13 308   200.0    -220.0   -220.0   120.0    125.0    -130.0   210.0    230.0    -260.0   200.0   125.0   230.0   555.0 370.12 京都学園大学
      10 森 壮太     1998   91.78 313   165.0    180.0    190.0    135.0    140.0    145.0    180.0    -190.0   -190.0   190.0   145.0   180.0   515.0 325.58 岡⼭大学
      11 念代 朋哉    2000   92.08 317   155.0    165.0    -175.0    75.0     82.5     87.5    210.0    220.0    230.0    165.0    87.5   230.0   482.5 304.55 東奥義塾高等学校
      12 今井 良太    1998   90.36 312   -180.0   -180.0   180.0    -100.0   100.0    -110.0   -180.0   180.0    -200.0   180.0   100.0   180.0   460.0 293.07 東京理科大学
105   1 細畑 幸佑     1999   99.06 328   235.0    245.0    250.0    130.0    135.0    140.0    240.0    252.5    260.0    250.0   140.0   260.0   650.0 397.10 早稲⽥大学
      2 榊原 蓮      1998   93.03 331   180.0    200.0    -210.0   110.0    120.0    -127.5   180.0    190.0    -195.0   200.0   120.0   190.0   510.0 320.33 京都学園大学
120   1 ⼭川 太希     1996 118.16 329    260.0    280.0    290.0    -160.0   160.0    165.0    280.0    305.0    -320.0   290.0   165.0   305.0   760.0 438.55 那覇ジム
      2 大原 友海     1996 110.88 306    252.5    267.5    -280.0   -155.0   162.5    -170.0   240.0    255.0    -270.0   267.5   162.5   255.0   685.0 402.15 早稲⽥大学
       JR男子最優秀           木内 陽介
サブジュニア
WtCls順(Kg)
        Name      Age    BWt (Kg)
                                Lot #   SQ1     SQ2      SQ3      BP1      BP2      BP3      DL1      DL2      DL3      Best SQBest BPBest DL Total Wilks Co.Team
                                                                                                                                                              x Total
53 1 藤⽥ 海斗        2001    52.75 116     100.0   105.0    -110.0    75.0     80.0     82.5    -130.0   130.0    145.0     105.0    82.5   145.0   332.5 321.45 浦和学院高等学校
59 1 ⼭⽥ 真哉        2001     57.1 129     125.0   137.5    145.0    100.0    110.0    115.0    170.0    185.0    -200.5    145.0   115.0   185.0   445.0 397.54 浦和学院高等学校
      2 渡邉 将慶     2001    58.15 128     142.5   152.5    157.5     87.5     92.5     95.0    162.5    -172.5   172.5     157.5    95.0   172.5   425.0 373.16 草加高等学校
      3 北村 颯光     2001     57.2 136     105.0   115.0    122.5     80.0     -85.0    -85.0   145.0    155.0    -165.0    122.5    80.0   155.0   357.5 318.84 浦和学院高等学校
66 1 苅谷 賢展        2002    65.35 125     160.0   167.5    -172.5   100.0    -110.0   -110.0   200.0    221.5    -223.5    167.5   100.0   221.5   489.0 387.12 岡崎城⻄高等学校
      2 野村 翔⾺     2001     62.1 133     120.0   130.0    -137.5    75.0     82.5     -90.0   150.0    155.0    162.5     130.0    82.5   162.5   375.0 310.11 京都府⽴農芸高校
      3 ⼩⻄ 健⼼     2003     60.9 124     110.0   115.0    117.5     65.0     70.0     75.0    130.0    140.0    150.0     117.5    75.0   150.0   342.5 288.20 パワーハウス
74 1 斎藤 昇亜        2001     71.8 134     200.0   -216.0   -216.0    95.0    105.0    107.5    180.0    210.0    -230.0    200.0   107.5   210.0   517.5 380.47 個人
      2 藤井 泰陽     2001    70.95 135     150.0   160.0    -170.0   100.0    110.0    -115.0   170.0    180.0    -190.0    160.0   110.0   180.0   450.0 333.80 常総学院高等学校
83 1 富⽥ 慎之介       2001     82.4 130     212.5   -220.5   220.5    140.0    145.5    -148.0   210.0    220.0    -227.5    220.5   145.5   220.0   586.0 392.85 浦和学院高等学校
      2 後藤 優誠     2002     81.5 137     180.0   190.0    200.0    137.5    142.5    -146.0   190.0    -205.0   205.0     200.0   142.5   205.0   547.5 369.49 瀬野川ﾄﾚｰﾆﾝｸﾞｸﾗﾌﾞ
      3 石井 良一     2001     75.6 126     150.0   160.0    -170.0    90.0     -97.5            165.0    -175.0   -175.0    160.0    90.0   165.0   415.0 294.09 国士舘高等学校
93 1 木之下⻯也        2001     92.2 127     190.0   -200.0            -130.0   130.0    -140.0   190.0    200.0    -212.5    190.0   130.0   200.0   520.0 328.01 個人
105   1 ⾦子 万⽣     2001     93.8 132     170.0   180.0    -200.0    80.0     90.0    -100.0   190.0    200.0    215.0     180.0    90.0   215.0   485.0 303.45 京都府⽴農芸高校
120   1 森 政也      2001 105.15 131       185.0   200.0    -210.0   120.0    127.5    132.5    195.0    205.0    -220.0    200.0   132.5   205.0   537.5 321.02 浦和学院高等学校
       SJR男子最優秀          ⼭⽥ 真哉
  一般        2019.2.10   第23回ジャパンクラシックパワーリフティング選手権大会
WtCls (Kg)
         順 Name         Age BWt (Kg)
                                  Lot #     SQ1     SQ2      SQ3      BP1     BP2     BP3     DL1      DL2      DL3      Best SQBest BPBest DL Total Wilks Co.Team
                                                                                                                                                               x Total
   47   1   可児 理恵       1979   46.8   142   110.0   115.0    -117.0   70.0    72.5    75.0    142.5    150.0    -155.0    115.0    75.0   150.0 340.0   458.67 ぴくしぃ整形外科
        2   福村 彩        1986 46.28    140    87.5    95.0    100.0    62.5    67.5    -72.5   115.0    125.0    132.5     100.0    67.5   132.5 300.0   407.95 ストロングライン
        3   浦川 悠子       1982 46.76    143   100.0   105.0    107.5    52.5    -55.0   -55.0   130.0    -135.0   -135.0    107.5    52.5   130.0 290.0   391.46 個人
        4   齊藤 恵        1982 46.72    149    90.0   100.0    -105.0   50.0    55.0    57.5    120.0    130.0    -135.0    100.0    57.5   130.0 287.5   388.32 ＢＵＲＳＴ ＬＩＭＩＴ
        5   岡本 美樹       1965   46.8   150    75.0    -80.0    80.0    -60.0   60.0    62.5    120.0    130.0    -135.0     80.0    62.5   130.0 272.5   367.61 リアルスィング
        6   笹尾 桃子       1983   44.9   141    85.0    95.0     -97.5   40.0    45.0    -47.5   107.5    117.5    122.5      95.0    45.0   122.5 262.5   364.59   ｽﾊﾟｰﾊﾟﾜｰアサマﾄﾚｰﾆﾝｸｸﾗﾌﾞ

        7   池本 麻衣       1993   46.6   138   -80.0    80.0     85.0    42.5    45.0    47.5    105.0    -110.0   -110.0     85.0    47.5   105.0 237.5   321.38 ゼウスジム
        8   ⼩林菜々子       1991 45.04    146    62.5    72.5     75.0    47.5    -55.0   -55.0    87.5     97.5    102.5      75.0    47.5   102.5 225.0   311.84 タケイパワージム
        9   東海林ゆい       1993 42.96    147    65.0    72.5     -77.5   35.0    37.5    -40.0    80.0     90.0     -95.0     72.5    37.5    90.0 200.0   286.07 TXP
   52   1   早川 琴果       1995 50.16    155    95.0   102.5    107.5    72.5    75.0    77.5    140.0    -147.5   152.5     107.5    77.5   152.5 337.5   432.52 ESQＵATIR
        2   可児 遥        2004 50.64    159   115.0   122.5    -127.5   -57.5   60.0    -62.5   137.5    147.5    -156.5    122.5    60.0   147.5 330.0   419.85 フェニックスジム
        3   林 ⽂歌        1982    52    160    95.0   -100.0   100.0    57.5    60.0    -65.0   -140.0   140.0    142.5     100.0    60.0   142.5 302.5   377.11 リアルスィング
        4   ⻘⽊ 千明       1992 50.36    152   100.0   105.0    -107.5   60.0    65.0    -67.5   120.0    125.0    130.0     105.0    65.0   130.0 300.0   383.30 MBC POWER
        5   河⻄ ⾹南       1996 51.44    156   105.0   115.0    -117.5   65.0    -67.5   -67.5   120.0    -140.0   -140.0    115.0    65.0   120.0 300.0   377.13 ESQＵATIR
        6   田中 亜弥       1987 51.78    157    95.0   105.0    110.0    47.5    52.5    -55.0   122.5    132.5    -140.0    110.0    52.5   132.5 295.0   368.96 TXP
        7   荻野 智子       1997   47.7   153   100.0   -110.0   -110.0   65.0    -67.5   -67.5   105.0    -112.5   -112.5    100.0    65.0   105.0 270.0   359.24 ESQＵATIR
        8   坂井 真奈       1989   47.6   163    75.0    80.0     -82.5   55.0    57.5    -60.0   -115.0   115.0    125.0      80.0    57.5   125.0 262.5   349.80 B・A・D
        9   ⽊村 初子       1951 50.74    161    80.0    90.0    -100.0   40.0    -45.0           120.0    130.0    -135.0     90.0    40.0   130.0 260.0   330.29   ｽﾊﾟｰﾊﾟﾜｰアサマﾄﾚｰﾆﾝｸｸﾗﾌﾞ

        10 糸井 千都⾹       1972 51.88    139    80.0    90.0     -95.0   50.0    52.5    -55.0   100.0    -110.0   110.0      90.0    52.5   110.0 252.5   315.34 TXP
        11 武智 わかな       1993   51.9   145    70.0    75.0     80.0    45.0    -50.0   50.0    107.5    115.0    117.5      80.0    50.0   117.5 247.5   309.00 ノーリミッツ
        12 磯田 あかね       1970 51.76    162   -80.0    80.0     85.0    50.0    55.0    -60.0   105.0    -112.5   -112.5     85.0    55.0   105.0 245.0   306.52   ｽﾊﾟｰﾊﾟﾜｰアサマﾄﾚｰﾆﾝｸｸﾗﾌﾞ

        13 田中 彰子        1964   51.3   154    77.5    82.5     90.0    47.5    50.0    -52.5    95.0    100.0    -105.0     90.0    50.0   100.0 240.0   302.33 パワーハウス赤穂
        14 宮川 裕美子       1984   51.5   148    70.0    75.0     80.0    -40.0   40.0    42.5     90.0     95.0    100.0      80.0    42.5   100.0 222.5   279.45 ノーリミッツ
57    1   中野 栞         1991   56.6   199   117.5    125.0    130.0    87.5    -92.5   92.5    125.0    132.5    -137.5   130.0   92.5   132.5 355.0     414.22 ノーリミッツ
      2   上林 理紗子       1989 56.42    208   100.0    105.0    -110.0   52.5    55.0    -57.5   127.5    135.0    145.0    105.0   55.0   145.0 305.0     356.77 ノーリミッツ
      3   川端 友⺒        1979 54.14    204   -100.0   -100.0   100.0    65.0    70.0    -72.5   125.0    132.5    -135.0   100.0   70.0   132.5 302.5     365.46 ゼウスジム
      4   番 詩織         1991 56.62    205   100.0    105.0    107.5    -60.0   60.0    -62.5   125.0    130.0    -135.0   107.5   60.0   130.0 297.5     347.03 チームみそカツ
      5   菅生 桃子        1990 55.94    203    95.0    -105.0   105.0    55.0    -60.0   -60.0   125.0    132.5    -142.5   105.0   55.0   132.5 292.5     344.45 京都ﾊﾟﾜｰﾘﾌﾃｨﾝｸﾞｸﾗﾌﾞ
      6   三浦恵美子        1974   56.6   206    85.0     92.5     -97.5   55.0    60.0    -65.0   120.0    127.5    -132.5    92.5   60.0   127.5 280.0     326.71   ｽﾊﾟｰﾊﾟﾜｰアサマﾄﾚｰﾆﾝｸｸﾗﾌﾞ

63    1   堤 彩夏         1995    63    219   130.0    135.0    140.0    67.5    72.5    -75.0   145.0    152.5    -160.0   140.0   72.5   152.5 365.0     391.99 京優会
      2   鈴⽊ 恭子        1977 62.62    217   122.5    132.5    -137.5   65.0    70.0    -72.5   135.0    147.5    -152.5   132.5   70.0   147.5 350.0     377.61   ｽﾊﾟｰﾊﾟﾜｰアサマﾄﾚｰﾆﾝｸｸﾗﾌﾞ

      3   石曽根直子        1986 62.12    212   100.0    110.0    -120.0   60.0    -65.0   65.0    130.0    -140.0   -145.0   110.0   65.0   130.0 305.0     331.08 個人
      4   伊藤 治美        1978 61.32    215    95.0    105.0    -110.0   57.5    -62.5   62.5    125.0    135.0    -140.0   105.0   62.5   135.0 302.5     331.64   Strength Gym Tokyo Bay

      5   柴山 夏英        1984 59.86    220   -100.0   105.0    110.0    52.5    60.0    -65.0   110.0    120.0    -130.0   110.0   60.0   120.0 290.0     323.90   Training-Studio〝Master Maind″


      6   矢田 和砂        1973 61.52    214   100.0    105.0    107.5    -52.5   -52.5   52.5    115.0    120.0    -125.0   107.5   52.5   120.0 280.0     306.21 ゼウスジム
      7   浦野 萌々        1998   59.7   221    87.5     92.5    -100.0   47.5    50.0    -52.5   102.5    107.5    -110.0    92.5   50.0   107.5 250.0     279.81 ノーリミッツ
      8   岩崎 麻衣子       1992 61.42    210    75.0     80.0     -82.5   47.5    50.0    -52.5   110.0    120.0    -130.0    80.0   50.0   120.0 250.0     273.74 個人
72    1   野村 優         2000 71.14    230   135.0    140.0    -145.0   80.0    85.0    87.5    180.0    190.0    200.0    140.0   87.5   200.0 427.5     420.63 京都学園大学
      2   岡田 有加        1992 70.52    233   135.0    142.5    147.5    75.0    82.5    85.0    172.5    180.0    185.0    147.5   85.0   185.0 417.5     413.24 TXP
      3   竹内 あい        1989   68.4   231   150.0    -160.0   -165.0   75.0    80.0    -82.5   140.0    -147.5   -147.5   150.0   80.0   140.0 370.0     374.08 Jungle GYM
      4   前野 由衣        1989 70.22    226   115.0    125.0    -127.5   70.0    77.5    80.0    145.0    155.0    160.0    125.0   80.0   160.0 365.0     362.33   ｽﾊﾟｰﾊﾟﾜｰアサマﾄﾚｰﾆﾝｸｸﾗﾌﾞ

      5   武田 睦         1986 71.68    222   122.5    132.5    -137.5   62.5    67.5    70.0    125.0    132.5    -140.0   132.5   70.0   132.5 335.0     327.95 TXP
      6   ﾏｯｶｼｰﾋﾞｱﾝｶ   1988 66.56    228   105.0    110.0    112.5    65.0    70.0    -72.5   125.0    135.0    140.0    112.5   70.0   140.0 322.5     332.50 TXP
      7   大賀瑞穂         1966 71.32    234    80.0     90.0     -95.0   50.0    55.0    57.5    100.0    115.0    120.0     90.0   57.5   120.0 267.5     262.75 個人
84    1   後藤 啓恵        1966 78.88    232    95.0    102.5    -110.0   55.0    60.0    -67.5   110.0    117.5    120.0    102.5   60.0   120.0 282.5     260.56 ＢＵＲＳＴ ＬＩＭＩＴ
      2   中村 理歩        1994 72.26    224    90.0    100.0    -102.5   50.0    55.0    57.5    105.0    117.5    120.0    100.0   57.5   120.0 277.5     270.20 個人
          梅村 優子        1974 80.76    225   -160.0   -160.0   -160.0    0.0                       0.0                       0.0    0.0     0.0    0.0      0.00 ちからこぶ
84+   1   土肥みちる        1976   96.1   211   110.0    115.0    -120.0   55.0    60.0    -62.5   -100.0   -100.0   100.0    115.0   60.0   100.0   275.0   231.84 個人
      2   岡 恵美         1978 84.92    213    -75.0    80.0     85.0    47.5    50.0    52.5    107.5    -115.0   -115.0    85.0   52.5   107.5 245.0     217.31 個人
          一般⼥子最優秀                    可児 理恵
  ジュニア
WtCls (Kg)
         順 Name        Age BWt (Kg)
                                 Lot #      SQ1     SQ2      SQ3      BP1     BP2     BP3     DL1     DL2      DL3      Best SQBest BPBest DL Total Wilks Co.Team
                                                                                                                                                              x Total
   43   1   浜田 華澄      2000   41.5   144    70.0     80.0     -88.5   40.0    -45.0   -45.0    80.0    90.0    -100.0     80.0    40.0    90.0 210.0   306.95 ＫʼｓＧＹＭ横浜
   52   1   河⻄ ⾹南      1996 51.44    156   105.0    115.0    -117.5   65.0    -67.5   -67.5   120.0   -140.0   -140.0    115.0    65.0   120.0 300.0   377.13 ESQＵATIR
        2   荻野 智子      1997   47.7   153   100.0    -110.0   -110.0   65.0    -67.5   -67.5   105.0   -112.5   -112.5    100.0    65.0   105.0 270.0   359.24 ESQＵATIR
   57   1   伊藤 桃夏      1997 55.84    207    70.0     80.0     -90.0   55.0    57.5    -60.0    95.0   110.0    -127.5     80.0    57.5   110.0 247.5   291.86 チームミラクル
   63   1   菅谷 友美      1999 62.04    218   105.0    112.5    117.5    55.0    60.0    -62.5   115.0   130.0    140.0     117.5    60.0   140.0 317.5   344.99 早稲田大学
        2   浦野 萌々      1998   59.7   221    87.5     92.5    -100.0   47.5    50.0    -52.5   102.5   107.5    -110.0     92.5    50.0   107.5 250.0   279.81 ノーリミッツ
   72   1   野村 優       2000 71.14    230   135.0    140.0    -145.0   80.0    85.0     87.5   180.0   190.0    200.0     140.0    87.5   200.0 427.5   420.63 京都学園大学
        2   森田 奈那      2000 67.44    227   145.0    150.0    157.5    65.0    72.5    -75.0   140.0   150.0    160.0     157.5    72.5   160.0 390.0   398.30 個人
   84   1   栃下 みゆ      1999 76.38    229   -120.0   120.0    -137.5   42.5    50.0    -52.5   115.0   125.0    140.0     120.0    50.0   140.0 310.0   291.40 京都学園大学
            JR⼥子最優秀                  野村 優
  サブジュニア
WtCls (Kg)
         順 Name        Age BWt (Kg)
                                 Lot #      SQ1     SQ2      SQ3      BP1     BP2     BP3     DL1     DL2      DL3      Best SQBest BPBest DL Total Wilks Co.Team
                                                                                                                                                              x Total
   52   1   可児 遥       2004 50.64    159   115.0    122.5    -127.5   -57.5   60.0    -62.5   137.5   147.5    -156.5    122.5    60.0   147.5 330.0   419.85 フェニックスジム
        2   榎本 雪来      2002 51.25    117    55.0     60.0     -65.0   32.5    37.5    40.0     75.0    82.5     87.5      60.0    40.0    87.5 187.5   236.37 浦和学院高等学校
        3   ペニー舞弥      2004 50.85    119    50.0     60.0     -65.0   25.0    -30.0   -30.0    65.0    80.0    -102.5     60.0    25.0    80.0 165.0   209.26 Ｔeam Advance
   57   1   岩崎 萌       2003   56.2   118    70.0     82.5     92.5    37.5    42.5    -45.0    75.0    85.0     95.0      92.5    42.5    95.0 230.0   269.86 浦和学院高等学校
        2   ⼩幡 歩美      2003 56.15    112    70.0     75.0     80.0    40.0    42.5    -45.0    80.0    90.0     92.5      80.0    42.5    92.5 215.0   252.44 アイアンジム
   63   1   堀越 百恵      2001   61.1   122   107.5    115.0    -120.0   50.0    55.0    57.5    110.0   120.0    130.0     115.0    57.5   130.0 302.5   332.56 常総学院高等学校
   72   1   藤原 志帆      2002 68.75    120   125.0    135.0    140.0    65.0    70.0    75.0    140.0   150.0    160.0     140.0    75.0   160.0 375.0   377.78 国士舘高等学校
        2   林 美緒       2001   71.5   114   130.0    -137.5   -137.5   70.0    -82.5   -82.5   140.0   -157.5   -157.5    130.0    70.0   140.0 340.0   333.40 岡崎城⻄高校
        3   松本 葵       2001 71.55    123    90.0    -100.0   100.0    55.0    60.0    -62.5   100.0   120.0    -130.0    100.0    60.0   120.0 280.0   274.44 京都府⽴農芸高校
            SJR⼥子最優秀                 可児 遥
