Flt                                   BWt WtCls               Squat   Squat    Squat    Squat                         Deadlift Deadlift Deadlift
           Name           Age   Div                  Reshel                                   Bench 1 Bench 2 Bench 3                                PL Total
A                                     (Kg) (Kg)                 1       2        3        4                              1        2        3
A       Chloe Kapacila    24    FO    55.75    56    1.9158    110    122.5    -150              52.5       60    -67.5     122.5   140      160        342.5
A     GARY BOBROVITZ      63    M‐5   64.75   67.5    1.294   177.5   -190     -190     192.5    -140     -140    -140     -172.5                           0
A        Tom Brooks       56    M‐4   98.95   100     0.919    185    -210      210               100      115               185    210     227.5       552.5
A       Ryan Schuette     28    MO     97.6   100    0.9246   -240    -240      240              132.5    -215      215     182.5    205    -227.5       660
A      Rob Nikoleychuk    34    MO     82.5   82.5    1.029   262.5   -300     -300              -190      190     -200      260     275     -290       727.5
A       Johnny Phung      30    MO     98.7   100    0.9202   -325     325     -335               210     -230     -230      280    -290      290        825
A         Jason Cook      31    MO    92.35   100    0.9514    355    -370     -370     -370     182.5    187.5    192.5     295    310      320        867.5
A       Bert Merriman     66    M‐6    89.1    90    0.9752                                       125      145      150      180    200      -205           0
A      Crystal Grimsen    27    FO     49.6    52     2.216                                        60       65       70                                     0
A          Erika Lutz     28    FO    65.15   67.5    1.679                                       -80       80       90                                     0
A        Aaron Rubin      41    M‐1    94.6   100    0.9386                                       215    -222.5   -222.5                                    0
B        Patrick Thera    52    M‐3   123.4   125      0.86   -240      240      250              200      210    -217.5    185     -190                 645
B        Cory Velting     57    M‐4   112.9   125    0.8774    250      285      300            147.5      160      165     250     -285     -285        715
B       Joshua Nelson     31    MO    107.9   110      0.89    340     -365      365              215     232.5             275      285     -320       882.5
B        Tony Tomra       52    M‐3   108.8   110    0.8878   347.5   -367.5    367.5           -262.5    262.5   272.5     250     272.5   -277.5      912.5
B         Tavis Harris    34    MO    124.4   125    0.8584   -355      355      365             -210     -210    -210      255     272.5    -280           0
B     Seth Albertsworth   20    MO    136.5     0     0.844   392.5    412.5   -432.5            -260      260              295      305                977.5
B         Brian Bailey    44    M‐1   139.2     0     0.841    400      435     457.5             310      325    -332.5    245     262.5   277.5       1060
B       Mike Webber       44    M‐1   127.3     0    0.8548    420     -455     -455              295     -320     -320    227.5                        942.5
B         Blair Fisher    54    M‐3   139.7     0    0.8402                                     -177.5     195     202.5    260     275     287.5           0
B          Ed Dufour      41    M‐1   109.2   110     0.887                                       240     -250      255                                     0
Flt                                  BWt WtCls               Squat    Squat    Squat    Squat                         Deadlift Deadlift Deadlift Deadlift
         Name            Age   Div                  Reshel                                    Bench 1 Bench 2 Bench 3                                     PL Total
A                                    (Kg) (Kg)                 1        2        3        4                              1        2        3        4
A   Birchmans Pereira    68    M‐6    83.4    90    1.0202    120     -157.5    157.5             60     62.5     67.5      180                              405
A Roderick Onoferychuk   44    M‐1   93.75   100    0.9436   147.5      165    -182.5            -90       95     97.5     147.5    170       175           437.5
A     Tyler Jameson      26    MO      88     90     0.983    175       190      200            102.5   -112.5   -112.5     200     220      -225           522.5
A      Dan Withnell      31    MO     96.4   100    0.9298    170       185    -192.5            100     107.5   -112.5     220    227.5      235           527.5
A     Colin Mullaney     55    M‐4    81.3   82.5   1.0406    155      -165     172.5            100      110      115      175     185     192.5            480
A    Raymond Evans       25    MO     89.2    90    0.9744    155       160      175             105      110     -120    -207.5    215       230            515
A      Jim Haskayne      51    M‐3    98.9   100    0.9194   192.5     -215      215             105     117.5   -127.5    217.5   -240      -240            550
A         Nate Vella     26    MO    81.25   82.5   1.0406    195       210     217.5            130    -137.5   -137.5    172.5    190       215           562.5
A        Lee Powell      31    MO     81.3          1.0406    195       215      225             120      130    -137.5     240     260       265    -275    620
A    Branden Fisher      30    MO     80.9   82.5   1.0448   237.5     247.5    -255             130     137.5    -140      240    257.5     272.5          657.5
A        Brad Silver     27    MO      89     90     0.976    175       185    -192.5            135     -140     142.5     180     200      -210           527.5
A      Kevin Hudson      33    MO     98.8   100    0.9198    170      -180     182.5           132.5    137.5   -142.5    227.5   237.5      245            565
A        Duane Bull      43    M‐1    82.5   82.5    1.029   -200       200     217.5   235      130    137.5    142.5      255    272.5    -277.5          632.5
A       Devin Guedo      24    MO    81.25   82.5   1.0406   152.5      175    -182.5           132.5    142.5   -147.5     205    227.5      235           552.5
A     Ron Whitehall      30    MO     81.2   82.5   1.0416    195       210     -215            137.5    147.5    152.5   237.5    252.5      255           617.5
A      Jeremy Hayes      25    MO     96.8   100    0.9278    235      247.5    267.5           142.5   152.5      160      235    252.5     -270            680
A       Aaron Rubin      41    M‐1    94.8   100    0.9378                                      142.5    152.5   -162.5                                       0
A      Tyson McNeil      36    MO    95.75   100    0.9328   -252.5    252.5   -275              150     157.5    -165     220     242.5     -255           652.5
A Francesco Catalano     22    M‐J   82.25   82.5   1.0306     220     -235     235              155      165      170     245     257.5    267.5           672.5
A      Hayden Bowe       22    M‐J   82.25   82.5   1.0306     200      210                     162.5    -170     -170     250     -260       260           632.5
A       Dean Guedo       27    MO    89.35    90    0.9728     240    -257.5    262.5           167.5   -177.5    177.5   287.5     295      -305            735
A  Brandon Blachford     25    MO      99    100     0.919    222.5    232.5    242.5            175      180     -185     305      320     -327.5          742.5
B    Andrew Harding      33    MO    100.5   110     0.913    -140      140      150              90      100      110     165      190      205             465
B    Greg McDougall      32    MO    106.9   110    0.8924     205     217.5    227.5           127.5     135     -140    252.5    267.5     -275            630
B        Clay Sparks     20    M‐J   106.6   110    0.8936     240      250      255             130      140      145     225     232.5    -242.5          632.5
B  Patrick Macdonald     25    MO    142.8   140    0.8378     185      220    -237.5            115      140     147.5   192.5    237.5    252.5            620
B    Michael Martin      52    M‐3   114.8   125     0.873     220      230     242.5            130    142.5    -147.5   222.5    242.5    -272.5          627.5
B   Brent Woolnough      58    M‐4   109.2   110     0.887     170      180      185            142.5   147.5    -152.5    190      195       200           532.5
B      Ken Trommel       45    M‐2   102.5   110     0.906    227.5     240      250            137.5   147.5     -155    227.5     240       250           647.5
B       Jace Bohmer      21    M‐J   107.1   110     0.892     185     227.5     250            142.5    -160      160    227.5     250      270             680
B      Justin Wilson     35    MO    150.3   140      0.83     205      235     -250             125    -147.5   -167.5    235     252.5    -272.5          612.5
B        Colin Sadler    28    MO    107.8   110      0.89    227.5     245     257.5           147.5     160     -170     205     227.5      240           657.5
B     David Bennett      32    MO    118.9   125     0.866     260      275     282.5            160      170    177.5     250      270      285             745
B       Paul Binette     25    MO    107.5   110     0.891    137.5                             162.5    172.5   -177.5    300     -325      -325            610
B     David Panteluk     33    MO    114.8   125     0.873    247.5    265     -272.5           167.5   -177.5   -177.5    305      320       330           762.5
B       Artur Walus      30    MO    123.5   125      0.86     240    262.5     272.5            160      175      185     250     272.5    287.5            745
B    Scott Campbell      44    M‐1   131.1   140      0.85                                       185     192.5     200                                        0
B       Jordan Lupul     30    MO     127    140     0.855   307.5     320      335              180      190    -202.5    300      310      320             845
B     James Maddex       37    MO     121    125     0.862                                       190      200      210                                        0
B       Dave Breker      33    MO    103.1   110     0.904    275      290      300              210    222.5    -227.5    255     -267.5   -267.5          777.5
Flt                                      BWt WtCls               Squat   Squat    Squat    Squat                                 Deadlift Deadlift Deadlift Deadlift
           Name             Age   Div                   Reshel                                   Bench 1 Bench 2 Bench 3 Bench 4                                        PL Total
A                                        (Kg) (Kg)                 1       2        3        4                                      1        2        3        4
A Adrienne Nickerson        47    FM‐2   53.85    56    1.992     70       80      -92.5              45      50      -55               85      95      -100                225
A    Crystal Grimsen        27     FO     49.6    52     2.216    75      -85        85               55      60     -62.5              90     105      120                 265
A     Tina McManus          44    FM‐1    56.7    60    1.8834    75       85        90              52.5    57.5    -62.5             92.5   102.5    107.5                255
A       SSara Abb
               Abbott
                    tt      21     F‐J
                                   FJ    59
                                         59.85
                                            85    60    1
                                                        1.7878
                                                          7878   -80
                                                                  80       80       92.5
                                                                                    92 5              40     42.5
                                                                                                             42 5    -47.5
                                                                                                                      47 5            102 5
                                                                                                                                      102.5   112.5
                                                                                                                                              112 5    -122.5
                                                                                                                                                        122 5              247 5
                                                                                                                                                                           247.5
A        Anais Greer        25     FO     65.1   67.5    1.681   82.5     92.5    -107.5             47.5    57.5    -62.5            102.5   107.5    -112.5              257.5
A         Deb Ellard        56    FM‐4   64.65   67.5   1.6884    85       90        95    97.5     -57.5    57.5      60              105     110      115     117.5       270
A   Matthew Ducket          31     MO    57.15    60    1.5334   92.5     97.5      105              62.5    72.5     -80             107.5    115     122.5                300
A         Bill Hurley       34     MO     58.5    60     1.478   92.5    -105      -105              62.5    67.5    72.5              110    -120      -120                275
A        Kari Zuback        45     M‐2    55 7
                                          55.7    56    1 6074
                                                        1.6074   92 5
                                                                 92.5    102 5
                                                                         102.5      110               55      60      -65             122 5
                                                                                                                                      122.5   137 5
                                                                                                                                              137.5    142 5
                                                                                                                                                       142.5               312 5
                                                                                                                                                                           312.5
A     Michael Bartz         27     MO    66.75   67.5   1.2508   92.5    122.5      140               65      75      -80             137.5    160     182.5               397.5
A    Brittany Dewald        23     F‐J    64.9   67.5    1.685   115      125       138    147.5      55      60      -65     -65     137.5    150     -157.5               348
A      Dallas Smith         28     FO     66.1   67.5   1.664    125      135       140    142.5     57.5    62.5      65              170     180      -185                385
A    Catherine Angus        45    FM‐2    66.6   67.5    1.655                                        60    -62.5    -62.5    -62.5                                            0
A  GARY BOBROVITZ           63     M‐5
                                   M5    64.75   67.5    1.294                                       100    107.5   -112.5
                                                                                                                     112.5   -112.5
                                                                                                                              112.5                                            0
B Margaret Ann Estabrooks   68    FM‐6    85.4    90    1.4506    42.5     45      47.5              32.5     35     37.5      40     -92.5    92.5     97.5               182.5
B  Audrey Poffenroth        45    FM‐2   104.9    90    1.3448     90    -102.5    102.5             52.5     60      -65             117.5    125      130                292.5
B   Janet Loesel Sitar      45    FM‐2    74.3    75    1.5526    100     -110     -110               60      65     -67.5            132.5    140     142.5               307.5
B  Colleen Fitzpatrick      43    FM‐1   131.8    90       0     107.5   112.5      125             102.5   107.5   112.5    117.5    152.5    160     -170                397.5
B  Courtney Johnston        33     FO     73.4    75    1.5634   117.5    125     -127.5   -130       60     -65      -65              150    152.5                        337.5
B     Camila Colazo         21     F‐J    71.2    75    1.5908    130    137.5    -147.5              65      70     72.5              135     145     152.5               362.5
B    Shellen Thomas         45    FM‐2   114.2    90     1.316    130    142.5    -152.5              60      65       70     -75      140    -157.5   -157.5              352.5
B     Liane Sabourin        40     FO     128     90       0      130    147.5      160    167.5     105     110      115     120      165    182.5    192.5               467.5
B    Jaime Krummins         30     FO    74.15    75    1.5538    130     -140     142.5             62.5    67.5                      180     190      -200                400
B     Alison Ludlow         28     FO    88.85    90    1.4278    135    142.5      145               60      65    -67.5              145     -155     160                 370
B    Jessica Buettner       20     F‐J     75     75    1.5442   14
                                                                 147.5   172.5
                                                                         1 2        175
                                                                                    1      -177.5
                                                                                            1        6
                                                                                                     67.5    -75     -75               1 0
                                                                                                                                       170    182.5
                                                                                                                                              182       -200
                                                                                                                                                         200    -200
                                                                                                                                                                 200        425
B     Brad Walchuk          39     MO    74.15    75    1.1288    160     165      -175             112.5   117.5   -120              187.5    195      200                482.5
B Cameron Preymack          20     M‐J     75     75     1.117    215    -227.5     230             132.5   142.5   -150     -150     227.5   237.5    252.5    255         625
B   Monica Johnston         65    FM‐6   70.45    75    1.5992                                        35     37.5   37.5      40                                               0
B     Jared Nemeth          23     M‐J    66.4   67.5   1.2594                                      102.5   -120    -120                                                       0
