                                                                                                  TO
                 Heavyweight
                 Steve Goggins   109.65   242   474.00   272.50      746.50      375.00      1121.50       2472.459   1
                 Marc Bartley    124.80   275   480.00   317.50      797.50      320.00      1117.50       2463.641   2
                 John Stafford   124.60   275   412.50   327.50      740.00      365.00      1105.00       2436.083   3
                 Oleksy Solovyov 108.00   242   400.00   320.00      720.00      300.00      1020.00       2248.692   4
                 Clay Castile    117.23   275   395.00   267.50      662.50      330.00       992.50       2188.066   5
                 Super Heavyweights
                 Donnie Thompson 170.50   SHW 465.00     345.00      810.00 372.50 1182.50 2606.940 1
                 Matt Smith      161.00   SHW 487.50     327.50      815.00 365.00 1180.00 2601.428 2
                 Paul Childress  139.20   308 495.00     300.00      795.00 365.00 1160.00 2557.336 3
                 Guest Lifter
                 Andy Bolton     151.70   SHW 510.00     260.00      770.00 412.50 1182.50 2606.940
                 OUT
                 Garry Frank     169.40   SHW 0.00        0.00         0.00 382.50               382.50 843.260
                 Paul Urchick    107.30   242  0.00       0.00         0.00 312.50               312.50 688.938
                 Beau Moore      151.10   SHW 510.50      0.00       510.50 327.50               838.00 1847.455
