           18-Jul-20 UPA Iron Battle on the Mississippi-Lb Results
                                   BWt     WtCls                                       Best                                 Best     Sub   Deadlift Deadlift Deadlift  Best               Coeff
       Name          Age     Div                    Wilks   Squat 1 Squat 2 Squat 3          Bench 1   Bench 2 Bench 3                                                          PL Total           Pl-Div-WtCl
                                   (Kg)    (Kg)                                       Squat                                Bench     Total    1        2        3     Deadlift            Score
Garrett Boecker       20   MORE-AD 86.8      90    0.5986   319.67 358.25    374.78   374.78 231.48    -259.04   -259.04   231.48   606.27 341.71 391.32 402.34 402.34         1008.6045 273.8595 1-MORE-AD-90
Bradley Bebee         30    MORE 71.8        75    0.6882   352.74 363.76    374.78   374.78 -259.04   -259.04   -259.04      0        0      0        0        0        0         0         0          0
Joseph Paneral        55    MORE 77.4       82.5   0.6486   165.35 187.39    203.93   203.93 132.28     143.3    -159.83    143.3   347.22 187.39 203.93 231.48 231.48 578.7075 170.2575 1-MORE-82.5
Anthony Paneral       29    MORE 93         100    0.5744   385.81 407.85    435.41   435.41 281.09    292.11    303.13    303.13   738.54 507.06 540.13 556.66 556.66 1295.2025 337.46 1-MORE-100
Levi Locke            28    MORE 139.2      140    0.5043    573.2 589.73      0      589.73 462.97    485.01    -501.55   485.01   1074.7 677.91 727.52 755.08 755.08 1829.818 418.569 1-MORE-140 *Raw Elite Best Lifter
Peyton Martinez       15    MT1R    73       75    0.6789   259.04 325.18    341.71   341.71 181.88    209.44    -220.46   209.44   551.15 259.04 319.67 341.71 341.71 892.863 274.9545 1-MT1R-75
Jared Simmons         40    MOR 66.5        67.5   0.7357   446.43 473.99    501.55   501.55 286.6     308.64    319.67    319.67   821.21 248.02 281.09 -303.13 281.09          1102.3   367.85  1-MOR-67.5
Andrew Donnelly       21    MOR 79.6        82.5   0.6352   363.76 -424.39   457.45   457.45 275.58    -303.13   -314.16   275.58   733.03 435.41 451.94 485.01 485.01 1218.0415 350.948 1-MOR-82.5

Jeramy Ingle          31    MOR     89       90    0.5893   -716.5 716.5 -749.56 716.5 -374.78 391.32 402.34 402.34                 1118.8   650.36 683.43 705.47    705.47   1824.3065   487.64575 1-MOR-90
David Thompson        27    MOR    83.8      90    0.6127   705.47 -733.03 -733.03 705.47 413.36 424.39 435.41 435.41               1140.9   617.29 644.85 661.38    661.38   1802.2605   500.88225 2-MOR-90 *Raw Best Lifter
Kolby Harrington      18    MOR    85.8      90    0.6031   551.15 -578.71 -578.71 551.15 281.09 -308.64 -308.64 281.09             832.24   584.22 -622.8 -622.8    584.22   1416.4555   387.49175 3-MOR-90
Chris Voss            45    MOR    86.4      90    0.6004   275.58 286.6 314.16 314.16 -264.55 286.6 -303.13 286.6                  600.75   402.34 413.36 429.9      429.9   1030.6505     280.687  4-MOR-90
Jordan Michalek       26    MOR    96.8     100    0.5624   600.75 650.36 677.91 677.91 402.34 429.9 451.94 451.94                  1129.9   600.75 -650.36 -672.4   600.75    1730.611     441.484 1-MOR-100
Devon Reese           29    MOR     99      100    0.5565    573.2 611.78 639.33 639.33 325.18 336.2 341.71 341.71                  981.05   606.27 650.36 677.91    677.91   1658.9615   418.76625 2-MOR-100
Jon Sodawasser        27    MOR     95      100    0.5678   545.64 589.73 611.78 611.78 347.22 374.78 -396.83 374.78                986.56   512.57 562.17 584.22    584.22   1570.7775    404.5575 3-MOR-100

Austin Carlson        31    MOR      99     100    0.5565   485.01 529.1 551.15 551.15        286.6 314.16       -325.18   314.16   865.31   485.01 529.1 -556.66     529.1   1394.4095 351.98625 4-MOR-100
Ryan Marx             33    MOR     100     100     0.554   402.34 424.39 473.99 473.99      242.51 259.04       270.06    270.06   744.05    429.9 451.94 -462.97   451.94   1195.9955 300.545    5-MOR-100
Bryce Merchant        29    MOR    123.4    125    0.5232   617.29 633.82 661.38 661.38      363.76 391.32        429.9     429.9   1091.3   545.64 584.22 622.8      622.8   1714.0765 406.788    1-MOR-125
Austin Homan          26    MOR     125     125     0.521   639.33 -672.4 -672.4 639.33      363.76 391.32       -407.85   391.32   1030.7   567.68 611.78 644.85    644.85    1675.496   395.96   2-MOR-125
Marvin Harrington     39    MOR     140     140    0.5034   755.08 -821.21 821.21 821.21     446.43 473.99        -479.5   473.99   1295.2   650.36 710.98 727.52    727.52   2022.7205 461.8695 1-MOR-140
Ethan Manning         30    MOR    180.8   SHW     0.4658   881.84 942.47 -970.02 942.47     402.34 -429.9        429.9     429.9   1372.4   600.75 -650.36 650.36   650.36   2022.7205 427.38985 1-MOR-SHW
Matt Berry            46    MO       89      90    0.5893   760.59 -810.19 810.19 810.19     457.45 -490.52      -490.52   457.45   1267.6   556.66 -606.27 606.27   606.27     1873.91  500.905    1-MO-90
              19-Jul-20 UPA Iron Battle on the Mississippi-Lb Results
                                      BWt     WtCls                                  Best                                        Best     Sub   Deadlift Deadlift Deadlift  Best                   Coeff
         Name           Age     Div                     Wilks   Squat 1 Squat 2 Squat 3    Bench 1          Bench 2 Bench 3                                                           PL Total               Pl-Div-WtCl
                                      (Kg)    (Kg)                                  Squat                                       Bench     Total    1        2        3     Deadlift                Score
Rachel Ashmun            35   FORE-AD142.6    SHW     0.5005 275.58 -303.13 303.13 303.13 126.76             137.79   -154.32   137.79   440.92 292.11 314.16 -325.18 314.16          755.0755   171.42125   1-FORE-AD-SHW
Sara Lomelino            43    FM1RE 59.8       60    0.8156 176.37 181.88 198.41 198.41 93.696              104.72    110.23   110.23   308.64 203.93 214.95 236.99 236.99           545.6385    201.861    1-FM1RE-60
Stephanie Dolan          39    FSMRE 87         90    0.5978 192.9 231.48 -242.51 231.48 110.23             -121.25   -121.25   110.23   341.71 236.99 253.53 281.09 281.09           622.7995   168.8785    1-FSMRE-90
Erika Runge              32     FORE 77.6      82.5   0.6473 303.13 -325.18 352.74 352.74 154.32             181.88    192.9    192.9    545.64 347.22 380.29 402.34 402.34            947.978    278.339    1-FORE-82.5 *Raw Elite Best Lifter
Kiah Allen               25     FORE 111.4    SHW     0.5349 -248.02 275.58 303.13 303.13 154.32             170.86   -181.88   170.86   473.99 325.18 -336.2        0     325.18     799.1675   193.90125   1-FORE-SHW
Samantha Quillen         18     FT3R 97.4     SHW     0.5608 181.88 -203.93 203.93 203.93 88.184             104.72   -115.74   104.72   308.64 220.46 259.04 281.09 281.09           589.7305    150.014    1-FT3R-SHW
Aubrie Harrington        17     FT2R 54.8       56    0.8961 181.88 209.44 -236.99 209.44 -88.184            88.184   -93.696   88.184   297.62 225.97 253.53 -275.58 253.53           551.15     224.025      1-FT2R-56
Ivy Pruisman             21     FOR    67      67.5   0.7307 225.97 259.04 281.09 281.09 104.72              126.76   -132.28   126.76   407.85 259.04 292.11 314.16 314.16           722.0065   239.30425    1-FOR -67.5
Mariah Knop              28     FOR    73       75    0.6789 303.13 -325.18 -325.18 303.13 126.76            137.79   -154.32   137.79   440.92 314.16 347.22 -363.76 347.22          788.1445   242.70675     1-FOR -75
Jaime Kuenzi             36    FOR-AD 54.8      56    0.8961 236.99 -248.02 248.02 248.02 143.3              148.81   -154.32   148.81   396.83 231.48 242.51 -259.04 242.51           639.334    259.869    1-FOR-AD-56 *Raw Best Lifter

Brittany Rouze           30 FOR-AD 114.8      SHW     0.5316 270.06      303.13    319.67   319.67   104.72 121.25 -132.28 121.25        440.92   270.06 308.64 325.18       325.18 766.0985   184.731 1-FOR-AD-SHW
Rick Dobesh              55 MM4RE 99           100    0.5565 275.58      308.64    341.71   341.71   270.06 314.16 -336.2 314.16         655.87   385.81 424.39 446.43       446.43  1102.3    278.25 1-MM4RE-100
Ashtin VanGorden         20  MJR    109        110    0.5377 523.59     -551.15    551.15   551.15   275.58 -286.6 -292.11 275.58        826.73   473.99 518.08 -551.15      518.08 1344.806   327.997  1-MJR -110
Landyn Voss              22  MJR    109        110    0.5377 330.69      347.22    358.25   358.25   341.71 -358.25 -363.76 341.71       699.96   402.34 451.94 -501.55      451.94 1151.9035 280.94825 2-MJR -110
Tyler Duerling           18 MT3R 73.6           75    0.6745 468.48     -496.04   -496.04   468.48   253.53 -270.06 -270.06 253.53       722.01   485.01 -501.55    0        485.01 1207.0185 369.28875 1-MT3R -75
Max Harrington           13 MT1R 88.4           90    0.5918 264.55      303.13    341.71   341.71   126.76 154.32 -181.88 154.32        496.04   259.04 341.71 380.29       380.29 876.3285 235.2405 1-MT1R-90
Dave Zirkelbach          40 MM1R-AD 137        140    0.5067 -551.15    -551.15    551.15   551.15   314.16 -341.71 -341.71 314.16       865.31   523.59 -578.71 -578.71     523.59 1388.898   319.221 1-MM1R-AD-140

Cory Fitzjarrell         23 MJR-AD 106.6       110    0.5411    534.62 562.17 -589.73 562.17         336.2 -352.74 -352.74 336.2         898.37   479.5    501.55   512.57   512.57   1410.944    346.304    1-MJR-AD-110
Jason Huling             18 MT3R-AD 67.4       67.5   0.7268    270.06 -297.62 -308.64 270.06        203.93 -225.97 -225.97 203.93       473.99   363.76   374.78   380.29   380.29   854.2825    281.635    1-MT3R-AD-67.5
Devon Huling             15 MT1R-AD 93.4       100    0.573     363.76 391.32 407.85 407.85          236.99 -259.04 -259.04 236.99       644.85   462.97   479.5    512.57   512.57   1157.415    300.825    1-MT1R-AD-100
19-Jul-20        UPA Iron Battle on the Mississippi-Lb Results
                              BWt     WtCls                                        Best Deadlift Deadlift Deadlift  Best    Push Pull   Coeff
       Name      Age   Div                     Wilks   Bench 1 Bench 2 Bench 3                                                                  Pl-Div-WtCl
                              (Kg)    (Kg)                                        Bench    1        2        3     Deadlift   Total     Score
Deanna Posey     51    FM3R    95.4   SHW     0.5666   132.28    143.3   148.81   148.81 225.97 248.02 270.06 270.06 418.874           107.654 1-FM3R-SHW
Shannon Hickey   40    MRSO    77.6    82.5   0.6473   176.37   187.39   209.44   209.44 248.02 270.06 303.13 303.13 512.5695 150.49725 1-MRSO-82.5
Sean Tully       26    MRSO     96     100    0.5648   154.32   187.39   209.44   209.44 225.97 242.51 286.6        286.6    496.035    127.08 1-MRSO-100
Josh Hickey      33    MRSO   106.4    110    0.5414   225.97   253.53   281.09   281.09 363.76 413.36 473.99 473.99        755.0755  185.4295 1-MRSO-110
Nick Hickey      31    MRSO    125     125     0.521   187.39   203.93   220.46   220.46 275.58 297.62 352.74 352.74 573.196            135.46 1-MRSO-125
19-Jul-20          UPA Iron Battle on the Mississippi-Lb Results
                               BWt    WtCls           Deadlift Deadlift Deadlift Deadlift    Best      Coeff     Age &
        Name       Age   Div                  Wilks                                                                         Pl code   Pl-Div-WtCl   Tm Pts   Team
                               (Kg)   (Kg)               1        2        3        4       Deadlift   Score     Coeff

Charlie Driscoll   59    MO    100     100    0.554   424.39    529.1   584.22      0       584.219    146.81   193.05515     1       1-MO-100        7
