4-Jun-22              Kroc's Classic-Kg Results
                                   BWt     WtCls                                              Best                                       Best   Sub     Deadlift Deadlift Deadlift Deadlift  Best                   Coeff    Age &
       Name           Age    Div                    Wilks   Squat 1 Squat 2 Squat 3 Squat 4           Bench 1 Bench 2 Bench 3 Bench 4                                                                  PL Total                         Pl code   Pl-Div-WtCl    Tm Pts   Team
                                   (Lb)     (Lb)                                              Squat                                     Bench   Total     1        2        3        4      Deadlift                Score     Coeff
Jody Swazey           47    F-RM2 180.8     181    0.9028    -52.5    52.5       55             55      -30      32.5     -35            32.5   87.5    62.5        65     67.5              67.5        155       139.934 151.40858      1       1-F-RM2-181      7
Kelly Itsell          43    F-RM1 138.7     148    1.0753     105     107.5     110            110       55     -57.5     57.5           57.5   167.5   132.5     137.5     145               145       312.5     336.03125 346.44821     1       1-F-RM1-148      7
Alice Garvin          26     F-RO 131.8     132    1.1178    112.5    122.5    -130           122.5      55      57.5     -60            57.5    180     140      147.5   -152.5             147.5      327.5     366.0795      0         1        1-F-RO-132      7
Leanne Lin            32     F-RO 131.2     132    1.1221     100     -105      105            105       65       70       75             75     180     115      127.5     135               135        315      353.4615      0         1        2-F-RO-132      5
Gabrielle McCoy       18     F-RO 145.7     148    1.0362    102.5     105     112.5          112.5      50       55       60             60    172.5   102.5      125      140               140       312.5     323.8125      0         1        1-F-RO-148      7
Megan Wood            38     F-RO 278.2    SHW     0.7926    157.5     170     182.5          182.5    77.5      82.5     -85            82.5    265     125      137.5     145               145        410       324.966      0         1       1-F-RO-SHW       7
Jessica Powers        31     F-RO 213.2    SHW     0.8413     130      135     137.5          137.5     -85     -87.5     92.5           92.5    230    137.5     142.5     160               160        390       328.107      0         1       2-F-RO-SHW       5
Samantha Yamil        33     F-RO 208.5    SHW     0.8477    112.5     120    -127.5           120     52.5       55     -57.5            55     175    137.5      145     147.5             147.5      322.5     273.38325     0         1       3-F-RO-SHW       3
Trevor Breen          30     M-EO 231.5     242    0.5976     275      285     -290            285      125    -142.5    142.5          142.5   427.5   227.5     242.5      0               242.5       670       400.392      0         1        1-M-EO-242      7
Ray Vandermei         34     M-EO 304.4     308     0.56     -295      295      305            305     272.5    -290     -295           272.5   577.5    255      -275      275               275       852.5       477.4       0         1        1-M-EO-308      7
Blake Wendt           15    M-RT1 241.6     242    0.5892     230     252.5   -262.5          252.5     135     147.5    -155           147.5    400     210      232.5     245               245        645       380.034      0         1       1-M-RT1-242      7
Caleb Oyster          20     M-RJr 217.6    220    0.6118    232.5    -245     252.5          252.5    162.5    172.5   -182.5          172.5    425    272.5     -285      285               285        710       434.378      0         1       1-M-RJr-220      7
Jaydon Smith          21     M-RJr 266.3    275    0.574    -197.5     205     212.5          212.5     150      155     -160            155    367.5   187.5      200     227.5             227.5       595       341.53       0         1       1-M-RJr-275      7
Max Wentworth         21     M-RJr 266.5    275    0.5739    142.5    152.5     160            160      105     112.5     120            120     280    152.5      170      185               185        465      266.8635      0         1       2-M-RJr-275      5
William Mosher        63    M-RM5 231.8     242    0.5974     100       0         0            100      100        0        0            100     200    182.5      205      215               215        415       247.921 352.29574      1       1-M-RM5-242      7
William Smith         59    M-RM4 216.6     220    0.6131    137.5     140     147.5          147.5      75      77.5      80             80    227.5    170     -177.5    177.5             177.5       405      248.3055 326.52173      1       1-M-RM4-220      7
Lavonne Clifford      47    M-RM2 222.2     242    0.6067     140    -157.5    162.5          162.5    47.5     -57.5    -57.5           47.5    210     145       160      165               165        375      227.5125 246.16852      1       1-M-RM2-242      7
William Tolliver II   40    M-RM1 303.3     308    0.5603     130     182.5    227.5          227.5    102.5     170     -185            170    397.5   227.5      275      320               320       717.5     402.01525 402.01525     1       1-M-RM1-308      7
Terrell Alexander     36    M-RSub 203.9    220    0.6298      75      130      140            140       60      62.5      65             65     205     175       230      265               265        470       296.006      0         1       1-M-RSub-220     7
Nickolas Dziurgot     19     M-RO 145.3     148    0.7862     160      170    -182.5           170     107.5    112.5    117.5          117.5   287.5   182.5      190      200               200       487.5     383.2725      0         1       1-M-RO-148       7
Burton Lange          33     M-RO 179.2     181    0.6759     190     -200     -210            190     122.5     130    -137.5           130     320     230       245    -252.5              245        565      381.8835      0         1       1-M-RO-181       7
Brandon Yarch         26     M-RO 193.3     198    0.6471    202.5     215      225            225      150     -160     -160            150     375     205      217.5    227.5             227.5      602.5     389.87775     0         1       1-M-RO-198       7
Antonio Green         34     M-RO 197.5     198    0.6398     125     147.5    187.5          187.5    102.5    142.5   -167.5          142.5    330    142.5     227.5    247.5             247.5      577.5     369.4845      0         1       2-M-RO-198       5
Ryan Konneck          30     M-RO 218.7     220    0.6106    227.5    242.5    252.5          252.5     165     177.5   -187.5          177.5    430    252.5     272.5     280               280        710       433.526      0         1       1-M-RO-220       7
Derek Nichols         38     M-RO 219.6     220    0.6096     265    -292.5   -292.5           265     137.5    -145      145            145     410     220       235    -242.5              235        645       393.192      0         1       2-M-RO-220       5
Daniel Kershner       31     M-RO 217.1     220    0.6123     165     182.5    192.5          192.5     135      145      150            150    342.5    200      217.5     230               230       572.5     350.54175     0         1       3-M-RO-220       3
Elliot Prudhomme      29     M-RO 207.7     220    0.6244    142.5     160      180            180     102.5     125    -132.5           125     305     165       190     207.5             207.5      512.5      320.005      0         1       4-M-RO-220       2
Jeremie Mickens       24     M-RO 213.6     220    0.6166     135      145      150            150     112.5    117.5     125            125     275     160       175      185               185        460       283.636      0         1       5-M-RO-220       1
Tyler Steinhauer      25     M-RO 238.5     242    0.5916     265     287.5     295            295     152.5     165      170            170     465     265     -282.5   -282.5              265        730       431.868      0         1       1-M-RO-242       7
Bennet Prudhomme      32     M-RO 230.4     242    0.5986     180      200      215            215     -140      145     -165            145     360     215       240      250               250        610       365.146      0         1       2-M-RO-242       5
Caden Picard          36     M-RO 242.5     242    0.5885    152.5    157.5    162.5          162.5    117.5    122.5    127.5          127.5    290    192.5     197.5    202.5             202.5      492.5     289.83625     0         1       3-M-RO-242       3
Andrei Mellas         36     M-RO 265.4     275    0.5745    257.5    267.5     275            275     202.5    207.5       0           207.5   482.5   272.5     282.5     290               290       772.5     443.80125     0         1       1-M-RO-275       7
