                                                                                     EUROPEAN POWERLIFTING FEDERATION
                                                                European Men's Equipped Powerlifting Championships, Pilsen (Czechia), 03-08.08.2021
                                                                                            DETAILED SCORESHEET
Rnk Name                    d.o.b.   Team    Bwt     IPFGL Coef Lot               All Squat                        All Bench Press                       All Deadlift          Total    IPFGL Pts   Pts
Open
-59kg
 1. Osmialowski Pawel       1977     POL    58,91     0,1458     1    210,0   217,5     225,0   1       130,0     140,0     147,5     1     185,0     195,0     207,5   2   580,0        84,56      12
 2. Golak Dominik           1982     POL    58,71     0,1461     2    175,0   185,0     200,0   2       110,0     115,0     120,0     2     190,0     195,0     207,5   1   512,5        74,88      9
-66kg
 1. El Belghiti Hassan      1975     FRA    65,74     0,1343     3    275,0   290,0     300,0   2       165,0     170,0     172,5     2     295,0     307,5     310,0   1   772,5        103,75     12
 2. Grotkowski Mariusz      1989     POL    65,68     0,1344     5    275,0   285,0     290,0   1       200,0     210,0     215,0     1     255,0     255,0     270,0   2   770,0        103,49     9
 3. Iwasiow Kamil           1984     POL    65,70     0,1344     4    220,0   235,0     235,0   3       152,5     165,0     170,0     3     170,0     200,0     215,0   3   600,0        80,64      8
-74kg
 1. Kailey Pardeep          1983     NED    73,90     0,1240    10 235,0      245,0     252,5   1       155,0     162,5     167,5     2     230,0     240,0     252,5   1   672,5        83,39      12
 2. More Jan                1993     CZE    73,33     0,1247    8 240,0       240,0     250,0   2       125,0     165,0     167,5     1     210,0     230,0     252,5   2   637,5        79,50      9
 3. Pop Bogdan              1997     ROU    72,08     0,1261    7 190,0       200,0     210,0   3       135,0     145,0     155,0     3     185,0     195,0     200,0   3   565,0        71,25      8
-83kg
 1. Chornyi Vladyslav       1997     UKR    79,77     0,1182    16    337,5   355,0     362,5   1       230,0     230,0     230,0     3     287,5     302,5     307,5   1   892,5        105,49     12
 2. Naniev Andriy           1984     UKR    82,60     0,1158    12    335,0   347,5     355,0   2       235,0     245,0     245,0     2     285,0     295,0     300,0   3   892,5        103,35     9
 3. Lochschmidt Max         1983     GER    82,96     0,1155    13    305,0   305,0     312,5   3       210,0     217,5     222,5     4     270,0     285,0     297,5   4   825,0        95,29      8
 4. Ivanov Jordan           1994     BUL    82,90     0,1156    17    280,0   292,5     292,5   6       205,0     212,5     217,5     5     255,0     270,0     280,0   6   790,0        91,32      7
 5. Dahl Mickel             1996     DEN    82,71     0,1157    11    292,5   317,5     317,5   5       170,0     182,5     182,5     6     287,5     305,0     310,0   2   780,0        90,25      6
 6. Gonnermann Manuel       1993     GER    82,29     0,1161    15    285,0   300,0     310,0   4       175,0     190,0     190,0     7     275,0     295,0     300,0   5   770,0        89,40      5
 7. Olsen Nickolaj          1994     DEN    82,92     0,1155    14    280,0   290,0     300,0   7       152,5     157,5     162,5     8     240,0     260,0     277,5   7   725,0        83,74      4
 8. Irimie Andrei Nicolae   1990     ROU    82,53     0,1159    18    200,0   200,0     210,0   8       245,0     250,0     260,0     1     180,0     200,0       X     8   650,0        75,33      3
-93kg
 1. Musiienko Kostiantyn    1997     UKR    92,58     0,1087     5    370,0   377,5     400,5   3       326,0-w   341,0-w   351,0-w   1     297,5     310,0     322,5   2   1051,0 -w    114,24     12
 2. Rysiyev Volodymyr       1982     UKR    92,08     0,1090     7    375,0   399,0-w     X     2       290,0     300,0     307,5     2     327,5     340,0     352,5   1   1039,0 -w    113,25     9
 3. Nielsen Nicki Lentz     1992     DEN    92,65     0,1087     4    385,0   400,0-w   405,0   1       252,5     260,0     265,0     3     280,0     295,0     305,0   3   960,0        104,35     8
 4. Huber Alexander         1990     AUT    90,21     0,1102     1    320,0   327,5     332,5   4       240,0     247,5     255,0     6     285,0     295,0     295,0   5   867,5        95,60      7
 5. Jandorek Andreas        1985     AUT    92,27     0,1089     2    305,0   320,0     327,5   5       252,5     255,0     260,0     4     275,0     285,0     290,0   6   865,0        94,20      6
 6. Orrason Alex Cambray    1989     ISL    92,49     0,1088     3    317,5   317,5     332,5   6       195,0     202,5     205,0     7     265,0     280,0     297,5   7   787,5        85,68      5
 — Schweda Philipp          1992     GER    92,61     0,1087     6    340,0   345,0     345,0   —       245,0     252,5     260,0     5     270,0     290,0     305,0   4   DSQ            —        —
-105kg
 1. Kovalov Danylo          1996     UKR    104,21    0,1026    8     385,0   400,0     400,0   1       290,0     290,0     290,0     2     310,0     325,0     330,0   1   1020,0       104,65     12
 2. Grenier Allan           1990     FRA    104,69    0,1024    9     350,0   360,0     375,0   2       290,0     305,0     324,5     1     280,0     295,0     315,0   3   980,0        100,35     9
 3. Sliz Kristian           1995     SVK    104,38    0,1025    10    340,0   350,0     357,5   3       240,0     247,5     252,5     3     290,0     295,0     315,0   5   892,5        91,48      8
 4. Bolek Patryk            1994     DEN    98,65     0,1053    11    310,0   320,0     330,0   4       190,0     200,0     210,0     4     285,0     285,0     310,0   4   850,0        89,50      7
 — Silbaum Margus           1976     EST    104,19    0,1026    13    370,0   370,0     370,0   —       230,0     230,0     230,0     —     310,0     325,0     330,0   2   DSQ            —        —
-120kg
 1. Rubets Oleksandr        1996     UKR    105,33    0,1021     7    370,0   390,0     402,5   3       280,0     292,5     297,5     3     330,0     350,0       X     1   1037,5       105,93     12
 2. Belkesir Sofiane        1984     FRA    109,90    0,1002     6    390,0   390,0     400,0   1       270,0     275,0     277,5     5     320,0     342,5     362,5   3   1020,0       102,20     9
 3. Pahl Dominik            1992     GER    119,30    0,0969     1    380,0   380,0     390,0   4       260,0     270,0     270,0     6     310,0     320,0     330,0   4   980,0        94,96      8
 4. Seefeld Christoph       1980     GER    119,11    0,0969     8    350,0   350,0     360,0   5       282,5     295,0     300,0     2     290,0     310,0     320,0   6   940,0        91,09      7
 5. Bronicki Konrad         1982     POL    119,45    0,0968     5    360,0   382,5     392,5   2       230,0     245,0     255,0     7     280,0     300,0     305,0   5   937,5        90,75      6
 6. Hole Per Marius         1989     NOR    118,18    0,0972     3    280,0   280,0       X     8       335,0     335,0     335,0     1     250,0     280,0     307,5   7   895,0        86,99      5
 7. Rebreyend Christophe    1988     NED    119,65    0,0968     4    325,0   330,0       X     6       190,0     200,0     205,0     8     350,0     350,0     362,5   2   880,0        85,18      4
 8. Selinger Milan          1984     CZE    120,00    0,0966     2    295,0   295,0     305,0   7       280,0     292,5     292,5     4     255,0     267,5     272,5   8   865,0        83,56      3
120+kg
 1. Shevchenko Andrii       1995     UKR    142,50    0,0912    13    420,0   440,0     450,0   1       330,0     330,0     340,0     1     330,0     340,0     345,0   4   1135,0       103,51     12
 2. Holinei Viktor          2000     UKR    143,56    0,0910    9     405,0   425,0     425,0   2       305,0     305,0     325,0     2     325,0     345,0     355,0   3   1105,0       100,56     9
 3. Johannsson Julian       1993     ISL    158,16    0,0886    11    400,0   400,0     420,0   4       312,5     312,5     315,0     4     355,0     390,0     420,5   1   1105,0       97,90      8
 4. Lupas Ionut Florin      1989     ROU    144,70    0,0907    12    392,5   392,5     407,5   3       315,0     315,0     327,5     3     270,0     292,5     292,5   5   1015,0       92,06      7
 5. Zinserling Tobias       1978     GER    156,15    0,0889    10    350,0   362,5     365,0   5       250,0     260,0     270,0     5     350,0     362,5     375,0   2   982,5        87,34      6
 — Magnusson Gudfinnur      1997     ISL    161,33    0,0882    14    390,0   390,0     390,0   —       290,0     290,0     290,0     —       X         X         X     —   DSQ            —        —
Team (points)
 1. Ukraine                                             60   [12+12+12+12+12] 533,83 IPFGL Pts
 2. Poland                                              44   [12+9+9+8+6] 434,32 IPFGL Pts
 3. Germany                                             34   [8+8+7+6+5] 458,08 IPFGL Pts
 4. France                                              30   [12+9+9] 306,30 IPFGL Pts
 5. Denmark                                             25   [8+7+6+4] 367,84 IPFGL Pts
 6. Romania                                             18   [8+7+3] 238,64 IPFGL Pts
 7. Netherlands                                         16   [12+4] 168,57 IPFGL Pts
 8. Iceland                                             13   [8+5] 183,58 IPFGL Pts
 9. Austria                                             13   [7+6] 189,80 IPFGL Pts
10. Czechia                                             12   [9+3] 163,06 IPFGL Pts
11. Slovakia                                             8   [8] 91,48 IPFGL Pts
12. Bulgaria                                             7   [7] 91,32 IPFGL Pts
13. Norway                                               5   [5] 86,99 IPFGL Pts
 — Estonia                                              —

Best Lifters of Open by IPF GL Formula
Rnk Lifter                    Team                                Bwt             Total          GL Points   C.Rnk
 1. Musiienko Kostiantyn     Ukraine                             92,58            1051,0         114,2437    1
 2. Rysiyev Volodymyr        Ukraine                             92,08            1039,0         113,2510    2
 3. Rubets Oleksandr         Ukraine                             105,33           1037,5         105,9288    1

Sub-Juniors
-53kg
 1. Bonkowski Jakub          2004   POL   52,40    0,1603    2    150,0   162,5      170,0   1      62,5     67,5    70,0    2   175,0   185,0   195,0   1   425,0   68,13   12
 2. Halahan Oleksii          2003   UKR   52,39    0,1603    1    155,0   165,0      170,0   2      85,0     90,0    92,5    1   147,5   157,5   167,5   2   395,0   63,32   9
-59kg
 1. Andreiev Eduard          2005   UKR   58,76    0,1461    3    160,0   170,0      175,0   1      95,0     105,0   115,0   1   140,0   157,5   157,5   2   430,0   62,82   12
 2. Kwiecien Szymon          2003   POL   57,67    0,1482    4    120,0   140,0      142,5   2      90,0     95,0    97,5    2   130,0   150,0   165,0   1   387,5   57,43   9
-66kg
 1. Iacobescu Andrei         2003   ROU   62,78    0,1389    5    160,0   170,0      180,0   1      80,0     100,0   117,5   1   180,0   190,0   200,0   1   470,0   65,28   12
-74kg
 1. Sytnik Illia             2005   UKR   71,40    0,1269    7    220,0   235,0      245,0   1      152,5    162,5   170,0   1   187,5   195,0   202,5   2   617,5   78,36   12
 2. Sivakov Dmytro           2003   UKR   71,52    0,1267    6    220,0   230,0      232,5   2      135,0    145,0   152,5   3   215,0   230,0   240,0   1   585,0   74,12   9
 3. Hornik David             2004   CZE   73,21    0,1248    8    170,0   185,0      200,0   4      140,0    140,0   150,0   2   170,0   180,0   197,5   4   515,0   64,27   8
 4. Held Dominik             2004   SVK   73,70    0,1243    9    165,0   180,0      187,5   3      100,0    115,0   115,0   4   170,0   182,5   200,0   3   485,0   60,29   7
-83kg
 1. Muntian Valentyn         2003   UKR   79,91    0,1181    10 235,0     245,0      250,0   1      152,5    160,0   165,0   1   220,0   232,5   237,5   1   642,5   75,88   12
 2. Rys Gabriel              2004   POL   81,94    0,1164    12 205,0     225,0      235,0   2      132,5    142,5   150,0   2   100,0   200,0   215,0   2   590,0   68,68   9
 3. Zednik Matej             2004   CZE   75,69    0,1221    11 155,0     155,0      165,0   3      90,0     95,0    100,0   3   175,0   190,0   200,0   3   455,0   55,56   8
-93kg
 1. Kuchma Illia             2004   UKR   90,05    0,1103    13 270,0     270,0      300,0   1      175,0    185,0   192,5   1   240,0   260,0   275,0   1   737,5   81,35   12
 2. Molnar Samuel            2003   SVK   89,75    0,1105    14 215,0     215,0      230,0   2      135,0    145,0   150,0   2   215,0   225,0   230,0   2   605,0   66,85   9
-105kg
 1. Zaiets Anatolii          2003   UKR   95,07    0,1072    17 240,0     255,0      262,5   1      160,0    172,5   180,0   1   235,0   260,0   275,0   1   710,0   76,11   12
 2. Tutunaru Marius          2003   ROU   100,65   0,1043    15 200,0     212,5      215,0   2      140,0    150,0   157,5   2   207,5   207,5   217,5   3   580,0   60,49   9
 3. Lehtoja Mikk             2003   EST   94,73    0,1074    16 190,0     210,0      225,0   3      115,0    125,0   135,0   3   225,0   235,0   235,0   2   570,0   61,22   8
-120kg
 1. Lisenko Oleksii          2003   UKR   109,92   0,1002    19 270,0     290,0      305,0   1      180,0    195,0   205,0   1   200,0   230,0   245,0   1   740,0   74,15   12
 2. Karwacki Kacper          2004   POL   105,81   0,1019    18 175,0       X        200,0   2      115,0    125,0   125,0   2   175,0   200,0   205,0   2   530,0   54,01   9
120+kg
 1. Vovchok Dmytro           2003   UKR   126,15   0,0949    20 240,0     260,0      270,0   1      165,0    175,0   185,0   2   185,0   185,0   205,0   2   640,0   60,74   12
 2. Zavodny Jakub            2004   SVK   129,30   0,0940    21 215,0     215,0      230,0   2      170,0    177,5   187,5   1   200,0   205,0   207,5   1   622,5   58,52   9

Team (points)
 1. Ukraine                                             60   [12+12+12+12+12] 385,85 IPFGL Pts
 2. Poland                                              39   [12+9+9+9] 248,24 IPFGL Pts
 3. Slovakia                                            25   [9+9+7] 185,65 IPFGL Pts
 4. Romania                                             21   [12+9] 125,78 IPFGL Pts
 5. Czechia                                             16   [8+8] 119,83 IPFGL Pts
 6. Estonia                                              8   [8] 61,22 IPFGL Pts
Best Lifters of Subjuniors by IPF GL Formula
Rnk Lifter                     Team                                 Bwt              Total           GL Points   C.Rnk
 1. Kuchma Illia              Ukraine                               90,05            737,5            81,3463    1
 2. Sytnik Illia              Ukraine                               71,40            617,5            78,3608    1
 3. Zaiets Anatolii           Ukraine                               95,07            710,0            76,1120    1

Juniors
 -53kg
  1. Georgescu Andrei          2002   ROU   52,75    0,1594    1     150,0   160,0     170,0     1      75,0     100,0   100,0   1   150,0   160,0   165,0   1   435,0   69,34   12
 -59kg
  1. Kovac Viliam              2000   CZE   58,67    0,1462    2     190,0   200,0     200,0     1      125,0    130,0   135,0   1   200,0   210,0   217,5   1   540,0   78,95   12
  2. Moise Cristian            2001   ROU   58,28    0,1470    3     165,0   175,0     190,0     2      90,0     110,0   125,0   2   170,0   180,0   185,0   2   485,0   71,30   9
 -66kg
  1. Debicki Radoslaw          2001   POL   65,83    0,1342    5     220,0   235,0     235,0     1      140,0    145,0   152,5   1   210,0   227,5   237,5   1   592,5   79,51   12
  2. Szymura Slawomir          1998   POL   65,55    0,1346    6     180,0   190,0     200,0     3      125,0    132,5   142,5   2   180,0   195,0   205,0   2   517,5   69,66   9
  — Brogaard Mathias           1998   DEN   65,95    0,1340    4     200,0   215,0     215,0     2      135,0    135,0   135,0   —   180,0   187,5   187,5   3   DSQ      —      —
 -74kg
  1. Konczak Hubert            1998   POL   73,32    0,1247    10 235,0      250,0     260,0     1      165,0    170,0   170,0   1   240,0   250,0   260,0   2   670,0   83,55   12
  2. Ostyn Gregory             2001   BEL   73,60    0,1244    7 207,5       217,5     225,0     2      160,0    170,0   175,0   2   250,0   260,0   262,5   1   647,5   80,55   9
  3. Chornodoliuk Ihor         2000   UKR   72,85    0,1252    9 200,0       212,5     212,5     3      120,0    130,0   140,0   3   160,0   180,0   200,0   3   522,5   65,42   8
 -83kg
  1. Moen Ludvik               2002   NOR   81,88    0,1164    11    270,0   282,5     292,5     1      177,5    182,5   187,5   3   235,0   250,0   255,0   1   730,0   84,97   12
  2. Michalak Daniel           1998   POL   82,75    0,1157    13    260,0   260,0     270,0     3      150,0    160,0   165,0   5   250,0   260,0   260,0   2   680,0   78,68   9
  3. Schmid Kevin              2000   AUT   81,29    0,1169    14    250,0   250,0     260,0     4      190,0    190,0   195,0   1   210,0   220,0   230,0   4   675,0   78,91   8
  4. Andersen Benjamin Falgreen2001   DEN   82,86    0,1156    15    250,0   250,0     262,5     5      170,0    170,0   180,0   4   210,0   230,0   232,5   3   652,5   75,43   7
  — Pelikan Jakub              2001   CZE   81,58    0,1167    12    275,0   285,0     285,0     2      185,0    185,0   185,0   2   260,0   260,0   260,0   —   DSQ      —      —
 -93kg
  1. Sip Ondrej                2002   CZE   92,36    0,1088    18 305,0      315,0     315,0     1      185,0    197,5   205,0   2   280,0   290,0   300,0   1   792,5   86,22   12
  2. Szczepanski Damian        1998   POL   92,23    0,1089    17 290,0      290,0     315,0     2      230,0    230,0   240,0   1   240,0   260,0   262,5   2   790,0   86,03   9
  3. Lenko Dmytro              1998   UKR   91,79    0,1092    16 250,0      250,0     270,0     3      165,0    172,5   180,0   3   230,0   252,5   260,0   3   675,0   73,71   8
 -105kg
  1. Szymkiewicz Mateusz       2001   POL   105,00   0,1022    21 335,0      335,0     350,0     1      235,0    235,0   242,5   1   270,0   280,0   290,0   2   865,0   88,40   12
  2. Marsik Martin             1998   CZE   98,98    0,1051    19 260,0      260,0     277,5     2      180,0    187,5   192,5   2   260,0   275,0   282,5   1   747,5   78,56   9
  3. Jakubec Kristian Filip    2001   SVK   93,77    0,1080    20 265,0      275,0     282,5     3      165,0    172,5   180,0   3   260,0   260,0   275,0   3   715,0   77,22   8
 -120kg
  1. Holinei Dmytro            2001   UKR   118,68   0,0971    22    325,0   345,0     355,0     1      200,0    215,0   222,5   3   275,0   292,5   295,0   1   872,5   84,72   12
  2. Prokop Martin             1999   CZE   115,07   0,0983    24    310,0   322,5     332,5     3      240,0    250,0   255,0   1   260,0   275,0   282,5   2   870,0   85,52   9
  3. Tworkowski Mariusz        1998   POL   106,32   0,1016    23    300,0   345,0     360,0     2      150,0    210,0   225,0   2   240,0   260,0   300,0   4   830,0   84,33   8
  4. Saimre Tanel              2001   EST   108,74   0,1006    25    210,0   230,0       X       4      110,0    120,0     X     4   270,0   280,0   292,5   3   630,0   63,38   7
 120+kg
  1. Plaskonis Dominik         2000   SVK   120,46   0,0965    26    300,0   310,0     315,0     1      210,0    220,0   225,0   3   260,0   277,5   280,0   1   817,5   78,89   12
  2. Krakowian Jakub           2001   POL   120,64   0,0964    27    280,0   295,0     302,5     2      200,0    220,0   235,0   1   270,0   290,0   290,0   2   800,0   77,12   9
  3. Cataramba Alexandru       2001   ROU   131,08   0,0936    29    290,0   302,5     302,5     3      230,0    230,0   237,5   2   220,0   230,0   240,0   4   760,0   71,14   8
  4. Parage Philippe           2001   LUX   123,10   0,0957    28    270,0   270,0     280,0     4      160,0    170,0   175,0   4   260,0   267,5   267,5   3   705,0   67,47   7

Team (points)
 1. Poland                                                54   [12+12+12+9+9] 416,17 IPFGL Pts
 2. Czechia                                               42   [12+12+9+9] 329,26 IPFGL Pts
 3. Romania                                               29   [12+9+8] 211,77 IPFGL Pts
 4. Ukraine                                               28   [12+8+8] 223,85 IPFGL Pts
 5. Slovakia                                              20   [12+8] 156,11 IPFGL Pts
 6. Norway                                                12   [12] 84,97 IPFGL Pts
 7. Belgium                                                9   [9] 80,55 IPFGL Pts
 8. Austria                                                8   [8] 78,91 IPFGL Pts
 9. Denmark                                                7   [7] 75,43 IPFGL Pts
10. Luxembourg                                             7   [7] 67,47 IPFGL Pts
11. Estonia                                                7   [7] 63,38 IPFGL Pts

Best Lifters of Juniors by IPF GL Formula
Rnk Lifter                     Team                                  Bwt             Total           GL Points   C.Rnk
 1. Szymkiewicz Mateusz       Poland                                105,00           865,0            88,4030    1
 2. Sip Ondrej                Czechia                               92,36            792,5            86,2240    1
 3. Szczepanski Damian        Poland                                92,23            790,0            86,0310    2
                                                                                     EUROPEAN POWERLIFTING FEDERATION
                                                                European Women's Equipped Powerlifting Championships, Pilsen (Czechia), 03-08.08.2021
                                                                                             DETAILED SCORESHEET
Rnk Name                     d.o.b.   Team    Bwt     IPFGL Coef Lot                  All Squat                        All Bench Press                     All Deadlift              Total    IPFGL Pts   Pts
Open
-47kg
 1. Shlopko Tetyana          1996     UKR    46,60     0,2205     2    155,0      162,5     167,5      1   102,5      107,5     110,0      1   150,0    155,0      160,0      1   437,5        96,47      12
 2. Schreiner Anja           1993     GER    46,59     0,2206     1    150,0      157,5     165,0      2   105,0      107,5     112,5      2   125,0    132,5      137,5      2   410,0        90,45      9
-52kg
 1. Derevyanko Anastasiya    1987     UKR    51,10     0,2061     4    180,0      185,0     185,0      1   110,0      115,0     115,0      2   170,0    180,0      185,0      2   480,0        98,93      12
 2. Szymanel Paulina         1995     POL    50,14     0,2089     3    172,5      177,5     182,5      2   110,0      115,0     117,5      1   165,0    175,0      185,0      3   475,0        99,23      9
 3. Bagger Trine             1986     DEN    51,56     0,2049     5    160,0      162,5     167,5      3   97,5       102,5     105,0      3   172,5    185,0      193,0      1   455,0        93,23      8
-57kg
 1. Haugen Mikkelsen Hilde   1991     NOR    56,92     0,1918     12   195,0      200,0     205,0      1   135,0      135,0     140,0      1   165,0    172,5      177,5      4   517,5        99,26      12
 2. Harhunovska Nataliia     1998     UKR    56,25     0,1933     7    190,0      197,5     202,5      2   115,0      120,0     125,0      3   160,0    167,5      172,5      3   500,0        96,65      9
 3. Sune Caroline            1985     FRA    56,88     0,1919     10   185,0      190,0     195,0      3   105,0      110,0     110,0      5   165,0    175,0      180,0      2   485,0        93,07      8
 4. Anthouard Melodie        1988     FRA    56,63     0,1925     6    177,5      177,5     187,5      4   122,5      127,5     132,5      2   155,0    162,5      162,5      6   475,0        91,44      7
 5. Buxbom Eva               1969     DEN    56,30     0,1932     11   165,0      170,0     172,5-w2   5   90,0       95,0      95,0       7   167,5    175,0      180,0-c2   1   442,5 -w2    85,49      6
 6. Sabathy Marlene          1996     AUT    55,86     0,1942     8    155,0      162,5     170,0      6   90,0       95,0      100,0      6   145,0    152,5      157,5      5   427,5        83,02      5
 7. Gersberg Lea-Sophie      1997     GER    56,19     0,1934     9    150,0      157,5     157,5      7   110,0      115,0     117,5      4   142,5    150,0      152,5      7   417,5        80,74      4
-63kg
 1. Soloviova Larysa         1978     UKR    62,96     0,1806     18   215,0      225,0     232,5      1   162,5      170,0     170,0      1   205,0    215,0      225,0      1   610,0        110,17     12
 2. Sjoel Lena               1997     NOR    61,83     0,1825     16   190,0      200,0     205,0      2   115,0      120,0     125,0      2   180,0    192,5      205,0      2   530,0        96,72      9
 3. Johansen Jenny Marie     1989     NOR    62,40     0,1815     14   190,0      197,5     205,0      4   110,0      112,5     115,0      5   185,0    192,5      197,5      4   500,0        90,75      8
 4. Hauschild Marie          1995     GER    61,35     0,1833     13   192,5      197,5     202,5      3   105,0      112,5     117,5      3   165,0    175,0      182,5      6   490,0        89,82      7
 5. Schlagbauer Lisa         1996     GER    62,22     0,1818     17   165,0      172,5     177,5      5   102,5      107,5     110,0      6   170,0    182,5      195,0      3   480,0        87,26      6
 — Viehauser Ruth            1988     AUT    62,18     0,1819     15   185,0      185,0     190,0      —   110,0      115,0     117,5      4   175,0    185,0      192,5      5   DSQ            —        —
-69kg
 1. Krueger Sonja-Stefanie   1999     GER    68,58     0,1724     20   240,0      240,0     249,0      2   172,5-wj   178,0-w   185,5      1   182,5    192,5-wj   200,0      2   610,5 -wj    105,25     12
 2. Marchenko Antonina       1989     UKR    68,97     0,1719     21   230,0      242,5     245,5-c    1   160,0      160,0     170,0      2   180,0    195,0      195,0      3   585,5        100,65     9
 3. Bak Kathrine             1981     DEN    66,01     0,1759     19   165,0      175,0     180,0      4   100,0      105,0     107,5      4   217,5    232,5-w    237,5      1   517,5        91,03      8
 4. Kahrer Ines              1996     AUT    67,18     0,1743     22   195,0      202,5     210,0      3   117,5      122,5     127,5      3   170,0    180,0      182,5      4   507,5        88,46      7
-76kg
 1. Melnyk Tetyana           1985     UKR    75,09     0,1650     18   240,0      253,0-c   260,0      1   180,5-c    189,0-w   200,0      1   200,0    212,5        X        2   661,5 -w     109,15     12
 2. Rusanenko Daria          2001     UKR    75,99     0,1641     16   235,0      240,0     252,5-wj   2   142,5      142,5     150,0      2   185,0    200,0      212,5      3   602,5        98,87      9
 3. Horna Ivana              1990     SVK    69,78     0,1709     15   165,0      172,5     177,5      7   120,0      127,5     132,5      6   220,0    227,5      235,0      1   537,5        91,86      8
 4. Hansen Julie Albrecht    1991     DEN    72,98     0,1672     13   185,0      195,0     202,5      4   140,0      147,5     150,0      5   170,0    177,5      185,0      5   520,0        86,94      7
 5. Broxtermann Katja        1986     GER    72,52     0,1677     17   190,0      195,0     200,0      5   135,0      140,0     145,0      4   160,0    170,0      175,0      6   515,0        86,37      6
 6. Walter Sofia             1996     GER    73,65     0,1665     19   205,0      215,0     225,0      3   107,5      115,0     120,0      8   160,0    170,0      175,0      7   515,0        85,75      5
 7. Kaljula Karmen           1994     EST    69,92     0,1707     12   175,0      175,0     185,0      8   135,0      140,0     145,0      3   165,0    180,0      192,5      4   512,5        87,48      4
 8. Lindstroem Pernille      1988     DEN    75,74     0,1643     11   180,0      187,5     195,0      6   130,0      130,0     142,5      7   160,0    170,0      175,0      8   495,0        81,33      3
 9. Chatlinska Izabela       1978     POL    73,34     0,1668     14   170,0      170,0     200,0      9   80,0       90,0      100,0      9   150,0    160,0      170,0      9   420,0        70,06      2
-84kg
 1. Soerlie Heranger Anna    1992     NOR    83,06     0,1580     3    245,0      252,5     260,0      1   155,0      160,0     165,0      2   210,0    217,5      235,0      2   630,0        99,54      12
 2. Hille Arnesen Heidi      1970     NOR    83,77     0,1574     4    235,0-w2   240,0     240,0-w2   2   137,5      142,5     147,5-w2   3   190,0    197,5-w2   200,0-w2   3   587,5 -w2    92,47      9
 3. Timmers Ankie            1986     NED    80,85     0,1597     2    210,0      217,5     225,0      3   175,0      180,0       X        1   170,0    180,0      192,5      5   585,0        93,42      8
 4. Kensenhuis Iris          1983     NED    82,88     0,1581     1    195,0      207,5     212,5      5   100,0      110,0     115,0      4   225,0    232,5      237,5      1   560,0        88,54      7
 5. Frederiksen Lise         1982     DEN    82,54     0,1584     5    210,0      217,5     217,5      4   70,0       80,0      85,0       5   170,0    182,5      197,5      4   495,0        78,41      6
84+kg
 1. Strik Ielja              1973     NED    88,92     0,1539     8    225,0      235,0     237,5      3   165,0      172,5     180,0      1   205,0    210,0      215,0      2   630,0        96,96      12
 2. Zahoruiko Valentyna      1992     UKR    93,77     0,1511     6    235,0      245,0     255,0      1   137,5      147,5     155,0      2   190,0    202,5      207,5      3   617,5        93,30      9
 3. Larsson Amalie           1992     DEN    97,37     0,1493     9    232,5      245,0     257,5      2   125,0      130,0     135,0      4   207,5    225,0      227,5      1   602,5        89,95      8
 4. Nielsen Amalie Sophie    1994     DEN    106,85    0,1453     10   222,5      225,0     232,5      4   127,5      132,5     137,5      3   180,0    200,0      210,0      4   562,5        81,73      7
 — Jonsdottir Soley          2001     ISL    127,33    0,1397     7    262,5      262,5     262,5      —   170,0      170,0       X        —     X        X          X        —   DSQ           —         —
Team (points)
 1. Ukraine                                            57   [12+12+12+12+9] 515,36 IPFGL Pts
 2. Norway                                             50   [12+12+9+9+8] 478,74 IPFGL Pts
 3. Germany                                            40   [12+9+7+6+6] 459,14 IPFGL Pts
 4. Denmark                                            38   [8+8+8+7+7] 442,89 IPFGL Pts
 5. Netherlands                                        27   [12+8+7] 278,92 IPFGL Pts
 6. France                                             15   [8+7] 184,51 IPFGL Pts
 7. Austria                                            12   [7+5] 171,48 IPFGL Pts
 8. Poland                                             11   [9+2] 169,28 IPFGL Pts
 9. Slovakia                                            8   [8] 91,86 IPFGL Pts
10. Estonia                                             4   [4] 87,48 IPFGL Pts
 — Iceland                                             —

Best Lifters of Open by IPF GL Formula
Rnk Lifter                    Team                              Bwt              Total             GL Points   C.Rnk
 1. Soloviova Larysa         Ukraine                            62,96            610,0             110,1660    1
 2. Melnyk Tetyana           Ukraine                            75,09            661,5             109,1475    1
 3. Krueger Sonja-Stefanie   Germany                            68,58            610,5             105,2502    1

Sub-Juniors
-47kg
 1. Chernyshova Daria        2004   UKR   46,41   0,2212    1   100,0    110,0     120,0       1      45,0     57,5    57,5    1   95,0    105,0   112,5   1   290,0   64,15   12
-52kg
 1. Yavorska Valeriia        2003   UKR   51,88   0,2040    3   127,5    135,0     142,5       2      80,0     92,5    100,0   1   120,0   127,5   132,5   3   355,0   72,42   12
 2. Polianska Mariia         2003   UKR   49,69   0,2103    7   125,0    135,0     140,0       3      60,0     62,5    65,0    4   117,5   125,0   130,0   1   335,0   70,45   9
 3. Turkova Denisa           2003   CZE   50,54   0,2078    4   135,0    140,0     142,5       1      75,0     75,0    77,5    2   107,5   115,0   122,5   4   332,5   69,09   8
 4. Cichocka Wiktoria        2004   POL   50,84   0,2069    5   110,0    115,0     122,5       5      70,0     75,0    77,5    3   110,0   122,5   122,5   5   307,5   63,62   7
 — Oproiu Sabina             2005   ROU   50,95   0,2066    2   90,0     100,0     100,0       6      65,0     65,0    77,5    —   90,0    95,0    100,0   6   DSQ      —      —
 — Cazacu Alexandra          2003   ROU   51,65   0,2046    6   122,5    132,5     135,0       4      50,0     50,0    50,0    —   122,5   127,5   132,5   2   DSQ      —      —
-57kg
 1. Bordiuh Veronika         2003   UKR   56,77   0,1922    10 160,0     167,5     170,0       1      85,0     85,0    95,0    1   130,0   137,5   142,5   2   407,5   78,32   12
 2. Borowczyk Adrianna       2003   POL   56,14   0,1935    8 145,0      155,0     162,5       2      65,0     70,0    75,0    2   140,0   150,0   152,5   1   380,0   73,53   9
 3. Gryczan Emilia           2006   POL   56,47   0,1928    9 102,5      107,5     112,5       3      50,0     55,0    60,0    3   110,0   120,0   125,0   3   292,5   56,39   8
-63kg
 1. Kolesnyk Anita           2003   UKR   60,61   0,1846    11 150,0     162,5     180,0       1      67,5     75,0    80,0    1   145,0   155,0   165,0   1   425,0   78,45   12
 2. Bzdyr Sofiia             2003   UKR   58,70   0,1882    12 120,0     130,0     140,0       2      60,0     65,0    70,0    2   100,0   120,0   135,0   2   340,0   63,99   9
-69kg
 1. Artyomova Anastasia      2006   UKR   68,29   0,1728    18 160,0     170,0     177,5       1      110,0    110,0   122,5   1   130,0   140,0   147,5   2   420,0   72,58   12
 2. Lapsanska Olivia         2003   SVK   66,48   0,1753    17 140,0     150,0     157,5       2      67,5     72,5    77,5    2   135,0   140,0   150,0   1   367,5   64,42   9
-76kg
 1. Sieczka Wiktoria         2003   POL   72,46   0,1678    20 195,0     210,0     210,0       1      90,0     100,0   100,0   1   135,0   150,0   160,0   1   455,0   76,35   12
 2. Astapova Anastasiia      2003   UKR   74,41   0,1657    19 170,0     170,0     177,5       2      80,0     87,5    90,0    2   145,0   155,0   155,0   2   402,5   66,69   9
 3. Dziwosz Julia            2004   POL   71,60   0,1688    21 75,0        X         X         3      55,0     75,0    75,0    3   75,0    77,5    80,0    3   230,0   38,82   8
-84kg
 1. Eliise Mikomagi          2003   EST   76,03   0,1641    13 150,0     165,0     175,0       1      90,0     95,0    100,0   1   155,0   170,0   190,0   1   440,0   72,20   12
 2. Nikohosian Alina         2005   UKR   83,51   0,1576    14 165,0     165,0     177,5       2      92,5     92,5    92,5    2   130,0   140,0   147,5   2   397,5   62,65   9

Team (points)
 1. Ukraine                                            60   [12+12+12+12+12] 365,92 IPFGL Pts
 2. Poland                                             44   [12+9+8+8+7] 308,72 IPFGL Pts
 3. Estonia                                            12   [12] 72,20 IPFGL Pts
 4. Slovakia                                            9   [9] 64,42 IPFGL Pts
 5. Czechia                                             8   [8] 69,09 IPFGL Pts
 — Romania                                             —
Best Lifters of Subjuniors by IPF GL Formula
Rnk Lifter                     Team                                        Bwt                 Total              GL Points   C.Rnk
 1. Kolesnyk Anita            Ukraine                                      60,61               425,0               78,4550    1
 2. Bordiuh Veronika          Ukraine                                      56,77               407,5               78,3215    1
 3. Sieczka Wiktoria          Poland                                       72,46               455,0               76,3490    1

Juniors
 -43kg
  1. Holovko Dariia               2000    UKR     42,69    0,2364      2   92,5        97,5       102,5      1        42,5    47,5       50,0       2   95,0       100,0      105,0   1   255,0       60,28   12
  2. Kozmenchuk Oksana            2001    UKR     42,58    0,2369      1   92,5        100,0      100,0      2        55,0    57,5         X        1   75,0       85,0       95,0    2   252,5       59,82   9
 -47kg
  1. Kula Zuzanna                 1999    POL     46,93    0,2194      3   177,5-wj    185,0      185,0-c    1        105,0   110,5      110,5-wj   1   147,5      155,0      160,0   1   455,5 -wj   99,94   12
 -52kg
  1. Zhydkova Tetiana             2002    UKR     47,38    0,2178      4   130,0       130,0      140,0      1        80,0    80,0       85,0       1   95,0       110,0      120,0   1   335,0       72,96   12
 -57kg
  1. Dekermendzhy Hanna           1999    UKR     56,53    0,1927      5   165,0       165,0      165,0      1        65,0    90,0       100,0      1   135,0      142,5      162,5   1   407,5       78,53   12
  2. Kaniuka Alona                1998    UKR     56,62    0,1925      6   140,0       155,0      165,0      2        47,5    60,0       65,0       2   120,0      140,0      162,5   2   360,0       69,30   9
 -63kg
  1. Tjelta Marthe                1999    NOR     61,21    0,1836      9   170,0       180,0      185,0      1        100,0   105,0      110,0      1   170,0      177,5      182,5   1   467,5       85,83   12
  2. Slobodian Anita              2001    UKR     62,64    0,1811      8   165,0       172,5      180,0      2        95,0    100,0      105,0      2   162,5      170,0      175,0   2   455,0       82,40   9
 -69kg
  1. Slettnes Juliane             2001    NOR     68,11    0,1731     13 200,0-cj      215,5-wj   217,5      1        120,0   125,0      130,0      2   170,0-cj   180,0-cj   182,5   1   523,0       90,53   12
  2. Antoniuk Anastasiia          2002    UKR     65,75    0,1763     15 185,0         195,0      202,5      2        130,0   140,0-cj   145,0      1   150,0      160,0      170,0   2   512,5       90,35   9
  3. Pinionzh Kateryna            1998    UKR     68,86    0,1721     14 155,0         167,5      177,5      3        110,0   120,0      120,0      3   145,0      157,5      172,5   3   455,0       78,31   8
 -76kg
  1. Sitko Agata                  1999    POL     74,57    0,1655     16 200,0         210,0      225,0      1        165,0   173,0      173,0      1   200,0-wj   215,0-wj   225,0   1   590,0       97,64   12
  2. Rybak Paulina                1999    POL     69,35    0,1715     17 150,0         150,0      190,0      2        85,0    95,0       100,0      2   65,0       67,5       67,5    2   315,0       54,02   9
 -84kg
  1. Borshchevska Alona           1999    UKR     78,72    0,1615     10 160,0         172,5      185,0      1        115,0   115,0      130,0      1   150,0      162,5      175,0   1   477,5       77,12   12
 84+kg
  1. Kolata Karolina              1999    POL     91,36    0,1524     12 195,0         195,0      205,0      1        130,0   137,5      140,0      1   150,0      165,0      170,0   1   502,5       76,58   12
  2. Januszewska Izabella         2002    POL     84,09    0,1572     11 125,0         135,0      145,0      2        70,0    75,0       80,0       2   135,0      145,0      165,0   2   370,0       58,16   9

Team (points)
 1. Ukraine                                                      57   [12+12+12+12+9] 379,24 IPFGL Pts
 2. Poland                                                       54   [12+12+12+9+9] 386,35 IPFGL Pts
 3. Norway                                                       24   [12+12] 176,36 IPFGL Pts

Best Lifters of Juniors by IPF GL Formula
Rnk Lifter                     Team                                        Bwt                 Total              GL Points   C.Rnk
 1. Kula Zuzanna              Poland                                       46,93               455,5               99,9367    1
 2. Sitko Agata               Poland                                       74,57               590,0               97,6450    1
 3. Slettnes Juliane          Norway                                       68,11               523,0               90,5313    1

Abbreviations:
nb - New pers. bestlifts; n - National Record; c - Continental Record; w - World Record; cp - Competition's Record;
1..4 - Master's Record; j - Junior's Record; s - Subjunior's Record; ps. - Personally; X - the refused attempt.
DSQ - Disqualification; DR - Removed by a Doctor; TD - Technical Disqualification; DD - Doping Disqualification.

AUT = Austria                                                              GER = Germany                                                                ROU = Romania
CZE = Czechia                                                              ISL = Iceland                                                                SVK = Slovakia
DEN = Denmark                                                              NED = Netherlands                                                            UKR = Ukraine
EST = Estonia                                                              NOR = Norway
FRA = France                                                               POL = Poland
