                                                                           2012 USAPL Longhorn Open
                                                                   November 3, 2012 - University of Texas, Austin, Texas
                                                                              Meet Director: Kim Beckwith

                                                                             Women's Raw Powerlifting
                                                      Body     Weight            Squat                          Bench Press                    Deadlift                     Wilks
Place            Name         Age       Division                                                                                                                   Total
                                                      Weight    Class      1        2         3           1          2          3       1         2          3              Points
 1      Hannah Dolin          12    Youth 2            34.9      44       22.5     32.5       40         17.5       -25         25      40        45       -47.5   110.0   175.3281
 1      Cacie Mershon         38    Open                47       48       67.5     72.5       80         52.5      -57.5      -57.5     85        90       -97.5   222.5   299.2394
 1      Ashlee Alteri         19    Collegiate         50.6      52       72.5      80      82.5         47.5        50       -52.5    82.5      87.5     -102.5   220.0   280.0690
 1      Robin Pacholder       45    Masters (45-49)    54.8      56       92.5   -102.5    107.5         52.5        60       -62.5    125      -137.5      140    307.5   368.0002
 1      Laura McGuill*        21    Open               55.1      56       97.5    107.5     115           50         55       -57.5   122.5     137.5     142.5    312.5   372.3882
 2      Sonya Picarello       39    Open               54.3      56       77.5     82.5     87.5          45        -50         50     110      117.5       120    257.5   310.3810
 3      Jessica Doyle         29    Open                56       56        75       80                   37.5        40        42.5    100      112.5       125    247.5   291.2098
 1      Dana Parker           48    Masters (45-49)    58.8      60        80      87.5     92.5         42.5       47.5        50     110       120       -125    262.5   297.2900
 1      Dana Parker           48    Open               58.8      60        80      87.5     92.5         42.5       47.5        50     110       120       -125    262.5   297.2900
 2      April Coburn          31    Open               59.8      60        45      -55        60         32.5       37.5      -42.5    67.5       80         90    187.5   209.5830
 1      Shaina Petit**        23    Junior             65.4     67.5      125    -132.5    132.5          80       -87.5      -87.5   -142.5    142.5       155    367.5   383.8010
 1      Theresa Willis        42    Masters (40-44)    62.5     67.5      72.5     77.5    -82.5         42.5        45        47.5    110      117.5       120    245.0   264.7200
 1      Carolyn Olson         26    Open               63.3     67.5      87.5     92.5    102.5         47.5       52.5       57.5   122.5     137.5       150    310.0   331.7335
 2      Megan Smith           29    Open                61      67.5       90      97.5    102.5          50         55        -60    117.5     127.5     -132.5   285.0   313.7122
 3      Sarah Wiseman         25    Open               64.1     67.5       90       95      -100          45         50        52.5    115       120      127.5    275.0   291.5147
 4      Theresa Willis        42    Open               62.5     67.5      72.5     77.5    -82.5         42.5        45        47.5    110      117.5       120    245.0   264.7200
 1      Jenna Fitzgerald      23    Collegiate         73.2      75      -72.5     77.5      -85         37.5       42.5      -47.5   112.5      125      -142.5   245.0   236.5451
 1      Candace Brinkhoeter   32    Open               74.6      75       82.5      90      92.5          55       -62.5      -62.5    115      127.5       135    282.5   269.4604

                                                                          Women's Equipped Powerlifting
                                                      Body     Weight            Squat                       Bench Press                       Deadlift                     Wilks
Place            Name         Age       Division                                                                                                                   Total
                                                      Weight    Class      1        2         3          1        2        3            1         2         3               Points
 1      Autymn Robinette      15    Teen (14-15)       42.8      44       42.5     57.5       60         25     27.5      -30          42.5       50       57.5    145.0   207.8986
 1      Taylor Sweitzer       16    Teen (16-17)       46.9      48       62.5    -72.5      72.5        35     37.5      -40          82.5     87.5      -92.5    197.5   266.0251
 1      Kailin Cannon         19    Collegiate         53.5      56       72.5     82.5      87.5        45      -50      -50          92.5      100      107.5    240.0   292.6595
 1      Elizabeth Trejo       15    Teen (14-15)       57.2      60      102.5     110     -132.5      -57.5                          107.5
 1      Julie Barrera***      18    Teen (18-19)       58.7      60       97.5    107.5     117.5        55       60      62.5        112.5      120      137.5    317.5   360.0559
 1      D'Lan Lewis           14    Teen (14-15)       64.7     67.5     -82.5    -82.5     -82.5        30       35      -40          82.5       90      -100
 1      Bonnie Caudill        42    Masters (40-44)    73.1      75        85      87.5       90        52.5      55     -57.5        107.5     -110               252.5   244.0031
 1      Chandra Armstead      51    Masters (50-54)    70.5      75        60      72.5    -102.5        50       55       60         112.5     117.5     132.5    265.0   262.3488
 1      Chandra Armstead      51    Open               70.5      75        60      72.5    -102.5        50       55       60         112.5     117.5     132.5    265.0   262.3488
 1      Jaycee Lopez          14    Teen (14-15)       68.9      75      -87.5     87.5      -95         30       35       40         -102.5    102.5     107.5    235.0   236.3782
 1      Cursti Turner-Cope    15    Teen (14-15)       77.8     82.5      110     117.5      125         65     77.5     -82.5         115      122.5     -130     325.0   302.1598
 1      Sarah Walker          16    Teen (16-17)       80.9     82.5      115      125       135        57.5    67.5      72.5        107.5      115       130     337.5   306.9213
 1      KayDee Sexton            14 Teen (14-15)           83      90      92.5        105       115       52.5       57.5        62.5    102.5    115       130      307.5   275.8775
 2      Corinna Lyon             15 Teen (14-15)          86.5     90      87.5        105       -115       40         45        -52.5     115     -130      -130     265.0   232.9995
 1      Marissa Shepard          15 Teen (14-15)         136.1     90+     92.5       102.5      110       -45        -45          45     107.5    115       -125     270.0   211.0565

                                                                                  Men's Raw Powerlifting
                                                         Body     Weight              Squat                        Bench Press                    Deadlift                     Wilks
Place             Name           Age       Division                                                                                                                   Total
                                                         Weight    Class      1          2        3          1          2           3       1         2         3              Points
 1      Zachary Young            11    Youth 1            35.2       52      27.5       -35     37.5         20         25         27.5    47.5      55       62.5    127.5   203.1281
 1      Simon Gerst              12    Youth 2             51        52     -42.5       42.5     55         27.5       -35        -42.5    62.5      80       87.5    170.0   170.2747
 1      Marcus Payne             19    Teen (18-19)        60        60      125       -135     -135         80        87.5       -92.5   142.5     155      167.5    380.0   324.0922
 1      Landon Terry             19    Collegiate         66.1     67.5    -112.5      117.5    130         92.5     -102.5      -102.5   112.5     -125     142.5    365.0   286.2406
 1      Kevin Escalante          23    Junior              67      67.5     -145        145     -150        120       -125        -125    187.5     -195      -195    452.5   350.9756
 1      Shawn Frasquilla*        26    Open               67.4     67.5    182.5       -195     195        142.5       150         155     215      230       -240    580.0   447.7204
 1      Mat Shuler               16    Teen (16-17)       66.6     67.5     -97.5     -102.5   102.5        92.5       97.5        105     105     127.5     142.5    350.0   272.7931
 1      Bryton Machingura        24    Collegiate         73.7       75     -92.5       92.5    97.5       -102      -102.5      102.5    147.5     160       175     375.0   270.5233
 1      Hector Garcia            23    Junior             73.8       75      155       167.5    180         125      -132.5      -137.5   182.5     195      222.5    527.5   380.1685
 1      Duane Young              52    Masters (50-54)     75        75      140       147.5   -152.5        95      -102.5      -102.5    180     192.5      200     442.5   315.3080
 1      Al King                  64    Masters (60-64)    71.1       75    112.5       -120     120         57.5       -65          65    -115      120       125     310.0   229.5848
 1      Tim Lamando              33    Open               74.6       75      200        220                 115        125       -127.5   227.5     -245      245     590.0   421.9844
 2      Benjamin Shackelford     26    Open               71.2       75      150        160    -167.5       110        115         120     185     197.5     202.5    482.5   356.9619
 3      Matthew Arnold           28    Open               74.6       75    147.5        155     165         110        125       -132.5    165      180       190     480.0   343.3093
 4      Brook Jones              38    Open               71.6       75    147.5        155     160        102.5      -105        -105     180      185      192.5    455.0   335.2149
 1      Anthony McGuill          14    Teen (14-15)       72.6       75      72.5       77.5     90          60        -65          65     115     122.5     132.5    287.5   209.6622
 1      Rory Tatum               24    Collegiate         82.3     82.5      200       -210     210         115      -122.5         0      195      215       -225    540.0   362.2768
 2      Benigno Paz              18    Collegiate         76.3     82.5      100        115     -125         75        -85         -85     150      165      177.5    367.5   258.7911
 3      Jason Vickery            20    Collegiate          77      82.5      100        115     125         87.5      -92.5       -92.5    120     137.5      -155    350.0   244.9551
 1      Jim Klostergaard         64    Masters (60-64)    82.3     82.5    127.5        140     150         130       -141          0      170      185       195     465.0   311.9606
 1      Ramiro Espinosa          24    Open               80.1     82.5      165       172.5   187.5        125       137.5      152.5     205     222.5      245     585.0   399.0646
 2      Ben Pollack              25    Open               80.9     82.5      170        180     190         125        130          0      235      -275      -275    555.0   376.2587
 3      Rory Tatum               24    Open               82.3     82.5      200       -210     210         115      -122.5         0      195      215       -225    540.0   362.2768
 4      Christopher Adams        32    Open               80.2     82.5      135       147.5   -157.5        75       -87.5       -87.5    150      165       180     402.5   274.3548
 1      Jeff Tirrell             26    Open               88.5       90      165       177.5    -185       117.5      127.5      -132.5   207.5     230       -235    535.0   344.5229
 2      Thore Karlsen            34    Open               86.7       90      165       182.5   192.5        125       -135        -135    207.5    -227.5    -227.5   525.0   341.8324
 3      Tanner Scarcell-Autrey   27    Open               83.1       90      160      -177.5   -177.5       115       -125        -125     180      205       -220    480.0   320.1714
 1      Greg Johnson             22    Collegiate         92.7      100      220       232.5   -242.5      142.5      -150        -150     305     317.5     -332.5   692.5   435.6912
 1      Joe Lucio                65    Masters (65-69)    92.1      100      140        150    157.5         95       102.5         0      160      175      182.5    442.5   279.2730
 1      Richard Kuriger          70    Masters (70-74)    90.8      100      62.5        70      75         42.5        45        -47.5    105      115       120     240.0   152.5329
 1      Ryan Delacruz            18    Open               92.2      100    222.5       242.5    -260        120        125        -130     245     257.5     272.5    640.0   403.7083
 2      Howard Davison           25    Open               93.3      100    167.5        190     200        127.5      132.5       -140     215      225       230     562.5   352.8194
 3      Tim Weinzirl             28    Open               92.8      100      155        160     165          85        87.5        92.5    190      200      207.5    465.0   292.4075
 4      Nicholas Sanchez         29    Open               98.5      100      110        125     -140       112.5     -117.5      -117.5    125     137.5      150     387.5   237.2843
 1      James Meador            20    Collegiate        101.1     110     237.5     -252.5    -252.5     130       140        -147.5   237.5    252.5     262.5     640    387.8216
 2      Zachery Williams        24    Collegiate        108.1     110     157.5      185      -207.5    -187.5     195         -205    182.5     205      227.5    607.5   359.4745
 1      William LeBlanc**       21    Junior            104.1     110      260      272.5      285       145       150        157.5     275      290       300     742.5   445.0417
 2      James Meador            20    Junior            101.1     110     237.5     -252.5    -252.5     130       140        -147.5   237.5    252.5     262.5     640    387.8216
 1      Eric Garnel             44    Masters (40-44)   108.2     110      190       -210      210       145      -152.5      -152.5    200     212.5     217.5    572.5   338.6631
 2      Todd Mensing            40    Masters (40-44)   106.7     110     182.5      190       -195      150       155         -160     200      210       215      560    332.7916
 3      James Brosnan           43    Masters (40-44)   107.3     110      175       185      192.5     137.5     -142.5      142.5    182.5    187.5     192.5    527.5   312.8938
 1      Seneca Sarnella         32    Open              109.2     110     232.5     252.5      -265      150       -165       -167.5    275                        677.5   399.6068
 2      Josh Price              29    Open              101.8     110     197.5     212.5     -217.5    -152.5    157.5       162.5    -230     237.5     250       625    377.7272
 3      Charles Gonzales        28    Open              101.3     110      190       195      -202.5    132.5      135        -137.5    235     -250      250       580    351.1943
 4      J.J. Natal              25    Open              108.5     110     192.5      210       215       130      -132.5      132.5    232.5    -255      -255      580    342.7953
 5      Todd Mensing            40    Open              106.7     110     182.5      190       -195      150       155         -160     200      210      215       560    332.7916
 1      Ashley Achison          36    Open               114      125      195       200       210       170       -175        -175     240     247.5     -250     627.5   365.4716
 2      Jonathan Vechet         27    Open              110.6     125      160       170       185      112.5      125        127.5     175      190      230      542.5   318.7302

                                                                             Men's Equipped Powerlifting
                                                        Body     Weight             Squat                       Bench Press                    Deadlift                     Wilks
Place            Name           Age       Division                                                                                                                 Total
                                                        Weight    Class      1         2         3          1        2           3       1        2          3              Points
 1      Xaviar Clark            23    Collegiate         59.3       60     145       -160      -160      102.5    -112.5        115    176.5    182.5      195     455.0   392.2623
 1      Gustavo Maldonado       18    Collegiate         65.9     67.5     -180      -180      180        87.5      97.5       -105     180     -192.5    192.5    470.0   369.5028
 1      Michael Hafenbrack***   28    Open               66.6     67.5     240       250       260       137.5      145       152.5    237.5     250       -260    662.5   516.3583
 1      Jerry Pena              17    Teen (16-17)       66.5     67.5    172.5     182.5     -192.5      82.5      92.5       -97.5   182.5    192.5      205     480.0   374.5740
 1      Logan Schults           18    Collegiate          74        75    207.5      -215      -215      -142.5   -142.5      -142.5    165      170      182.5
 1      Samuel Becerra          35    Open                75        75     165       170      -182.5      -120      120       -122.5    180      185      187.5    477.5   340.2476
 1      Rickey Williams         22    Collegiate         76.4     82.5     265      282.5      295       132.5    -142.5      -142.5   262.5    -282.5    -282.5   690.0   485.4621
 1      Terry Cruce             55    Masters (55-59)    76.5     82.5    -192.5     195       -220       120      -125                 140                        455.0   319.8404
 1      Michael Bailey          21    Open                78      82.5     -145      150      157.5      102.5     -110       -110     187.5    207.5     -222.5   467.5   324.4034
 2      Terry Cruce             55    Open               76.5     82.5    -192.5     195       -220       120      -125                 140                        455.0   319.8404
 1      Benjamin Nevares        16    Teen (16-17)       81.9     82.5     185       -200     -227.5     -137.5    137.5      -147.5   227.5     250       265     587.5   395.3051
 -      Abram Guerra            17    Teen (16-17)       82.5     82.5     280       -290      290        160       170        -180    -240     -240       -240
 1      Duane Madere            50    Masters (50-54)    86.4       90     245      257.5      -265       155       160       -167.5   227.5     235       240     657.5   428.9201
 1      Duane Madere            50    Open               86.4       90     245      257.5      -265       155       160       -167.5   227.5     235       240     657.5   428.9201
 1      Erasmo Canales          17    Teen (16-17)       84.2       90    197.5      -205      -205      137.5      145         155     195     -210       210     562.5   372.3276
 1      Brandon Gardner         23    Collegiate         92.7      100     190      207.5      -220       125       135       -142.5   222.5    232.5     -242.5   575.0   361.7653
 1      Wes Zunker              28    Open               99.1      100     -295      295       305        215      227.5      -232.5    250     272.5      285     817.5   499.3429
 2      Alex Jowett             24    Open               97.3      100     235      247.5      255        160      167.5        175     235      250       -265    680.0   418.5515
 1      Chris Vickery****       21    Collegiate        102.5      110    -332.5    332.5     347.5      227.5     -235        -235     265     287.5     -292.5   862.5   519.9146
 2      Hunter Heins            19    Collegiate        109.8      110     215       -230      230        130     -137.5      -137.5    220     232.5     242.5    602.5   354.7655
 3      Jose Alaniz             18    Collegiate        107.1      110     145       160       -170       92.5     -97.5       -97.5    165      175      182.5     435    258.1854
 1      Marcus Warren           38    Open              101.9      110    212.5     227.5      250        200     -222.5      -222.5   227.5     250       -265     700    422.8962
 1      Austin Schilling        22    Collegiate        121.7      125    267.5     282.5     287.5       -205     -205         205    222.5    242.5      -260     735    421.2206
 -      Byron Nichols     46    Masters (45-49)   123.2     125        305         325        330      -265      -265     -265     275     295    -300
 1      Ed McKelvey       35    Open              119.9     125        255        272.5      282.5     -215      -215     215      255     275    -280   772.5   444.2129
 2      Paul Allen        26    Open               120      125        235        -245        -245     175      182.5    -187.5   262.5   272.5   290    707.5   406.7569
 3      Robert Mullener   38    Open              120.8     125        225        -235        -240     165      -172.5   -172.5    220     230    235     625    358.7779
 -      Byron Nichols     46    Open              123.2     125        305         325        330      -265      -265     -265     275     295    -300
 1      Daniel Bass       19    Teen (18-19)      116.4     125       287.5       -305       -317.5   -152.5    152.5    157.5    217.5   232.5   240     685    396.7614
 1      Justin Gray       26    Open              135.9     125+       250         265        275      205      -217.5   217.5     265     285    300    792.5   444.8877
 2      Ryan Carillo      21    Open              152.1     125+      257.5       277.5      -297.5   237.5     267.5    277.5     215     225    -240    780    430.7259

                                    Women's Raw Bench Press Only
                                                Body     Weight                Bench Press
Place             Name    Age       Division                                                          Best BP
                                               Weight     Class        1           2          3
 1      Christina Witt    46                     63.6      67.5       62.5         65         70        70

                                  Women's Equipped Bench Press Only
                                                 Body     Weight               Bench Press
Place             Name    Age      Division                                                           Best BP
                                                Weight     Class       1           2           3
 1      Elena Astello     19                     57.6       60        42.5        47.5        -50      47.5
 1      Jade Dickens      38                     95.2       90+        80         87.5        -95      87.5

                                      Men's Raw Bench Press Only
                                                  Body     Weight              Bench Press
Place             Name    Age       Division                                                          Best BP
                                                 Weight     Class       1           2         3
 1      Lester Marks      59                      59.2        60       82.5       87.5      -92.5       87.5
 1      Sam Felts         60                      63.5       67.5     -112.5      -115      -115         0
 1      Luis Perez        21                        76       82.5      165       -167.5    -167.5       165
 1      Kyle Jones        23                      96.3       100      147.5       -155      -155       147.5
 1      Ashley Achison    36                       114       125       170        -175      -175        170

                                    Men's Equipped Bench Press Only
                                                  Body     Weight              Bench Press
Place             Name    Age       Division                                                          Best BP
                                                 Weight     Class       1          2         3
 1      Justin Barnett    21                       66.7      67.5     132.5      -142.5    -142.5      132.5
 1      Duane Madere      50                       86.4       90       155        160      -167.5       160
