  25/11/2017                                           British Junior Classic Championships 2017
                          Bwt    WtCls                                    Best                           Best    Sub                               Best
Name               Team                lot# Age SQ-1     SQ-2    SQ-3             BP-1   BP-2    BP-3                    DL-1     DL-2    DL-3             TOTAL   Wilks     Placing
                          (kg)    (kg)                                     SQ                             BP     Total                              DL

Shannon Tong       GL     46.7    47    1   U23   95     -102.5 -102.5     95      50    52.5    57.5    57.5    152.5   -105     -105    -105      0        0      0.000


Tiarna Peace       GL     51.8    52    4   U23 107.5    117.5 -122.5 117.5        50     55     -57.5    55     172.5    110     117.5 -127.5 117.5        290    362.616     1st
Maris Vasenius     SC     50.9    52    3   U23   95      105    -110     105      55     60     -62.5    60     165     -107.5    110    -120     110      275    348.508    2nd
Damini Makwana     GL     51.8    52    5   U23   100     105    -107.5   105      50    -55     -55      50     155      115     117.5   -120     117.5   272.5   340.734     3rd
Rachael Kirwan     SC     51      52    2   U23   67.5   72.5    77.5     77.5    47.5    50     -52.5    50     127.5   102.5     110     115     115     242.5   306.860     4th


Catherine Smith    SM     55.3    57   11   U23 117.5     125     130     130      55     60     62.5    62.5    192.5    150     162.5   175.5    175.5    368    437.294     1st
Elspeth McLeod     YNE    56.7    57   12   U23 122.5     130    -132.5   130      -70    75      78      78     208      145      155     160     160      368    428.794    2nd
Hannah Chan        GL     56.5    57   13   U23   -130    130    132.5    132.5   72.5    75     78.5    78.5    211     142.5     150     155     155      366    427.634     3rd
Moya Williams      GL     55.2    57    8   U23   95      100     105     105      50     55      60      60     165     147.5     160     168     168      333    396.270     4th
Elizabeth Pipe     SE     56.6    57    9   U23   105     110    -112.5   110     62.5   -65     -65     62.5    172.5    145      155     160     160     332.5   387.961     5th
Emily Dodd         SE     55.8    57    6   U23 102.5     110    -112.5   110     62.5   67.5    -72.5   67.5    177.5   137.5     145    -150     145     322.5   380.518     6th
Soomin Jun         NM     56.8    57    4   U23 102.5     110     115     115     52.5    55     57.5    57.5    172.5   122.5     130     135     135     307.5   357.807     7th
Bianca Mourik      SC     55.8    57    7   U23   105     115    -120     115      55    -60      60      60     175      120      130    -140     130      305    359.870     8th
Daria Khoyi        SW     56.2    57   10   U23   100     105    -110     105      60    62.5     65      65     170     107.5     115    122.5    122.5   292.5   343.190     9th
Arwah Taha         WM     56.8    57    3   U23 102.5 -112.5 -112.5 102.5         52.5   57.5    -60     57.5    160      120     -130     130     130      290    337.444    10th
Katie Rusman       SE     56.4    57    9   U23   100    -105    -105     100     42.5   -47.5   -47.5   42.5    142.5    115     122.5    130     130     272.5   318.852    11th
Luisa Vargas       GL     55.7    57    8   U23   92.5   -97.5   -97.5    92.5    47.5    50     -52.5    50     142.5    110      115    -120     115     257.5   304.262    12th
Sarah Barron       NM     56.9    57    7   U23   90     92.5     95       95     47.5   52.5    -57.5   52.5    147.5    95       100    107.5    107.5    255    296.310    13th
Lydia Forrest      SE     56.6    57    6   U23   87.5    95      100     100      35     40     42.5    42.5    142.5    90       100    -107.5   100     242.5   282.949    14th


Daniel Jay         SM     58.8    59    4   U23   140    147.5   -155     147.5   107.5 -112.5   -115    107.5   255      210     -217.5 -217.5    210      465    404.039     1st
Kieran Stiles      GL     58.6    59    5   U23   145    152.5   -160     152.5    90    100     105     105     257.5    190      200    -210     200     457.5   398.803    2nd
Daniel Meston      SE     58.6    59    6   U23   140     150    -155     150     -105   105     -110    105     255      190      200    -210     200      455    396.623     3rd
Graham Hayes       NW     58.4    59    3   U23   140    147.5   -150     147.5   -100   -100    100     100     247.5    145     157.5   -165     157.5    405    354.172     4th
Azmat Habibullah   GL     57.6    59    2   U23 147.5     155    -162.5   155      75    -80     -80      75     230     162.5    172.5 -182.5 172.5       402.5   356.575     5th
Robin Bermudez     NM     54.7    59    1   U23   130    137.5   142.5    142.5    80     85     -90      85     227.5    140      150    -152.5   150     377.5   351.717     6th
  25/11/2017                                                 British Junior Classic Championships 2017
                                   Bwt    WtCls                                   Best                              Best    Sub                              Best
Name                        Team                lot# Age SQ-1    SQ-2    SQ-3             BP-1     BP-2    BP-3                     DL-1    DL-2    DL-3             TOTAL   Wilks     Placing
                                   (kg)    (kg)                                    SQ                                BP     Total                             DL


Daniel Sherman              YNE    65.4    66   11   U23   180   197.5 -202.5 197.5        100     107.5   112.5    112.5   310     230     253     -273.5   253      563    445.389     1st
Elliot Stone                SW     64.5    66   13   U23 -192.5 202.5     210     210     117.5    125     -130     125     335     207.5   217.5   -230     217.5   552.5   442.221    2nd
Ploutis Koumi               WM     64.6    66   10   U23   170    180    187.5    187.5    110     117.5   -120     117.5   305     215     227.5 -232.5 227.5       532.5   425.627     3rd
Jack Roach                  GL     65.3    66    8   U23 142.5 -152.5 152.5       152.5   77.5     82.5     -90     82.5    235     170     190     -200     190      425    336.685     4th


Jack Suljevic               SW     73.4    74   10   U23   215    225    -230     225      120     125      130     130     355     240     255     267.5    267.5   622.5   450.379     5th
Nathan Winsala              GL     72.8    74    9   U23   210    225    -236.5   225      110     117.5   122.5    122.5   347.5   240     257.5   -275     257.5    605    440.319     6th
William Sharp               YNE    73      74    7   U23   190    200    207.5    207.5    125     132.5   137.5    137.5   345     225     235     242.5    242.5   587.5   426.760     7th
Lok Yin Nicolaus Yeung      NW     73.5    74    3   U23   200    210    -215     210      115     122.5   127.5    127.5   337.5   220     235      250     250     587.5   424.645     8th
Omar Khan                   SC     72.2    74    6   U23   190    200     205     205     -112.5 112.5      120     120     325     225     240     -252.5   240      565    413.693     9th
Tim Rew                     SW     72.2    74    5   U23 177.5    190     200     200     -107.5   115     122.5    122.5   322.5   212.5   227.5    240     240     562.5   411.863    10th
James Vickers               SM     73.4    74    2   U23   175   187.5    195     195      130     137.5   142.5    142.5   337.5   210     -225     225     225     562.5   406.969    11th
Keen That Thammathhataree   SC     72.6    74    8   U23   190    200    207.5    207.5    115     122.5 -127.5 122.5       330     227.5   -240    -252.5 227.5     557.5   406.585    12th
David Carleton               NI    69.5    74    4   U23   180    190     195     195      130     137.5 -142.5 137.5       332.5   210     222.5   -230     222.5    555    418.192    13th
Mark Harvey                 NM     72.2    74    9   U23 187.5    195    -200     195      120     125       0      125     320     195     205      215     215      535    391.727    14th
Jordan Partington           SW     71.8    74    8   U23   175   187.5   197.5    197.5    115     122.5   127.5    127.5   325     180     195      205     205      530    389.656    15th
Ramsay Kirkhy               GL     73.6    74    1   U23   170    180    -187.5   180     112.5    117.5   122.5    122.5   302.5   192.5   202.5   212.5    212.5    515    371.882    16th
Chris Protacio              SC     71.7    74    7   U23   155    165    -172.5   165     102.5    110     -112.5   110     275     185     195     202.5    202.5   477.5   351.440    17th
Ben Streatfield             SE     72.2    74   10   U23 162.5    170    -175     170      100     102.5   107.5    107.5   277.5   200     -210    -210     200     477.5   349.626    18th
Daryl Brooks                SE     73      74    3   U23 142.5   152.5    160     160     92.5     97.5     100     100     260     185     197.5   207.5    207.5   467.5   339.592    19th
Syazwan Zulkofli            SE     69.4    74    4   U23 157.5    165    -167.5   165      90       95     -100      95     260     -205    -205     205     205      465    350.796    20th
Syed Saad Naveed            SE     73      74    2   U23   145   -152.5 -152.5    145     82.5     87.5     90       90     235     205     215     -227.5   215      450    326.880    21st
Josh Morgan                 YNE    73.3    74    5   U23   155   162.5   -170     162.5    100     107.5   -110     107.5   270     175     -190    -200     175      445    322.269    22nd
  26/11/2017                                                  British Junior Classic Championships 2017
                               Bwt     WtCls                                   Best                            Best   Sub                            Best
Name                    Team                 lot# Age SQ-1     SQ-2    SQ-3            BP-1    BP-2    BP-3                   DL-1   DL-2    DL-3            TOTAL   Wilks     Placing
                               (kg)     (kg)                                    SQ                              BP    Total                           DL

Jaime Lee Fuller        SW     51.1     52    1    U18   60     65      70      70      35     37.5    42.5    42.5   112.5    70    77.5     -85    77.5     190    240.065     1st


Jaimee-Lee Bowles       SC      56      57    4    U18   85     90      -95     90      40      50      55      55    145      90    100     110     110      255    300.033     1st
Anouska Bridgeman       WM     56.1     57    3    U18   70     80      85      85      30      35     37.5    37.5   122.5   100    110     115     115     237.5   279.062    2nd


Lucy Robinson           YNE    59.6     63    6    U18   110    120    130     130      50      55      60      60    190     140    150     158     158      348    390.004     1st
Amelia Maycock          NM     59.3     63    5    U18   85    92.5    100     100      50     52.5    -55     52.5   152.5   130    145     150     150     302.5   340.343    2nd


Mariella Fisher         NW     64.8     72    8    U18   135    145    152.5   152.5   72.5    77.5     80      80    225     160    175     180     180     412.5   433.740     1st
Alice Francis-Freeman   SC     69.9     72    7    U18   135   142.5   150     150      80      -85     85      85    235     150    162.5   167.5   167.5   402.5   400.810    2nd


Danielle Ellington      EM     81.3     84    10   U18   130    140    -145    140      70      75      80      80    220     180    190     -200    190      410    371.870     1st
Christie McCart         SC     77.3     84    9    U18 127.5   132.5   137.5   137.5   57.5    62.5    -65     62.5   200     135    145     150     150      350    326.655    2nd


Abi-Louise Lane         SW     113.9    84+   11   U18   -85    85      95      95     42.5     45     -52.5    45    140     120    127.5   132.5   132.5   272.5   220.016     1st


Kai Gajewiak            SW      59      59    2    U18   145    150    152.5   150     102.5   107.5   110     110    260     145    150     160     160      420    363.804     1st
Callum McGovern         NW      57      59    1    U18   110    115    120     120      -70    -72.5   -72.5    0       0     145    150     155     155       0      0.000


Jacob Melvin            WM     60.2     66    8    U18   135   142.5   150     150      90      95     -100     95    245     175    182.5 -192.5 182.5      427.5   363.503     1st
Jake Richardson         EM     63.6     66    7    U18   140    145    150     150     82.5     85     87.5    87.5   237.5   175    182.5   190     190     427.5   346.275    2nd
Chris Marshall          YNE    60.6     66    9    U18   125    130    135     135     100     102.5   105     105    240     170    180     182.5   182.5   422.5   357.097     3rd
Samuel Stafford         NW     63.9     66    5    U18   120    125    130     130      85      90     92.5    92.5   222.5   160    -165    165     165     387.5   312.596     4th
Luis Corbo              SE     63.4     66    6    U18 127.5   132.5   137.5   137.5    70      75     -77.5    75    212.5   160    170     -175    170     382.5   310.667     5th
Benjamin Hemmati        SC     64.4     66    3    U18   95     100    107.5   107.5    75      80      85      85    192.5   120    130     137.5   137.5    330    264.462     6th
Ben Hartley             NM     63.9     66    4    U18   100    110    115     115      60     67.5     70      70    185     120    135     140     140      325    262.177     7th
  26/11/2017                                            British Junior Classic Championships 2017
                           Bwt     WtCls                                     Best                             Best    Sub                              Best
Name                Team                 lot# Age SQ-1      SQ-2    SQ-3             BP-1    BP-2    BP-3                     DL-1    DL-2    DL-3             TOTAL   Wilks     Placing
                           (kg)     (kg)                                      SQ                               BP     Total                             DL

Callum Field        SC     70.1     74    7    U18 167.5    -175    -175     167.5   110      115    -117.5   115     282.5   220     235      245     245     527.5   394.887     1st
Benjamin Sugarman   EM      72      74    8    U18   195    -205    -205     195      -90    97.5      0      97.5    292.5   225     235     -237.5   235     527.5   387.027    2nd
Ollie Walker        SE     70.7     74    6    U18   160    165     -172.5   165     105      110    -115     110     275     205     215      225     225      500    371.850     3rd
Will Skinner        SE     72.1     74    5    U18   145    157.5    165     165      80      90      -95      90     255     207.5   220     227.5    227.5   482.5   353.672     4th
Shariq Haidery      NW     70.5     74    3    U18   140    145     -152.5   145      -70     70      -80      70     215     180     190     -200     190      405    301.846     5th
Joe Gould           NW     71.2     74    1    U18 132.5    142.5 -152.5 142.5       77.5    82.5     -85     82.5    225     145     155      160     160      385    284.823     6th


Kirill Sakharov      NI    82.5     83    8    U18   185    195      205     205     132.5    140     145     145     350     177.5   190      200     200      550    368.445     1st
Dan Frampton        NW     81.3     83    5    U18   170    180      185     185     -125    132.5   137.5    137.5   322.5   195     207.5    215     215     537.5   363.296    2nd
Lloyd Owen          SC     80.9     83    6    U18   190    200     -207.5   200     100      110     115     115     315     200     210      215     215      530    359.287     3rd
Lewis Kelly         SC     82.6     83    7    U18   175    -190    -190     175     107.5   117.5 -122.5 117.5       292.5   205     215     227.5    227.5    520    348.088     4th
Marshall Packer     SE     82.3     83    3    U18   180    190     -200     190     100      110    -117.5   110     300     190     205     217.5    217.5   517.5   347.191     5th
Matt Archer         NW      81      83    4    U18   145    152.5    160     160     92.5    97.5      0      97.5    257.5   165     175      180     180     437.5   296.362     6th
Benedict Foster     SW     80.2     83    2    U18   140    150     -160     150     100     107.5 -112.5 107.5       257.5   155     165      175     175     432.5   294.792     7th
Matthew McKenzie    SE     81.2     83    1    U18   110    122.5    130     130     87.5    92.5    -100     92.5    222.5   130     142.5    150     150     372.5   251.959     8th


Luke Tolman         SW     87.4     93    6    U18 222.5    232.5    240     240     175      185     190     190     430     247.5   260     -270     260      690    447.327     1st
Michael Pierides    GL     90.8     93    4    U18 212.5    225     237.5    237.5   122.5    130    -140     130     367.5   217.5   232.5    245     245     612.5   389.305    2nd
Edward Harber       YNE    92.2     93    3    U18   190    200      205     205     137.5    145     150     150     355     200     212.5    220     220      575    362.710     3rd
George Hurt         SE      91      93    5    U18   180    190      200     200     125     -132.5 -132.5    125     325     210     220      230     230      555    352.369     4th
Ryddian Rees         W     90.2     93    1    U18   145    155     157.5    157.5   107.5   112.5 -117.5 112.5       270     170     180     -190     180      450    286.965     5th


Edwin Lord          SM     103.1    105   10   U18 212.5    225      235     235     137.5   147.5    155     155     390     257.5   272.5    285     285      675    406.012     1st
Ollie Clarke        EM     104.2    105   9    U18   -225   235     -245     235     145     152.5   -160     152.5   387.5   235     -245    -245     235     622.5   373.002    2nd
Issac Fox           NW      96      105   7    U18   -175   175      190     190     100      105    -110     105     295     195     197.5   -235     197.5   492.5   304.907     3rd
  26/11/2017                                                    British Junior Classic Championships 2017
                                 Bwt     WtCls                                     Best                            Best    Sub                              Best
Name                      Team                 lot# Age SQ-1      SQ-2    SQ-3             BP-1    BP-2    BP-3                    DL-1     DL-2    DL-3            TOTAL   Wilks     Placing
                                 (kg)     (kg)                                      SQ                              BP     Total                             DL

Lee Mccafferty             NI    112.8    120   12   U18   160     170     180     180     100     107.5   -115    107.5   287.5   177.5    190     205     205     492.5   287.669     1st
Ray Bowring               SM     114.7    120   11   U18   160     170     180     180      85     92.5    100     100     280      180     200     -215    200      480    279.120    2nd

Bradley May               SE     126.3   120+   14   U18   285     300    -310     300     150     160     -170    160     460      250     270     285     285      745    423.682     1st
Ian Lucy                  GL     131     120+   13   U18   160     175    182.5    182.5    95     -97.5   110     110     292.5    180     205     215     215     507.5   286.636    2nd

Bobbie Butters            NW     61.8     63    11   U23   145     155    -162.5   155      85      90     -92.5    90     245     152.5    162.5 -167.5 162.5      407.5   444.094     1st
Emily Lloyd Whittington   NW     62.1     63    10   U23 142.5 -147.5 147.5        147.5   72.5    77.5    -80     77.5    225      160     170     175     175      400    434.320    2nd
Moa Wikner                GL     61.2     63    8    U23   125    -130     130     130      70     72.5    -75     72.5    202.5    145     155     162.5   162.5    365    400.770     3rd
Karen Lai                 GL     62.4     63    5    U23 137.5 -142.5 -142.5 137.5         -72.5   72.5    -77.5   72.5    210      145     150     155     155      365    394.857     4th
Jordan Wemyss             SC     61.5     63    4    U23 117.5    122.5   127.5    127.5   67.5    72.5     75      75     202.5   132.5    135     140     140     342.5   374.661     5th
Victoria Hammond          NM     62.5     63    9    U23   125    -132.5 -132.5    125     62.5     -65    -65     62.5    187.5    155     -160    -160    155     342.5   370.071     6th
Natalie Cameron           GL     62.4     63    10   U23   92.5   97.5    102.5    102.5    65      70     72.5    72.5    175      140     150     160     160      335    362.403     7th
Suzanne Goulder           EM     61.6     63    6    U23 112.5    117.5    120     120      70     -72.5   -72.5    70     190      130     137.5   -145    137.5   327.5   357.794     8th
Ida Petersson             SC     61.6     63    2    U23 107.5 -112.5 -112.5 107.5          60      -65    -67.5    60     167.5    145     -150    -150    145     312.5   341.406     9th
Nicole Vaughan            NM     62.2     63    9    U23   115    -117.5 -117.5    115      50      55     -57.5    55     170      130     137.5   142.5   142.5   312.5   338.875    10th
Jennifer Newton           SC     58.9     63    3    U23   97.5   102.5   107.5    107.5   57.5     60     62.5    62.5    170      130     140     -145    140      310    350.610    11th
Lucy Hart                 EM     58.8     63    6    U23 107.5    112.5   117.5    117.5   52.5     55     57.5    57.5    175      125     132.5 -137.5 132.5      307.5   348.244    12th
Lauren Randall            SW     59.4     63    8    U23   87.5    95      100     100      50      55     -57.5    55     155     127.5    137.5   145     145      300    337.080    13th
Yandra Banks Brown        SC     62.6     63    7    U23 117.5    122.5   -125     122.5    45      -50    -50      45     167.5   -122.5   125     -135    125     292.5   315.666    14th
Sarah Pearson             NW     57.1     63    1    U23   100     105    -112.5   105     52.5     55     57.5    57.5    162.5    115     120     125     125     287.5   333.155    15th
Caroline Baumer           NM     57.6     63    4    U23   95     102.5    105     105     47.5    -52.5   -52.5   47.5    152.5    125     130     -135    130     282.5   325.129    16th
Tiegan Vasey              YNE     61      63    2    U23   92.5    100    -105     100     42.5     45     47.5    47.5    147.5    100     107.5   115     115     262.5   288.934    17th
Elis Harrington           SM     57.1     63    3    U23   90     97.5    -100     97.5    42.5    -47.5   47.5    47.5    145     107.5    -115    -115    107.5   252.5   292.597    18th
Jasmin Hayles             SW     58.2     63    1    U23   85     87.5    -92.5    87.5    47.5    -52.5   -52.5   47.5    135      95      100     102.5   102.5   237.5   271.130    19th
  26/11/2017                                               British Junior Classic Championships 2017
                              Bwt    WtCls                                    Best                           Best   Sub                             Best
Name                   Team                lot# Age SQ-1     SQ-2     SQ-3            BP-1   BP-2    BP-3                   DL-1    DL-2    DL-3            TOTAL   Wilks     Placing
                              (kg)    (kg)                                     SQ                             BP    Total                            DL

Holly Bryans           NM     70.7    72    5   U23   140     145     153     153      70     75     77.5    77.5   230.5   160     175     182.5   182.5    413    408.085     1st
Rachel Hughes          YNE    70.5    72    6   U23 132.5    -140     142.5   142.5    80     85     -90      85    227.5   165     175     -188    175     402.5   398.475    2nd
Abigail McLean          NI    71.4    72    7   U23   130    -140     140     140      70    72.5     75      75    215     170     -180    180     180      395    387.693     3rd
Lydia Charles          GL     70.6    72    2   U23   130    137.5    145     145     62.5    70     -75      70    215     167.5   177.5 -187.5 177.5      392.5   388.183     4th
Kara Swankie           SC     70.7    72    8   U23   135    142.5 -147.5 142.5       67.5    75     -80      75    217.5   167.5   175     -180    175     392.5   387.829     5th
Emily Greenway         SW     70.2    72    3   U23   140    -150     150     150     62.5   67.5     70      70    220     145     155     165     165      385    382.267     6th
Rosie Howard           SE     67.6    72    4   U23 117.5     125     -130    125      60    67.5    -72.5   67.5   192.5   167.5   177.5   186     186     378.5   385.881     7th
Elizabeth Mills        SE     68.6    72    9   U23   120    -127.5 127.5     127.5    65     70     -75      70    197.5   160     170     179     179     376.5   379.888     8th
Molly Tweedle          SC     66.6    72   10   U23   130    137.5    -140    137.5   67.5   72.5     75      75    212.5   140     150     155     155     367.5   378.745     9th
Eve Fordyce            SC     69.2    72    1   U23 112.5    -120     -120    112.5    70    -72.5   72.5    72.5   185     170     179.5 -182.5 179.5      364.5   365.521    10th
Syeda Bukhari          GL     71.4    72   14   U23   115     125     130     130     52.5   57.5    -62.5   57.5   187.5   135     145     -150    145     332.5   326.349    11th
Drew Fackrell          SW     71      72    8   U23   120    -127.5 -127.5    120     57.5   62.5    -65     62.5   182.5   135     142.5 -147.5 142.5       325    320.190    12th
Annina Jansson         SC     65.7    72    6   U23   115    -122.5   -125    115     62.5    65     67.5    67.5   182.5   137.5 -147.5 -147.5 137.5        320    333.056    13th
Rachel Steedman        SC     68.9    72    7   U23   95     102.5    110     110      65     70      75      75    185     120     127.5   132.5   132.5   317.5   319.373    14th
Megan McEveley         EM     68.6    72   11   U23   110     115     -120    115      55    -57.5   57.5    57.5   172.5   117.5   127.5   132.5   132.5    305    307.745    15th
Phoebe Thorpe          GL     71.3    72    2   U23   95     107.5    112.5   112.5    55     60     62.5    62.5   175     115     125     130     130      305    299.632    16th
Hannah Louise Graham   NM     71.3    72    3   U23   90     92.5      95      95      55     60     -60      60    155     110     130     145     145      300    294.720    17th
Leah Mears             SC     69.6    72    1   U23   97.5   107.5    -110    107.5   42.5   47.5    -50     47.5   155     110     120     -130    120      275    274.670    18th
Shona Hughes           SE     66.6    72    4   U23   95     97.5     100     100      45    -50     -50      45    145     117.5   120     125     125      270    278.262    19th
  26/11/2017                                               British Junior Classic Championships 2017
                            Bwt     WtCls                                    Best                          Best   Sub                             Best
Name                 Team                 lot# Age SQ-1     SQ-2    SQ-3             BP-1   BP-2   BP-3                   DL-1    DL-2    DL-3            TOTAL   Wilks     Placing
                            (kg)     (kg)                                     SQ                            BP    Total                            DL

Chrystal Williams    NW      81      84    9    U23 172.5   182.5 -187.5 182.5       92.5   97.5   -101    97.5   280     195     -208    -208    195      475    431.680     1st
Natasha Tranter      WM     80.4     84    8    U23   145    155     160     160      85    87.5   -90     87.5   247.5   170     177.5   180     180     427.5   390.094    2nd
Alexandra Jackson    NM     80.7     84    7    U23   135   142.5    150     150     72.5   77.5    80      80    230     175     182.5   190     190      420    382.452     3rd
Rachael Fairclough   SC     82.5     84    4    U23 117.5   122.5   -130     122.5   57.5    60    -62.5    60    182.5   130     137.5   142.5   142.5    325    292.500     4th
Daniela Karumaa      SC     77.8     84    3    U23   115   122.5   -130     122.5   47.5   52.5    55      55    177.5   135     142.5   -150    142.5    320    297.504     5th
Georgina McDonald    YNE    79.2     84    5    U23   105   112.5   117.5    117.5    55    -60    -62.5    55    172.5   122.5   130     140     140     312.5   287.562     6th
Kate Jackson         NW     74.1     84    2    U23   100    105    -112.5   105      50     55    -60      55    160     122.5   127.5 -132.5 127.5      287.5   275.396     7th
Katie Drewett        SE      82      84    1    U23   80     90     -100      90      50     55     60      60    150     110     120     130     130      280    252.784     8th


Charlie Chester      SW     108.1    84+   11   U23   170    180     185     185     87.5   92.5    95      95    280     170     185     200     200      480    391.728     1st
Lucy Jackson         NW     104.5    84+   12   U23 147.5    155    -162.5   155      70    77.5   82.5    82.5   237.5   167.5   180     -200    180     417.5   343.477    2nd
Talya Garnett        SE     92.9     84+   10   U23   105   -110     110     110      45     50    -52.5    50    160     125     130     -135    130      290    247.457     3rd
  27/11/2017                                          British Junior Classic Championships 2017
                            Bwt    WtCls                                   Best                             Best    Sub                              Best
Name                 Team                lot# Age SQ-1    SQ-2    SQ-3             BP-1    BP-2    BP-3                     DL-1    DL-2    DL-3             TOTAL   Wilks     Placing
                            (kg)    (kg)                                    SQ                               BP     Total                             DL

Erik Mata            EM     82.1    83   12   U23   235   247.5    255     255     147.5    155     160     160     415     272.5   282.5 -290.5 282.5       697.5   468.650     1st
Salman Khan          EM     82.3    83   11   U23 217.5   230     237.5    237.5   152.5   157.5   162.5    162.5   400     265      285    295.5    295.5   695.5   466.611    2nd
Dylan Nelson         YNE    82.6    83   10   U23   271   283     290.5    290.5   145      150     155     155     445.5   240      250    -262.5   250     695.5   465.568     3rd
Aymen Alhassan       SW     81.2    83    8   U23   190   200      210     210     135      140    147.5    147.5   357.5   262.5   -280     280     280     637.5   431.205     4th
Joe Feeney           YNE    82.6    83    7   U23   220   -235     235     235     132.5 -142.5     145     145     380     220     242.5   247.5    247.5   627.5   420.048     5th
Edward Stace         SC     83      83    3   U23   190   200      210     210     130      140     145     145     355     235      250    -260     250      605    403.838     6th
Joel Fraser          NM     81.5    83    4   U23   195   200      205     205     140      145    147.5    147.5   352.5   230      240    247.5    247.5    600    404.940     7th
Ben Willis           YNE    83      83    9   U23   210   220     -225     220     130     -135    -135     130     350     250     -265    -272.5   250      600    400.500     8th
Simon Chan           WM     81.7    83    8   U23   200   212.5    220     220     137.5    145     150     150     370     225     -240    -250     225      595    400.971     9th
Alexander Anderson   SC     82      83    4   U23 197.5   210     -222.5   210     130      140    142.5    142.5   352.5   227.5    240    -247.5   240     592.5   398.397    10th
Ryan Strang          YNE    82.3    83    5   U23   200   215      220     220     130      135    137.5    137.5   357.5   215      230    -242.5   230     587.5   394.154    11th
Dan Magee            SE     82.6    83    5   U23   195   207.5    215     215     135      140    -142.5   140     355     205      215     220     220      575    384.905    12th
Aaron Moran          SC     81.2    83    6   U23   205   -220    -225     205     120     132.5    140     140     345     225     -245    -245     225      570    385.548    13th
Maxude Bashiri       YNE    82.2    83    1   U23   195   205     -207.5   205     120     127.5   -130     127.5   332.5   235     -245    -245     235     567.5   381.020    14th
Fred Anson           YNE    81      83    9   U23   180   187.5   -190     187.5   150     -155    -155     150     337.5   215     227.5   -240     227.5    565    382.731    15th
Justin Bland         NM     82      83    2   U23   185   192.5    200     200     125      130    -137.5   130     330     220      230     235     235      565    379.906    16th
Albie Sayer          EM     82.6    83    1   U23   185   192.5    200     200     117.5    125    127.5    127.5   327.5   207.5   222.5    230     230     557.5   373.190    17th
Stuart Burnett       SC     81.7    83    7   U23 172.5   185     192.5    192.5   115     -122.5 122.5     122.5   315     220     232.5   -240     232.5   547.5   368.960    18th
Damien Schofield     NM     81.5    83    3   U23   180   190      195     195     110      120    -127.5   120     315     205      220    227.5    227.5   542.5   366.133    19th
Myles Coe            GL     80.2    83   10   U23   195   202.5   -210     202.5   -110    -117.5 -117.5     0        0     220     -227.5 -227.5    220       0      0.000
  27/11/2017                                                  British Junior Classic Championships 2017
                                   Bwt    WtCls                                    Best                             Best    Sub                              Best
Name                        Team                lot# Age SQ-1     SQ-2    SQ-3             BP-1    BP-2     BP-3                    DL-1    DL-2    DL-3             TOTAL   Wilks     Placing
                                   (kg)    (kg)                                     SQ                               BP     Total                             DL

Sion Hughes                  W     91.8    93   15   U23   275     291     300     300     162.5   172.5 -182.5 172.5       472.5   290     315     -327.5   315     787.5   497.779     1st
Edward Obakhavbaye-Hanson   NW     90.1    93   14   U23 242.5    252.5   -260     252.5   162.5   167.5 -172.5 167.5       420     285     305     -315     305      725    462.550    2nd
Adedapo Ojewale             GL     88.4    93   13   U23   230     240     245     245     135     -140     140     140     385     285     305     -315     305      690    444.636     3rd
Aron Hegedus                SM     92.1    93    9   U23   215     225     235     235     140     147.5    152.5   152.5   387.5   260     275      290     290     677.5   427.570     4th
Lewis Ball                  EM     92.9    93   12   U23   225     235    -245     235     152.5   157.5    -160    157.5   392.5   250     270     -272.5   270     662.5   416.381     5th
Jake Brown                  SC     92.1    93    3   U23   210     220    222.5    222.5   140      150     162.5   162.5   385     220     240      260     260      645    407.059     6th
Eoghan Moriarty             YNE    91.7    93    2   U23   225    232.5   -240     232.5   127.5   -135     135     135     367.5   255     267.5    275     275     642.5   406.381     7th
Charlie Hibbert             SE     91.3    93    5   U23   195     210    212.5    212.5   150     -157.5   -165    150     362.5   235     250      265     265     627.5   397.710     8th
Benjamin Jenkins            NW     88.7    93    7   U23 -212.5    225     230     230     130     132.5    137.5   137.5   367.5   240     250     257.5    257.5    625    402.000     9th
Jack Thompson               YNE    93      93    8   U23   220     230     235     235     110      115     120     120     355     250     270     -280     270      625    392.625    10th
Talal AL Kindi              NM     92.7    93    3   U23   205     215     225     225     125     132.5    137.5   137.5   362.5   -230    245      260     260     622.5   391.677    11th
George Turner               NM     91.7    93   13   U23   220     230    -235     230     140      145     -150    145     375     230     240      245     245      620    392.150    12th
Richard Bishop              SM     91.5    93    4   U23   205     215    222.5    222.5   142.5   -150     -150    142.5   365     225     240     252.5    252.5   617.5   390.939    13th
Pavlos Kouros               YNE    92.9    93    8   U23   205    217.5   -225     217.5   152.5    160     -165    160     377.5   225     235      240     240     617.5   388.099    14th
Kieran Richardson           YNE    91.6    93    5   U23   205     215     225     225     132.5   -140     140     140     365     225     240     -247.5   240      605    382.844    15th
Joey Watson                 SE     92.5    93    6   U23   190     200     205     205     145     152.5    157.5   157.5   362.5   210     220     237.5    237.5    600    377.880    16th
Tom Seldon                   W     91.7    93    1   U23   205     215    -222.5   215     125     132.5 -137.5 132.5       347.5   225     240      250     250     597.5   377.919    17th
Dan Wooldridge              SM     91.4    93    2   U23 197.5     210     220     220     135     147.5    -155    147.5   367.5   212.5   227.5   -240     227.5    595    376.932    18th
Tom Croxton                 SE     91.7    93   11   U23   195     205    -215     205     130      140     -140    140     345     225     235     242.5    242.5   587.5   371.594    19th
Hud Syafiq Herman           GL     83.8    93   10   U23   190     200    -210     200     130     137.5    142.5   142.5   342.5   225     235     -242.5   235     577.5   383.287    20th
Owen Leggett                NM     85.4    93    1   U23   195    202.5    210     210     115     122.5 -127.5 122.5       332.5   215     225     232.5    232.5    565    370.979    21st
Thomas Gee                  NM     88      93   14   U23   180    -200    -200     180     130     132.5 -147.5 132.5       312.5   250     -270    -290     250     562.5   363.319    22nd
George Dickson              SC     93      93    9   U23   -185    190    202.5    202.5   -105     105     112.5   112.5   315     220     240     -262.5   240      555    348.651    23rd
Vikram Thakur               WM     91.6    93    7   U23 187.5    197.5   -205     197.5   112.5   117.5    122.5   122.5   320     210     225      230     230      550    348.040    24th
Andrew Callaway             YNE    83.1    93    6   U23   205    -215    -215     205     110     112.5    -115    112.5   317.5   190     205      210     210     527.5   351.842    25th
Eric Uotila                 SC     91      93    4   U23   190    -202.5 -202.5    190     -135    -135     -135     0        0     -225    225*      0       0        0      0.000
  27/11/2017                                               British Junior Classic Championships 2017
                               Bwt     WtCls                                    Best                             Best    Sub                              Best
Name                    Team                 lot# Age SQ-1     SQ-2    SQ-3             BP-1    BP-2    BP-3                     DL-1    DL-2    DL-3             TOTAL   Wilks     Placing
                               (kg)     (kg)                                     SQ                               BP     Total                             DL

Joshua Greenfield       YNE    104.8    105   9   U23   295    312.5    320     320     165     175      180     180     500     272.5   287.5    300     300      800    478.400     1st
Alexander Pierides      GL     102.1    105   6   U23   250    267.5   272.5    272.5   170     177.5   182.5    182.5   455     275     287.5   292.5    292.5   747.5   451.266    2nd
Callum Crozier          SC     102.3    105   8   U23   -250   -250     250     250     182.5   192.5   -200     192.5   442.5   280     292.5   -305     292.5    735    443.352     3rd
Joshua Edwards           W     102.2    105   7   U23   245    260     -272.5   260     150     157.5   162.5    162.5   422.5   310     -330    -330     310     732.5   442.064     4th
Gerry-Lee Pierre        YNE    103.2    105   4   U23   245    255      260     260     175     182.5   -185     182.5   442.5   275     285     -290     285     727.5   437.446     5th
Ben Wharton             YNE    101.8    105   3   U23   250    260      270     270     132.5   140      145     145     415     270     290      300     300      715    432.146     6th
Joe Lindsay             EM     101.2    105   5   U23   235    245     252.5    252.5   155     157.5    160     160     412.5   285     300     -307.5   300     712.5   431.561     7th
Sam Hinks               YNE    104.1    105   2   U23   225    237.5    245     245     172.5   182.5    190     190     435     255     270      275     275      710    425.574     8th
Jack Clayton            SE     102.4    105   8   U23   215    225      235     235     155     162.5    170     170     405     250     260      270     270      675    407.025     9th
Tom Griffiths           NW     105      105   7   U23   220    232.5    240     240     147.5   155     -157.5   155     395     255     270      280     280      675    403.380    10th
Jack Dunkley            EM     102.3    105   6   U23   215    222.5    230     230     150     157.5 -162.5 157.5       387.5   250     260      265     265     652.5   393.588    11th
Mani Owugha             GL     103.8    105   3   U23   205    215     -222.5   215     125     130     132.5    132.5   347.5   275     287.5 -292.5 287.5        635    381.000    12th
Louis Keightley-Smith   YNE    100.2    105   4   U23   215    227.5   232.5    232.5   147.5   155      160     160     392.5   225     240     -245     240     632.5   384.623    13th
Ben Glasscock           SE     103.7    105   5   U23   220    235     -245     235     115     120      125     125     360     250     262.5   272.5    272.5   632.5   379.626    14th
Harajan Deusi           SM     101.6    105   1   U23   190    -210     210     210     130     140     -150     140     350     215     230     -240     230      580    350.784    15th
Fadle Arouna            YNE    103.9    105   2   U23   185    -195     205     205     110     115     -120     115     320     230     242.5 -252.5 242.5       562.5   337.387    16th
Marvelous James         NW     102.9    105   1   U23   230    232.5   -250     232.5   145*                      0        0     *265                      0        0      0.000
  27/11/2017                                            British Junior Classic Championships 2017
                           Bwt     WtCls                                    Best                             Best    Sub                              Best
Name                Team                 lot# Age SQ-1      SQ-2    SQ-3            BP-1    BP-2    BP-3                     DL-1    DL-2    DL-3             TOTAL   Wilks     Placing
                           (kg)     (kg)                                     SQ                               BP     Total                             DL

Mark Macqueen       SC     119.5    120   13   U23 302.5    -320    -332.5 302.5    177.5   187.5   192.5    192.5   495     310     325     -340     325      820    471.910     1st
Kieran Gray         YNE    113.9    120   12   U23   260    272.5    280    280     182.5   193.5   197.5    197.5   477.5   280     300     -310     300     777.5   452.971    2nd
Frankie Parke       EM     118.2    120   11   U23 272.5    287.5 -292.5 287.5      165     -175    -175     165     452.5   -260    260     -280     260     712.5   411.113     3rd
Harry Regan         YNE    117.9    120   7    U23   215    235      250    250     122.5   132.5   137.5    137.5   387.5   255     272.5   292.5    292.5    680    392.632     4th
Robert Stewart      YNE    113.7    120   8    U23   -240   240     252.5   252.5   150      160    -170     160     412.5   250     260     -272.5   260     672.5   391.933     5th
Conor Curran        SC     115.4    120   10   U23   205    220      230    230     155     162.5   -170     162.5   392.5   240     265      275     275     667.5   387.484     6th
Ryan Dean           NW     110.2    120   9    U23   220    230      240    240     167.5 -177.5 -177.5 167.5        407.5   220     235     -250     235     642.5   377.918     7th
Jake Speller        SW     107.2    120   3    U23   235    245      255    255     130      135    -140     135     390     215     225      235     235      625    370.812     8th
Mark Faulkner       YNE    109.3    120   4    U23 207.5    220     -225    220     140     147.5   152.5    152.5   372.5   235     -250     250     250     622.5   367.088     9th
Callum McCabe       SW     108.9    120   6    U23   210    220     -230    220     150     -157.5 -157.5    150     370     -230    242.5   -255     242.5   612.5   361.559    10th
Matthew Brown       NW     119.4    120   5    U23   230    245     -250    245     132.5   137.5   142.5    142.5   387.5   210     225     -235     225     612.5   352.555    11th
Sam Costigan        YNE    116.7    120   2    U23   190    205      210    210     140      150    -152.5   150     360     220     240      250     250      610    353.068    12th
Charlie Cornelius   YNE    117.7    120   1    U23   185    195     207.5   207.5   125     -132.5 132.5     132.5   340     225     237.5   242.5    242.5   582.5   336.452    13th


Luke Richardson     YNE    134.7   120+   7    U23   325    345      360    360     182.5    195    202.5    202.5   562.5   327.5   347.5   -363     347.5    910    511.602     1st
Kierran Leith       SC     145.7   120+   4    U23   285    310      330    330     165      175    -180     175     505     275     -295    -295     275      780    433.368    2nd
Ben Rant            SW     149.1   120+   3    U23   250    265      275    275     157.5   167.5    170     170     445     252.5   -265     265     265      710    393.198     3rd
Lee Nightingill     SW     123.1   120+   1    U23   200    202.5   -225    202.5   -120    -130    -130      0        0     260     -280    -282.5   260       0      0.000
