21-Apr-18       UPA Powerlifting National Championship-Lb Results
                              BWt    WtCls                                               Best       Coeff
       Name     Age   Div                    Schwartz   Bench 1   Bench 2   Bench 3                         Pl-Div-WtCl
                              (Kg)    (Kg)                                              Bench      Score
Suzanne Black   42    FOR    124.6   SHW     0.5216      192.9    214.95     225.97   225.9715     53.464  1-FOR -SHW
Jamie Zwiers    45    MM2R   107.2    110    0.5402     457.45    473.99    -485.01    473.989    116.143    1-MM2R
Brett Alden     23    MJR    115.2    125    0.5312     352.74    369.27     374.78    374.782     90.304     1-MJR
Tom Finn        35    MOR    106.6    110    0.5411     473.99    501.55     -529.1   501.5465   123.10025 1-MOR-110 *Bench Only Best Lifter
           21-Apr-18 UPA Powerlifting National Championship-Lb Results

                                    BWt    WtCls                                              Best                                    Best      Sub    Deadlift   Deadlift   Deadlift    Best                     Coeff
       Name           Age    Div                    Schwartz   Squat 1   Squat 2   Squat 3            Bench 1   Bench 2   Bench 3                                                                  PL Total               Pl-Div-WtCl
                                    (Kg)    (Kg)                                             Squat                                   Bench     Total      1          2          3       Deadlift                 Score
Matthew Bailey        33    MOR-AD 89.2      90     0.5885      606.27    633.82    650.36   650.36    330.69    341.71   -347.225   341.71   992.07   606.27     628.31      639.33    639.33     1631.404      435.49  1-MOR-AD-90
Dylan King            26    MOR-AD 89.8      90     0.5861      457.45    468.48    485.01   485.01    303.13    314.16   -325.179   314.16   799.17   473.99     490.52      501.55    501.55     1300.714     345.799 2-MOR-AD-90
Ryan Raynier          25     MOR    80.2   82.5     0.6318       622.8    661.38    688.94   688.94    374.78    402.34   -407.851   402.34   1091.3   666.89     699.96     -710.98    699.96     1791.2375   513.3375 1-MOR-82.5
David Thompson        25     MOR     81    82.5     0.6273       622.8    650.36     672.4    672.4    391.32   -407.85   -407.851   391.32   1063.7   589.73     611.78     -617.29    611.78     1675.496     476.748   2-MOR-82.5
Carson Parks          19     MOR    81.6   82.5     0.6241      501.55    534.62       0     534.62    374.78   -402.34       0      374.78    909.4   606.27     -622.8      -622.8    606.27     1515.6625   429.06875 3-MOR-82.5
James Lorentzen       32     MOR    88.6     90      0.591      358.25    413.36     429.9    429.9    330.69   -341.71    352.736   352.74   782.63   462.97     501.55      534.62    534.62     1317.2485   353.1225    1-MOR-90
Cody Jasper           27     MOR     90      90     0.5853      545.64    573.2    -589.73    573.2   -363.76   -374.78   -374.782     0         0       0           0           0        0            0            0          0
Aaron Nance           38     MOR    98.4    100     0.5581      600.75    633.82   -644.85   633.82    396.83    413.36    418.874   418.87   1052.7   661.38     699.96     -738.54    699.96     1752.657    443.6895   1-MOR-100
Brandon Brown         33     MOR    108     110     0.5391      694.45    733.03   -777.12   733.03    429.9    -457.45   -457.455   429.9    1162.9   644.85     677.91     -710.98    677.91     1840.841    450.1485   1-MOR-110
Nicholas Schroeder    23     MOR 106.6      110     0.5411      727.52   -771.61   -771.61   727.52    385.81    413.36   -424.386   413.36   1140.9   628.31     661.38     -688.94    661.38     1802.2605   442.34925 2-MOR-110
Phillip Brown         29     MOR 104.8      110     0.5441     -655.87   -655.87    655.87   655.87    363.76   -385.81   -385.805   363.76   1019.6   518.08     562.17      617.29    617.29     1636.9155   403.99425 3-MOR-110
Jordan Staker         24     MOR 107.2      110     0.5402      507.06    551.15   -600.75   551.15   -319.67    352.74    363.759   363.76   914.91   606.27     628.31      644.85    644.85     1559.7545   382.1915   4-MOR-110
Devin Daniels         30     MOR 123.6      125      0.523      584.22   -606.27   -617.29   584.22    391.32   -424.39   -424.386   391.32   975.54   584.22      622.8     -644.85    622.8      1598.335     379.175   1-MOR-125
Jesse Mashak          23     MOR 137.6      140      0.506      733.03    777.12    804.68   804.68    451.94     479.5    512.57    512.57   1317.2   683.43     710.98      744.05    744.05     2061.301      473.11   1-MOR-140
Jon Harless           41     MOR 134.8      140     0.5092      650.36    683.43    705.47   705.47    462.97   -485.01   -485.012   462.97   1168.4   551.15     578.71       622.8    622.8      1791.2375    413.725   2-MOR-140
Logan Solano          25     MOR 134.2      140      0.51       650.36    661.38    705.47   705.47    352.74    374.78       0      374.78   1080.3   606.27     639.33     -661.38    639.33     1719.588       397.8   3-MOR-140
Dan Bell              31     MOR 170.8     SHW      0.4745     -1003.1    1003.1    1025.1   1025.1    523.59    551.15   -562.173   551.15   1576.3   837.75     881.84     -903.89    881.84     2458.129    529.05635 1-MOR-SHW *Raw Full Power Best Lifter
Devante Krueger       21     MOR 147.6     SHW      0.4953      804.68    865.31   -881.84   865.31    402.34    451.94    462.966   462.97   1328.3   606.27      672.4      705.47    705.47     2033.7435   456.91425 2-MOR-SHW
Dominic Calvano       24      MO    109     110     0.5377       716.5   -733.03    755.08   755.08    374.78    385.81   -407.851   385.81   1140.9   606.27     633.82      666.89    666.89     1807.772     440.914    1-MO-110
Tony Chirico          47      MO   121.8    125     0.5251     -804.68    804.68    854.28   854.28    507.06    -529.1   -529.104   507.06   1361.3   551.15      573.2      589.73    589.73     1951.071    464.7135    1-MO-125 *Equipped Full Power Best Lifter
           22-Apr-18 UPA Powerlifting National Championship-Lb Results

                                      BWt     WtCls                                             Best                                   Best      Sub    Deadlift   Deadlift   Deadlift    Best                     Coeff
       Name           Age     Div                     Schwartz   Squat 1   Squat 2   Squat 3            Bench 1   Bench 2   Bench 3                                                                 PL Total               Pl-Div-WtCl
                                      (Kg)     (Kg)                                            Squat                                  Bench     Total      1          2          3       Deadlift                 Score
Brittany Rabe         19      FT3R    69.4      75    0.7083      325.18 347.22 369.27         369.27    154.32    165.35    170.86   170.86   540.13    325.18 -352.74 352.74           352.74       892.863   286.8615     1-FT3R    *Women's Full Power Best Lifter
Jaci Schroeder        31       FOR    57.8      60    0.8453      214.95 236.99 253.53         253.53    115.74    126.76   -132.28   126.76   380.29    308.64 330.69 341.71            341.71      722.0065   276.83575  1-FOR -60
Page Haberman         25       FOR     66     67.5    0.7408      275.58 -297.62 297.62        297.62    148.81    159.83   -170.86   159.83   457.45    308.64 347.22 358.25            358.25       815.702    274.096  1-FOR -67.5
Dixie Peters          35       FOR    85.8      90    0.6031      292.11 319.67    336.2        336.2    187.39   -203.93   -203.93   187.39   523.59    325.18 341.71 358.25            358.25       881.84      241.24   1-FOR -90
Kimberly Kohlwey      27       FOR    98.4    SHW     0.5581      225.97 231.48 242.51         242.51    121.25    137.79     143.3   143.3    385.81    253.53  286.6  303.13           303.13      688.9375   174.40625 1-FOR -SHW
Paige Harper          21     FJR-AD   106.8   SHW     0.5408      248.02 264.55 281.09         281.09     143.3   -159.83    159.83   159.83   440.92    297.62 319.67 -336.2            319.67       760.587    186.576    1-FJR-AD
Amber Monk            24     FOR-AD    56       56    0.8748      220.46 -242.51 -248.02       220.46   -115.74    115.74    121.25   121.25   341.71   -248.02 248.02 253.53            253.53       595.242    236.196 1-FOR-AD-56
Taylor Maloney (AD)   24     FOR-AD    60       60    0.8128      231.48 248.02 259.04         259.04    121.25   -132.28    137.79   137.79   396.83    264.55  286.6  297.62           297.62       694.449    256.032 1-FOR-AD-60
Larry Tuel            66      MM6R    81.2    82.5    0.6262      242.51  286.6   297.62       297.62    225.97    236.99    242.51   242.51   540.13    314.16 341.71 363.76            363.76       903.886    256.742    1-MM6R
Tony Quatrochi        50      MM3R    82.2    82.5    0.6209      319.67 341.71 363.76         363.76    242.51    253.53   -264.55   253.53   617.29    319.67 374.78 402.34            402.34     1019.6275   287.16625    1-MM3R
Hunter Veech          22       MJR     80     82.5    0.6329      407.85 435.41 468.48         468.48    308.64    330.69    341.71   341.71   810.19   -507.06 534.62 551.15            551.15     1361.3405   390.81575    1-MJR
Justin Zimmerman      22       MJR    88.8      90    0.5901      551.15 584.22 -600.75        584.22    281.09   -303.13    314.16   314.16   898.37    485.01 523.59 551.15            551.15     1449.5245   387.99075    2-MJR
Patrick Little        23       MJR    119.8    125    0.5272      545.64 562.17      0         562.17    341.71    352.74   -374.78   352.74   914.91    628.31 650.36 666.89            666.89     1581.8005    378.266     3-MJR
Jacob Foss            17      MT2R    73.8      75     0.673      413.36 440.92 473.99         473.99    214.95    220.46    231.48   231.48   705.47    424.39 457.45 -501.55           457.45     1162.9265   355.0075     1-MT2R
Dallas McManus        17      MT2R    104.4    110    0.5448      473.99 507.06 -545.64        507.06    270.06    292.11   -314.16   292.11   799.17    473.99 512.57 540.13            540.13     1339.2945    330.966     2-MT2R
Remington Bell        16      MT2R    130.2    140    0.5147      407.85 440.92 -485.01        440.92    270.06   -303.13    303.13   303.13   744.05    407.85 462.97 -507.06           462.97     1207.0185   281.79825    3-MT2R
Bo Grosse             16      MT2R    81.4    82.5    0.6251      292.11 319.67    336.2        336.2     192.9    209.44    220.46   220.46   556.66    380.29 402.34  429.9            429.9       986.5585   279.73225    4-MT2R
Cole Sawickis         16      MT2R    118.8    125    0.5281      369.27 402.34 -424.39        402.34    231.48    253.53   -264.55   253.53   655.87    369.27 402.34 440.92            440.92     1096.7885   262.72975    5-MT2R
Trey Weimer           17      MT2R    96.6     100     0.563      264.55 297.62 314.16         314.16    181.88   -203.93   -203.93   181.88   496.04    457.45 485.01 512.57            512.57     1008.6045   257.5725     6-MT2R
Jason Huling          15      MT1R    66.6    67.5    0.7347      259.04 -286.6 308.64         308.64   -187.39     192.9    198.41   198.41   507.06   -347.22 -347.22 347.22           347.22      854.2825   284.69625    1-MT1R
Peyton Wenzel         17    MM2R-AD   87.2      90    0.5969      297.62 341.71 -363.76        341.71    198.41    209.44   -231.48   209.44   551.15    385.81 435.41 462.97            462.97      1014.116    274.574  1-MM2R-AD
Jarrod Dura           21     MJR-AD    67     67.5    0.7307      358.25 385.81 407.85         407.85    209.44    225.97    248.02   248.02   655.87    485.01 523.59 551.15            551.15     1207.0185   400.05825   1-MJR-AD
Aaron Cusatis         23     MJR-AD   85.2      90    0.6059      457.45 496.04 523.59         523.59    314.16    330.69   -352.74   330.69   854.28    462.97 496.04 -540.13           496.04     1350.3175   371.11375   2-MJR-AD
Armin Covic           21     MJR-AD   86.4      90    0.6004      462.97 485.01 -518.08        485.01    275.58    292.11   -319.67   292.11   777.12    462.97 496.04 523.59            523.59      1300.714    354.236    3-MJR-AD
Patrick Lulay         22     MJR-AD   132.8    140    0.5116      540.13 584.22 -606.27        584.22    308.64   -325.18    325.18   325.18    909.4    507.06 534.62 551.15            551.15     1460.5475    338.935    4-MJR-AD
Ashtin Van Gorden     18    MT3R-AD   99.4     100    0.5555      402.34 435.41 -468.48        435.41    236.99    253.53   -264.55   253.53   688.94    380.29 435.41 457.45            457.45      1146.392     288.86   1-MT3R-AD
Dallas McManus (AD)   17    MT2R-AD   104.4    110    0.5448      473.99 507.06 -545.64        507.06    270.06    292.11   -314.16   292.11   799.17    473.99 512.57 540.13            540.13     1339.2945    330.966   1-MT2R-AD
Phil Schultz          52       MM3    111.8    125    0.5345      -766.1  766.1 -810.19         766.1    413.36     429.9   -446.43   429.9     1196     540.13 589.73 595.24            595.24     1791.2375   434.28125    1-MM3
Darren Hodges         46       MM2     128     140    0.5174     -424.39 -424.39 -440.92          0         0         0         0       0         0        0       0      0                0             0          0           0
Sean Coetzee          40       MM1     140     140    0.5034      -766.1  766.1   854.28       854.28    440.92    600.75   -617.29   600.75    1455     644.85 705.47 722.01            722.01     2177.0425   497.1075     1-MM1
