            02/25/17             2017 UPA Westcoast Championships
                                                            Hi Sch                                                                                   Sub                                                                    Events
Flt C               Name         Team    Div     Bwt - kg            lot#   SQ-1     SQ-2     SQ-3     Best SQ   BP-1    BP-2     BP-3     Best BP           DL-1     DL-2     DL-3     Best DL PL Total Pl/Div/Cls/Event             State
                                                            Wt Cls                                                                                   Total                                                                  Entered
 C      Morgan McGaha                   MR-O      98.90      100     31     195.0    -200.0   -200.0    195.0    122.5   127.5    -132.5    127.5    322.5   210.0    -220.0   -220.0    210.0   532.5    3/MR-O/100/PL
 C      Sven-Erik Gough                 MR-O     107.30      110     36     165.0    175.0    182.5     182.5    110.0   115.0    122.5     122.5    305.0   215.0    227.5    240.0     240.0   545.0    6/MR-O/110/PL
 C      Scott Jividen                   MR-O      97.80      100     30     220.0    232.5    242.5     242.5    137.5   150.0    -155.0    150.0    392.5   225.0    240.0    245.0     245.0   637.5    2/MR-O/100/PL
 C      Christian Lee                   MR-O     106.50      110     35     222.5    235.0    -242.5    235.0    150.0   160.0    167.5     167.5    402.5   240.0    255.0    265.0     265.0   667.5    5/MR-O/110/PL
 C      Jayson Lum                      MR-O      99.60      100     29     255.0    -265.0   272.5     272.5    165.0   170.0    180.0     180.0    452.5   255.0    265.0    -272.5    265.0   717.5    1/MR-O/100/PL
 C      Derrick Stom                    MR-O     108.60      110     32     245.0    260.0    272.5     272.5    145.0   152.5    -160.0    152.5    425.0   245.0    260.0    272.5     272.5   697.5    4/MR-O/110/PL
                                                                                                                                                                                                              1/MR
 C      Cyril Lewis                     MR-M3a   152.60     125+     39     -295.0   295.0    -317.5    295.0    205.0   215.0    -227.5    215.0    510.0   250.0    262.5    272.5     272.5   782.5     M3a/125+/PL
 C      Alex Bergschneider              MR-O     163.30     125+     40     250.0    262.5    275.0     275.0    157.5   165.0    172.5     172.5    447.5   257.5    272.5    280.0     280.0   727.5   3/MR-O/125+/PL
 C      Raymond Mullins                 MR-O     106.50      110     33     260.0    275.0    280.0     280.0    147.5   157.5    162.5     162.5    442.5   265.0    275.0    285.0     285.0   727.5    2/MR-O/110/PL
 C      Stuart Balch                    MR-O     131.00     125+     37     305.0    322.5     0.0      322.5    160.0   170.0    -177.5    170.0    492.5   265.0    275.0    287.5     287.5   780.0   2/MR-O/125+/PL
 C      KJ Cameron                      MR-O     108.50      110     34     235.0    250.0    262.5     262.5    155.0   167.5    -172.5    167.5    430.0   270.0    285.0    292.5     292.5   722.5    3/MR-O/110/PL
 C      Jesse Anderson                  MR-O     134.60     125+     42     -367.5   367.5    390.0     390.0    197.5   207.5    -217.5    207.5    597.5   -322.5   322.5    330.0     330.0   927.5   1/MR-O/125+/PL
 C      Dillon Dutcher                  MR-O     105.80      110     26     235.0    247.5    260.0     260.0    185.0   192.5    -200.0    192.5    452.5   320.0    330.0    340.0     340.0   792.5    1/MR-O/110/PL
 C      jeremy Oleson                   MR-JR    118.00      125     38     330.0    347.5    365.0     365.0    180.0   195.0    197.5     197.5    562.5   315.0    332.5    345.0     345.0   907.5   1/MR-JR/125/PL
 A      Morgan Vitti                    FR-JR     65.90      67.5     5     95.0     -102.5   102.5     102.5    45.0    -50.0    50.0      50.0     152.5   97.5     105.0    115.0     115.0   267.5   1/FR-JR/67.5/PL
 A      Janet Jacobsen                  FR-M2a    67.70      75       8                                  0.0     50.0    55.0     -57.5     55.0      0.0    105.0    112.5    -117.5    112.5    0.0
 A      Deidre Depoali                   FR-O     56.00      56       2     85.0     92.5     95.0      95.0     52.5    57.5     -60.0     57.5     152.5   110.0    115.0    117.5     117.5   270.0     2/FR-O/56/PL
 A      CINDY HARRELL                   FR-M1a    67.70      75       6     70.0     107.5    -110.0    107.5    45.0    -57.5    57.5      57.5     165.0   70.0     115.0    130.0     130.0   295.0    1/FR-M1a/75/PL
        Shannon Jacobsen
 A      Lee                              FR-O     99.10      90+     13     110.0    115.0    120.0     120.0    60.0    62.5     65.0      65.0     185.0   110.0    115.0    120.0     120.0   305.0    2/FR-O/90+/PL
 A      Kimmie Zylstra                  FR-M1a    65.50      67.5     4     90.0     95.0     100.0     100.0    57.5    62.5     65.0      65.0     165.0   110.0    117.5    127.5     127.5   292.5   1/FR-M1a/67.5/PL
 A      Samantha Gough                   FR-O    120.30      90+     14     115.0    122.5    132.5     132.5    60.0    -65.0    65.0      65.0     197.5   125.0    130.0    140.0     140.0   337.5    1/FR-O/90+/PL
 A      Viviana Cortes-Ventura           FR-O     58.70      60       1     107.5    112.5    120.0     120.0    60.0    65.0     -70.0     65.0     185.0   130.0    137.5    142.5     142.5   327.5     1/FR-O/60/PL
 A      Jacqueline Wickens               FR-O     81.70      82.5    10     -147.5   -147.5   -147.5     0.0     85.0    92.5     -97.5     92.5      0.0    152.5    157.5    165.0     165.0    0.0
 A      Vanessa Stephens                 FR-O     81.60      82.5    11     162.5    -172.5   -172.5    162.5    70.0    77.5     -87.5     77.5     240.0   157.5    165.0    170.0     170.0   410.0    1/FR-O/82.5/PL
 A      Katrishia Lee                    FR-O     55.80      56       3     120.0    132.5    -137.5    132.5    60.0    65.0     70.0      70.0     202.5   160.0    170.0    -182.5    160.0   362.5     1/FR-O/56/PL
 A      Suzette Reed                    FR-M1a    76.70      82.5     9                                  0.0     62.5    -67.5    -70.0     62.5      0.0                                 0.0     0.0
 B      Rich Schulze                    MR-M2a    89.50      90      22     100.0    125.0    135.0     135.0    92.5    105.0    110.0     110.0    245.0   145.0    165.0    185.0     185.0   430.0   1/MR-M2a/90/PL
 B      Jacob arroyo                    MR-O      60.00      60      15     165.0    -182.5   -182.5    165.0    85.0    97.5     105.0     105.0    270.0   165.0    -182.5   -185.0    165.0   435.0    1/MR-O/60/PL
 B      Blake Gardner                   MR-JR     73.00      75      16     180.0    -190.0   190.0     190.0    100.0   105.0    -112.5    105.0    295.0   180.0    190.0    200.0     200.0   495.0    3/MR-JR/75/PL
 B      Colin Ferriett                  MR-O      89.60      90      25     165.0    172.5    180.0     180.0    117.5   -122.5   122.5     122.5    302.5   210.0    217.5    227.5     227.5   530.0    3/MR-O/90/PL
 B      Ethan Ellis                     MR-O      81.30      82.5    21     160.0    165.0    -170.0    165.0    120.0   125.0    -130.0    125.0    290.0   210.0    -220.0   -220.0    210.0   500.0    1/MR-O/82.5/PL
 B      Davey Hibler                    MR-JR     74.80      75      17     225.0    235.0    240.0     240.0    105.0   110.0    -117.5    110.0    350.0   220.0    227.5    -240.0    227.5   577.5    1/MR-JR/75/PL
 B      Al Martinez                     MR-JR     74.90      75      18     145.0    157.5    165.0     165.0    110.0   122.5    -127.5    122.5    287.5   205.0    227.5    -240.0    227.5   515.0    2/MR-JR/75/PL
 B      Tyler Wood                      MR-O      89.90      90      23     205.0    220.0    -227.5    220.0    137.5   142.5    150.0     150.0    370.0   220.0    230.0    240.0     240.0   610.0    1/MR-O/90/PL
 B      Larry Ivy                       MR-M2a    81.50      82.5    20     157.5    170.0    177.5     177.5    107.5   -117.5   -117.5    107.5    285.0   215.0    235.0    -242.5    235.0   520.0   1/MR-M2a/82.5/PL
 B      Jack Hong                       MR-O      86.60      90      24     192.5    210.0    -225.0    210.0    147.5   152.5    -160.0    152.5    362.5   225.0    237.5    -242.5    237.5   600.0    2/MR-O/90/PL
 B      Chris Maestas                   MR-O      90.00      90      28     240.0    -260.0   -272.5    240.0    145.0   152.5    160.0     160.0    400.0   -250.0    0.0      0.0       0.0     0.0
 B      Chasen St. Onge                 MR-O      67.50      67.5    19                                  0.0     157.5   -165.0   -167.5    157.5     0.0                                 0.0     0.0
 B      Gary McFarland                  MR-M2a    98.50      100     27                                  0.0     170.0   185.0    195.0     195.0     0.0                                 0.0     0.0
