                                  Southern Powerlifting Provincial Championships 2020
                                                                        Results 25/07/20
                                                                                Women
                              Body                    Squat                      Bench Press                     Deadlift                 IPF GL Class Overall
     Name            Class    Weight     1       2        3     Best      1       2      3      Best    1       2       3      Best Total Points Placing Placing
 Megan Jeffery       57 O     56.50    97.5     102.5 -107.5    102.5     70      75    77.5    77.5   127.5 135.5     141      141     321    75.80   1st   3rd
Anna Thompson        72 O     72.00    117.5    125     132.5   132.5    77.5    82.5   -85     82.5   155     165     173     173     388     78.57   1st   2nd
 Lesley Proctor      72 M3    70.90     80       85      90.5   90.5      55     57.5   -60.5   57.5   125     -130    -130    125     273     55.73   1st
 Amber Russell       84 O      83.40    155     163     167.5   167.5   107.5 112.5     115     115    152.5   160     167.5   167.5   450     85.22   1st   1st
 Stacey Johnsen      84 O     83.60    -132.5   135      145    145      72.5    77.5    80      80    150     165     175     175     400     75.68   2nd
Katherine Christie   84 O     83.80    127.5    135     142.5   142.5     75      80    82.5    82.5   145     152.5   160     160     385     72.77   3rd
  Claire Nunan       84 O     82.50    112.5    120      125    125       70      75     80      80    140     147.5   155     155     360     68.47   4th
  Amy Hickling       84 O      77.50   127.5 132.5      137.5   137.5    -82.5   82.5   -87.5   82.5   130     -135      -     130     350     68.38   5th
   Amber Lim         84 O     82.30     70       75      80      80      37.5     40    42.5    42.5    70      75      80      80     202.5   38.55   6th
 Tracy Chipping      84 M2     82.10    120     126     127.5   127.5     65     -68     68      68    135     140     144     144     339.5   64.70   1st
   Fiona Park        84+ M1   87.00     110     115      120    120       65      70     75      75    120     127.5 132.5     132.5   327.5   61.03   1st
                                                                                 Men
                              Body                    Squat                      Bench Press                        Deadlift                  IPF GL Class Overall
     Name             Class   Weight     1        2       3      Best     1       2        3      Best     1       2        3      Best Total Points Placing Placing
  Ryan Stewart        59 O     54.70   87.5      -95     -95     87.5    -67.5    -70     70       70     115     125      130      130    287.5   49.55   1st
   Zako Fong          66 J    65.00     155     -163     -163    155     110     115     117.5    117.5   195     -203     203     203     475.5   74.72   1st
 Kale Thompson        66 O     65.70   142.5 -147.5 -147.5       142.5   107.5 112.5     -116     112.5   190     197.5 -202.5     197.5   452.5   70.71   1st
   Ethan Watt         74 SJ    71.50    160      175    177.5    177.5    85      95     -105.5    95     175     187.5   -200     187.5   460     68.75   1st
  Blaine Clancy       74 O     72.80    175     182.5    190     190     120     -125    -125     120     175     185     -190      185    495     73.29   1st
  Alex Gaimster       83 J    75.00    -180      180    -192.5   180     112.5 117.5      120     120     205     -220     220     220     520     75.81   1st
    Alex Sun          83 O    82.40     220      235     245     245     140     150      155     155     280     -300     300     300     700     97.25   1st   1st
 Jamie Campbell       83 O     81.50    215     227.5   232.5    232.5   137.5   145      150     150     235     245      260     260     642.5   89.76   2nd   3rd
WIlliam Kingipotiki   83 O    82.50     190      200     205     205     122.5   130      135     130     230     240      250     250     585     81.23   3rd
 Radley Harahap       83 O     81.60    160      170     175      175    105     110      115      110    195     210      215      215    500     69.81
  Bradley Caffell     83 O    80.25     135     -142.5 142.5     142.5   97.5 -102.5 -102.5       97.5    177.5   185     187.5    187.5   427.5   60.20
  David Cooper        83 M1    79.70    175       -       -       175    100       -       -      100     225       -       -      225     500     70.65   1st
  Harry Milligan      93 SJ   88.80    167.5     180     190     190     107.5   115     -120      115    212.5 227.5 237.5        237.5   542.5   72.60   1st
 William Graham       93 J     91.10    165      175     185     185     115     -120     125     125     190     200     -207.5   200     510     67.40   1st
  Jonno Christie      93 O     91.40    220     227.5    235     235     120     125      130     130     260     272.5 280.5      280.5   645.5   85.17   1st
  George Frame        93 O    92.00     200      215     225     225     117.5   125     132.5    132.5   230     245      260     260     617.5   81.21   2nd
  Chris McIntee       93 O    88.40     135      140     145     145     92.5     -95     -95     92.5    175     185      190      190    427.5   57.34   3rd
  Ryan Doherty        93 O    84.00     110     -117.5 -117.5     110     80      -85     -85      80     130     137.5    140      140    330     45.41
  Glen Griffiths      93 M1    92.70    220      240     -245    240     145     -155      -      145     180       -       -       180    565     74.03   1st
Cam Allan-McNeill     105 J   103.60    240      250     255     255     -195    -195    -195      0      260     270     -280     270      0      0.00    DSQ
  Angus McKay         105 O   104.80    255      270     280     280     147.5   155     -157.5   155     280     300     312.5    312.5   747.5   92.37   1st   2nd
  Philip Jackson      105 O   101.30   187.5     200    207.5    207.5   125     -135     135     135     180     200      210      210    552.5   69.37   2nd
   Teila Foster       105 O   101.80    185      195     200     200     -110    115     -117.5    115    210     220     -237.5   220     535     67.02   3rd
 Daniel Kersten       105 O   101.20   -157.5    160     170      170    115     122.5    125     125     190     200      210      210    505     63.44
