Wgt.    Lifter               Age Ca  BW     Pr             SQUAT                   BENCH PRESS                  DEAD LIFT              TOTAL   Wilks   W-Pl  C-Pl
                                                      1      2      3     4      1      2      3      4      1      2      3      4
Men


60.0    Penha Andrade        M1      58.00  Mb.      90.0   95.0  100.0          60.0   65.0   70.0         100.0   110.0 120.0         290.0  331.96     4    1
        Carole Curle         M1      60.00  Mb.      60.0   70.0  -85.0          35.0  -42.5  -42.5          75.0   80.0   90.0         195.0  217.41     6    3
        Jennifer Schoonbaert S.Jr.   59.80  Mb.     -25.0   25.0  -30.0          25.0   30.0  -35.0          60.0   Pass   Pass         115.0  128.55     8    4
        Zena Van Rooyen      Op.     58.90  Mb.      82.5   85.0  105.0         -60.0   60.0  -75.0          82.5   90.0  105.0         270.0  305.37     5    2
																								
67.5    Tamara Cunningham    Op.     65.80  Mb.     100.0  112.5  117.5          47.5   52.5  -55.0         130.0  140.0 150.0          320.0  332.70     3    1
        Traci Wright         Op.     62.40  Mb.      35.0   45.0  -70.0          35.0   40.0  -47.5          50.0   60.0  70.0          155.0  167.68     7    2
																								
75.0    Rhaea Fowler         S.Jr.   73.20  Sk.     170.0  180.5  187.5 192.5   110.0  113.0  115.5 117.5   167.5  177.5  185.0 -190.0  487.5  470.68     1    1
																								
90.0    Rae Lene Marion      Jr.     83.50  Ab.    -182.5  185.0  192.5 -200.0 -130.0  130.0 -137.5         155.0  165.0 -177.5         487.5  436.02     2    1

75.0    Renan Andrade        S.Jr.   67.80  Mb.     145.0  160.0  165.0          80.0   85.0  -90.0         165.0  180.0  185.0  190.0  435.0  334.21    10    3
        Kurt Daunheimer      M1      74.90  Sk.     150.0  165.0  172.5         110.0  122.5  127.5         160.0  182.5 -200.0         482.5  344.12     8    1
        Garry Lacoursier     Op/Mil  71.20  Mb.     130.0  150.0 -175.0         105.0 -115.0 -120.0         195.0 -210.0 -210.0         450.0  332.91    11    2

82.5    Jayson Gramchuk      Op.     80.70  Mb.     140.0  165.0  172.5          90.0  105.0 -110.0        -140.0  140.0  172.5         450.0  305.55    15    4
        Kain Lyon            Jr.     82.40  Ab.     240.0  255.0  260.5         135.0  142.5 -145.0         255.0  275.0 -285.0         677.5  454.20     3    1
        Lucas Tetreault      Jr.     81.80  Sk.     160.0  172.5 -177.5         100.0  110.0 -115.0         187.5  205.0 -212.5         487.5  328.28    12    2
        Mikail Van Rooyen     Op.    81.30  Mb.     102.5  125.0  145.0         102.5 -125.0  127.5         102.5  145.0  182.5         455.0  307.53    14    3
        Kyle Worrell         Jr.     77.70  Mb.      62.5   85.0 -102.5         -85.0   90.0 -102.5        -142.5  142.5  170.0         345.0  240.02    17    5

90.0    Chad Falk            S.O.    82.70  Mb.     137.5  150.0  160.0          80.0   87.5   92.5         180.0  200.0  215.0 -222.5  467.5  312.71    13    3
        Steve Powell         Op.     90.00  Mb.     100.0  Pass   Pass         -100.0  135.0  145.0         295.0 -315.0  Pass          540.0  350.14     7    2
        Aaron Ziffle         Op.     85.10  Sk.    -255.0  255.0 -262.5         192.5 -200.0 -200.0         125.0 -175.0 -175.0         572.5  376.65     5    1

100.0   Jason Hallock        Op.     91.30  Mb.     247.5  265.0  275.0         192.5  202.5  208.0 -210.0  247.5 -267.5 -267.5         730.0  462.67     2    1
        Brent Hamm           Op.     99.40  Mb.     182.5 -192.5 -192.5         137.5 -147.5  147.5         227.5  242.5  257.5         587.5  358.43     6    2

110.0   Steven Halladay      Jr.     104.70 Sk.     240.0  250.0  255.0         185.0 -190.0 -190.0         240.0  255.0 -265.0         695.0  414.36     4    1

125.0   David Bennett        Op.     123.20 Ab.     175.0  190.0 -205.0          65.0 -100.0 -100.0         272.5 -287.5 -303.0         527.5  301.52    16    1

125.0+  Rob Snow             Op/Mil  129.30 Mb.     180.0  200.0 -205.0         135.0 -150.0  150.0         225.0  250.0 -252.5         600.0  339.66     9    2
        Ryan Stinn           Op.     139.80 Sk.     300.0  317.5  325.0         205.0  215.0  225.0         265.0  280.0  296.0 -300.0  845.0  472.27     1    1


BENCH PRESS
Women

60      Jennifer Schoonbaert S.Jr.   59.8   Mb.                                  -30    -30     30                                        30   33.53     4    1
 
75      Rhaea Fowler         S.Jr.   73.2   Sk.                                115.5    120  Pass                                        120  115.86     2    1

82.5    Tracey Biewagen      Op.     81     Sk.                                 87.5    -95     95    100                                 95   86.34     3    1

90      Rae Lene Marion      Jr.     83.5   Ab.                                132.5 -137.5   -140                                     132.5  118.51     1    1


Men

75      Kurt Daunheimer      M1      74.9   Sk.                                Pass   Pass   Pass

82.5    Ebrahim Moghadda     Jr.     81.6   Mb.                                  135   -143    143  147.5                              142.5    96.10     4    1

90      Rodd Carroll         Op/Mil  86.5   Mb.                               -102.5    115    125                                       125    81.49     5    1

100     Boyd Lyon            Op.     90.1   Ab.                                182.5    190   -195                                       190   121.22     1    1

125     David Bennett        Op.     123.2  Ab.                                  170    180   -191                                       180   102.89     3    1

125.0+  Greg Hudson          Jr.     125.3  Mb.                                 -200    200 -212.5                                       200   113.92     2    1
