                                           25 MARCH 2018 - SMPA BITESIZE #7 - MGB FITNESS - Southampton
                                           WtCls
Name               Team   Div   Bwt (kg)           lot#   SQ-1    SQ-2     SQ-3     Best SQ   BP-1    BP-2     BP-3     Best BP Sub Total   DL-1    DL-2     DL-3     Best DL   Total   Wilks Pts   Placing
                                            (kg)
Megan Batchelor    SM     FO       85       84+     2      130      140    -142.5     140      87.5     92.5     -95      92.5    232.5      145    157.5    -167.5    157.5     390    345.774      1-FO-PL
Verena Manchip     SM     FO      85.6      84+    18      120      130      140      140       50      57.5      65       65      205       140      150      160      160      365    322.514      2-FO-PL
Jean Maton         SM     FO      83.4       84    21      115      125      130      130      72.5     77.5     -80      77.5    207.5      140      150    -157.5     150     357.5   319.962      3-FO-PL
Leigah Hollamby    SM     FO      61.7       63    19       85      95       100      100      52.5    -57.5     57.5     57.5    157.5     112.5   122.5      130      130     287.5   313.691      4-FO-PL
Amanda Hughes      SM     FO      53.8       57    17      72.5    77.5      80       80        55       60     -62.5      60      140       95       105      110      110      250    303.525      5-FO-PL
Kayleigh Turner    GU     FO      78.2       84    20      100      110     -120      110       70       75      -80       75      185       120      130       0       130      315    291.974      6-FO-PL
Clio Bellenis      SM     FO      66.9       72     1      -55      -55      55       55        35       40      -45       40      95        90       100      110      110      205    210.576      7-FO-PL
Ashley Eveleigh    SM     MO      90.3       93    22      210      225      240      240      130    137.5    142.5     142.5    382.5      245      260      270      270     652.5   415.838     1-MO-PL
Darren Helley      SM     MO       72        74    26      175      185      190      190      125      130    -132.5     130      320       215      225      230      230      550    403.535     2-MO-PL
Jack Smith         SM     MO      87.5       93    14     -210     -210      210      210     -160     -160      160      160      370       220      240     -260      240      610    395.219     3-MO-PL
Akin Makinde       SM     MO     104.4      105     3      190      205      215      215     142.5     150     -155      150      365       260      270     -280      270      635    380.238     4-MO-PL
Keith Blacknell    SM     MO      92.7       93    27     217.5   232.5    -242.5    232.5    -135      135     -145      135     367.5      215      230     -240      230     597.5   375.947     5-MO-PL
Jay Sturgess       SM     MO     103.7      105    15      210    222.5      235      235      120    -122.5    -130      120      355       270     -280       0       270      625    375.125     6-MO-PL
Kyran O'Neill      SM     MO       83        83    10      185      200    207.5     207.5     120    -127.5   127.5     127.5     335      182.5     200      210      210      545    363.788     7-MO-PL
Jonny Sturgis      SM     MO      71.9       74    28      165    -177.5    -180      165      100      110     -120      110      275       180      200      210      210      485    356.232     8-MO-PL
Nathan Gevao       SM     MO      72.6       74    12      150    162.5      175      175       90       95      97.5     97.5    272.5      170      185      200      200     472.5   344.594     9-MO-PL
Joshua Steen       SM     MO      76.5       83    25     -155      155     -165      155     107.5     110    112.5     112.5    267.5      185      200    -207.5     200     467.5   328.606     10-MO-PL
Tim Martin         SM     MO      94.3      105     4      160    167.5    -172.5    167.5     100    102.5    -107.5    102.5     270       210      220    232.5     232.5    502.5   313.610     11-MO-PL
Jake Lemon         SM     MO      90.5       93     5      150      160      170      170      115    127.5     -140     127.5    297.5     -160      170      185      185     482.5   307.160     12-MO-PL
Lee Yeates         SM     MO     112.2      120    30      185      200      210      210       95      105      115      115      325       170      185      200      200      525    307.125     13-MO-PL
Joshua Radburn     SM     MO      70.8       74    24      135      145    -152.5     145      92.5   102.5    107.5     107.5    252.5      140      160     -180      160     412.5   306.487     14-MO-PL
Matticus Chong     SM     MO      86.8       93     7     142.5     155      165      165       85      92.5    -97.5     92.5    257.5      190      210    -227.5     210     467.5   304.202     15-MO-PL
David Horne        SM     MO      82.3       83    11      120      135      145      145      100    -107.5   -107.5     100      245       185      205    -212.5     205      450    301.905     16-MO-PL
Tomas Nanartonis   GU     MO      72.9       74    32      125      135    142.5     142.5    -92.5    -92.5     92.5     92.5     235       160      170      180      180      415    301.747     17-MO-PL
Philip Varcas      SM     MO      93.2      105    29      150      155    157.5     157.5     120    122.5     -125     122.5     280       180      185    -187.5     185      465    291.834     18-MO-PL
Oliver March       SM     MO       92        93    23      155      160     -170      160      115     -120     -120      115      275       180    -182.5   -182.5     180      455    287.333     19-MO-PL
Oliver Owen        SM     MO      91.1       93    13      165      175     -190      175       90       95     -100       95      270       160      175     -190      175      445    282.353     20-MO-PL
Shaun Collins      SM     MO     115.6      120    16      140      150    167.5     167.5     100      105      110      110     277.5      160      170      190      190     467.5   271.290     21-MO-PL
Matthew Lockhart   GU     MO      90.7       93    31      110    122.5      130      130       95      100     -105      100      230       160      170      180      180      410    260.719     22-MO-PL
David Murray       SM     ME      82.3       83     6      235    -250.5   250.5     250.5     155    -162.5   -162.5     155     405.5      150      185       0       185     590.5   396.166      1-ME-PL
