                                                                                               NEW ZEALAND POWERLIFTING FEDERATION
                                                                           New Zealand Mens Powerlifting Championships 2018, Whangarei (New Zealand), 23-26.08.2018
                                                                                                           DETAILED SCORESHEET
 PL. Lifters                 BY     Team   Weight    WF      Lot                          All Squat                                All Bench Press                              All Deadlift                 TOTAL    W.pts.   Pts.
Open
-59kg
 1 Kwan Sheng Choong         1994   APA    58.02    0.8799   1     150.0          157.5           162.5       1    90.0        95.0          95.0         1     185.0   195.0           202.5       1    447.5        393.75   12
-66kg
 1 Sichone Kavwa             1989   APA    65.98    0.7854   5     200.0          212.5           218.0-nzo   1    157.5-nzo   165.0         165.0        1     235.0   245.0           250.5       1    620.5 -nzo   487.34   12
 2 GC Rajiv                  1993   CAN    65.56    0.7895   6     145.0          155.0           157.5       2    107.5       112.5         117.5        2     160.0   170.0           180.0       2    447.5        353.30    9
-74kg
 1 Strachan John             1988   APA    73.96    0.7196   21    217.5          232.5          242.5        1    155.0       163.0-nzo     165.5-nzo    1     262.5   272.5           287.5       1    695.5 -nzo   500.48   12
 2 Kennedy Chris             1992   APA    73.42    0.7234   11    222.5          230.0          240.0        2    152.5       157.5         160.0        2     250.0   260.0           270.0       2    670.0        484.68    9
 3 Singer Damien             1991   CD     73.92    0.7199   16    180.0          192.5          200.0        3    95.0        100.0         102.5        8     212.5   227.5           240.0       3    540.0        388.75    8
 4 Mcallister Hamish         1986   CD     72.16    0.7325   15    172.5          180.0          180.0        6    137.5       140.0         142.5        3     215.0   220.0           225.0       5    537.5        393.72    7
 5 Uka Dipesh                1993   APA    66.80    0.7775   23    155.0          165.0          170.0        7    112.5       117.5           X          5     220.0   230.0           235.0       4    522.5        406.24    6
 6 Sum Shaun                 1992   APA    72.64    0.7290   22    172.5          182.5          190.0        5    107.5       112.5         117.5        6     175.0   187.5           200.0       6    495.0        360.86    5
 7 Kumar Jeewan              1987   CD     68.12    0.7654   12    135.0          145.0          150.0        8    105.0       112.5         120.0        4     170.0   182.5           182.5       7    452.5        346.34    4
 — Coleman Tomas             1990   APA    73.34    0.7239    7    175.0          185.0          192.5        4    115.0       117.5         122.5        7     212.5   212.5           212.5       —    DSQ            —      —
-83kg
 1 Monigatti Timothy         1996   WBOP   79.94    0.6830    4    250.0          270.0          282.5        1    140.0       152.5         162.5        2     280.0   300.0           300.0       1    702.5        479.81   12
 2 Larter Joel               1992    APA   82.80    0.6685   10    217.5          230.0          237.5        5    145.0       152.5         155.0        1     242.5   257.5           265.0       3    650.0        434.52    9
 3 Christie Jonathan         1986     SP   82.80    0.6685    9    215.0          225.0          235.0        4    120.0       125.0         132.5        7     255.0   270.0           285.0       2    637.5        426.17    8
 4 Tan Jak                   1993    APA   81.06    0.6771    3    212.5          227.5          240.0        2    117.5       125.0         130.0        9     235.0   250.0           262.5       4    627.5        424.88    7
 5 Jennings Jordan           1992    APA   82.68    0.6690   20    215.0          225.0          235.0        6    130.0       137.5         142.5        3     245.0   260.0           270.0       5    627.5        419.80    6
 6 Varnakomala Parintorn     1994   CAN    82.52    0.6698    8    215.0          225.0          235.0        3    130.0       135.0         135.0        6     230.0   245.0           252.5       7    615.0        411.93    5
 7 Warren Dion               1993    APA   81.86    0.6731   18    197.5          210.0          217.5        8    127.5       135.0         140.0        4     235.0   255.0           272.5       6    605.0        407.23    4
 8 Carmichael Jarrad         1994    APA   82.86    0.6682   14    200.0          220.0          230.0        7    130.0       140.0         145.0        5     200.0   220.0           235.0       10   580.0        387.56    3
 9 Pickup Christopher        1984   CAN    82.24    0.6712    2    180.0          190.0          195.0        10   105.0       110.0         112.5        11    225.0   240.0           252.5       8    545.0        365.80    2
 10 Venkatesan Bala Ganesh   1994   CAN    80.44    0.6804   17    190.0          200.0          205.0        9    105.0       112.5         117.5        10    210.0   225.0           232.5       9    542.5        369.12    1
 11 Varga-Tetava Tyler       1989    NTH   79.32    0.6864   13    150.0          150.0          170.0        11   115.0       125.0         137.5        8     180.0   200.0           210.0       11   485.0        332.90    1
-93kg
 1 King Jamie                1993   CAN    92.62    0.6294    3    272.5          287.5          300.0        1    145.0       152.5         157.5        4     290.0   307.5           318.0-nzo   1    775.5        488.10   12
 2 Kane Jordan               1989   CAN    92.66    0.6293    7    245.0          257.5          262.5        2    150.0       157.5         162.5        5     260.0   280.0           280.0       5    680.0        427.92    9
 3 Kudav Siddhanth           1992    CD    88.86    0.6426   17    210.0          222.5          230.0        5    160.0       167.5         170.0        2     240.0   260.0           267.5       3    667.5        428.94    8
 4 Tahana Hamish             1992    CD    91.68    0.6325    4    217.5          232.5          240.0        3    155.0       165.0         172.5        1     255.0   270.0           270.0       7    667.5        422.19    7
 5 Orwin Alex                1992    APA   92.66    0.6293   13    225.0          237.5          245.0        4    145.0       155.0         157.5        6     240.0   262.5           277.5       4    655.0        412.19    6
 6 Gapara Phindai            1986    APA   92.04    0.6313    8    215.0          225.0          230.0        7    140.0       147.5         155.0        9     255.0   270.0           282.5       2    642.5        405.61    5
 7 Clout Jordan              1993    CD    90.66    0.6360    5    205.0          215.0          225.0        6    145.0       150.0         152.5        8     255.0   267.5           267.5       6    630.0        400.68    4
 8 Kelsall Simon             1970    APA   92.86    0.6286    9    210.0          222.5          232.5        8    140.0       147.5-nzm1    152.5-nzm1   7     220.0   230.0           237.5       10   612.5        385.02    3
 9 Soole Ben                 1991    APA   92.88    0.6286   15    190.0          205.0          210.0        10   140.0       147.5         152.5        10    250.0   262.5           265.0       8    607.5        381.88    2
 10 Parks Ben                1991    NTH   87.02    0.6498   14    210.0          217.5          217.5        9    117.5       120.0         122.5        14    235.0   247.5           255.0       9    580.0        376.88    1
 11 Pardington Mark          1989    APA   92.18    0.6309   11    200.0          200.0          212.5        13   135.0       140.0         145.0        11    220.0   232.5           240.0       11   577.5        364.35    1
 12 Tilby Samuel             1993    APA   92.94    0.6284   16    177.5          187.5          195.0        14   145.0       155.0         160.0        3     200.0   210.0           217.5       14   572.5        359.76    1
 13 Illes Tony               1990    CAN   92.62    0.6294    1    185.0          197.5          205.0        12   132.5       140.0         142.5        12    197.5   210.0           220.0       13   567.5        357.19    1
 14 Okubo Tagdi              1989    CAN   91.38    0.6335    2    190.0          200.0          207.5        11   130.0       137.5         140.0        13    200.0   220.0           237.5       12   557.5        353.18    1
 — Mohn David                1979   WBOP   92.34    0.6303    6    220.0          220.0          220.0        —      X           X             X          —       X       X               X         —    DSQ            —      —
-105kg
 1 Mahon Andy                1976     SP   102.74   0.6023    2    275.0          290.0          302.5        1    157.5       165.0         172.5        5     290.0   307.5           316.0       2    775.0        466.78   12
 2 Avei Leti                 1984    CD    103.80   0.6000   15    252.5          260.0          267.5        2    205.0       212.5-nzo     215.0        1     270.0   282.5           295.0       5    762.5        457.50    9
 3 Creagh Benjamin           1981    CAN   104.82   0.5979   14    240.0          252.5          257.5        5    160.0       167.5           X          7     275.0   290.0           310.0       1    727.5        434.97    8
 4 Winters Sean              1988   WBOP    95.60   0.6203   13    240.0          247.5          260.0        3    170.0       170.0         177.5        2     265.0   280.0           295.0       4    725.0        449.72    7
 5 Brockbank Dan             1986    NTH   103.90   0.5998   11    230.0          242.5          250.0        6    160.0       167.5         170.0        3     240.0   262.5           272.5       7    692.5        415.36    6
 6 Simpson Tyler             1985    CD    104.18   0.5992    4    235.0          250.0          250.0        8    167.5       172.5         177.5        4     260.0   272.5           282.5       6    685.0        410.45    5
 7 Botica Thomas             1994   WBOP   104.82   0.5979    3    235.0          250.0          260.0        4    142.5       152.5         157.5        10    247.5   265.0           280.0       12   677.5        405.08    4
 8 Ah Kiong Herman           1977    CD    103.64   0.6003    1    225.0          235.0          242.5        7    150.0       160.0         162.5        6     270.0   290.0           290.0       10   675.0        405.20    3
 9 Miller Adam               1992    CD    104.72   0.5981   10    220.0          235.0          235.0        10   135.0       140.0         140.0        12    282.5   300.0           307.5       3    660.0        394.75    2
 10 Blair Angus              1986    APA   101.66   0.6047   12    210.0          222.5          227.5        9    142.5       147.5         150.0        11    250.0   270.0           280.0       9    642.5        388.52    1
 11 Millar James             1992    APA   104.20   0.5992    6    215.0          215.0          227.5        12   115.0       125.0         130.0        13    240.0   255.0           267.5       11   612.5        367.01    1
 12 Robinson Michael         1989    APA   104.86   0.5978    7    195.0          205.0          210.0        13   152.5       160.0         162.5        8     225.0   237.5           242.5       13   612.5        366.15    1
 13 Ng Edwin                 1979    APA   104.06   0.5995    8    217.5          237.5          257.5        11   110.0       120.0         130.0        14    245.0   262.5           272.5       8    610.0        365.69    1
 14 Jones David              1981    CD    103.06   0.6016    5    195.0          205.0          212.5        14   105.0       110.0         115.0        15    225.0   235.0           235.0       14   545.0        327.87    1
 — Wilson Brent              1992    CAN    98.40   0.6126    9    240.0          240.0          240.0        —    150.0       155.0         165.0        9       X       X               X         —    DSQ            —      —
-120kg
 1 Cocker Stanley            1992   APA    119.54   0.5754   22    290.0          305.0          313.0        1    175.0       187.5         192.5        3     300.0   325.0           340.0-nzo   1    840.5 -nzo   483.62   12
 2 Saimone Jivan             1993   APA    119.06   0.5760   24    240.0          255.0          262.5        3    208.0-nzo   220.0-nzo     227.5        1     275.0   275.0           295.0       5    757.5        436.32    9
 3 Wright Luke               1990   CD     117.30   0.5781   19    250.0          265.0          275.0        2    140.0       150.0         157.5        6     270.0   290.0           302.5       2    735.0        424.90    8
 4 Postlewaight Allan        1991   APA    117.66   0.5776   16    235.0          250.0          257.5        4    160.0       172.5         175.0        4     265.0   280.0           292.5       3    725.0        418.76    7
 5 Clarke Paul               1989   APA    118.84   0.5762   21    225.0          240.0          250.0        5    175.0       182.5         190.0        2     240.0   260.0           260.0       6    700.0        403.34    6
 6 Anderson Jason            1979   CD     119.04   0.5760   20    220.0          235.0          242.5        6    155.0       162.5         167.5        5     270.0   290.0           300.0       4    687.5        396.00    5
 7 Gonzales Brian            1993   APA    119.48   0.5755   23    225.0          225.0          230.0        7    145.0       152.5         155.0        7     225.0   230.0           230.0       7    602.5        346.74    4
120+kg
 1 Whittaker Joseph          1985   NTH    130.80   0.5650   28 335.0             355.0           365.0       1    195.0       205.0         212.5        1     320.0   332.5           350.5       2    900.0        508.50   12
 2   Mclarin Sebastian         1987      APA      158.52   0.5490   26 280.0        292.5           300.0        2     180.0        190.0       195.0        2   305.0   320.0        335.0   1   822.5         451.55   9
 3   Matene Quinn              1986     WBOP      190.12   0.5339   25 250.0        265.0           275.0        3     175.0        182.5       190.0        3   250.0   265.0        280.0   3   720.0         384.41   8
 4   Thomas Jordan             1993     CAN       142.50   0.5573   17 220.0        230.0           240.0        4     160.0        170.0       180.0        4   235.0   247.5        262.5   4   682.5         380.36   7

Nation (points)
  1 Auckland                      57    [12+12+12+12+9] 2349.88 w.pts.
  2 Canterbury                    45    [12+9+9+8+7] 2084.65 w.pts.
  3 Central Districts             40    [9+8+8+8+7] 2122.28 w.pts.
  4 Waikato Bay of Plenty         31    [12+8+7+4] 1719.01 w.pts.
  5 Southern Powerlifting         20    [12+8] 892.95 w.pts.
  6 Northland                     20    [12+6+1+1] 1633.65 w.pts.

 Best Lifters of Open
Rnk Lifter                    Nation                 B.Weight              WF                    Total               W.Points          C.Rnk.
 1 Whittaker Joseph           Northland               130.80             0.5650                  900.0                508.50             1
 2 Strachan John              Auckland                 73.96             0.7196                  695.5                500.48             1
 3 King Jamie                 Canterbury               92.62             0.6294                  775.5                488.10             1

Sub-Juniors
-74kg
 1 Bensemann Laurence          2000        CD     71.86    0.7348   4    187.5      200.0-nzsj      210.0        1     112.5        120.0       125.0        1   187.5   202.5        212.5   1   537.5 -nzsj   394.95   12
 2 Richards Harrison           2001        CD     71.30    0.7390   3    125.0      132.5           137.5        2     90.0         95.0        100.0        2   210.0   220.0        220.0   2   442.5         327.01    9
-83kg
 1 Cooke-Tait Jacob            2001      CD       78.32    0.6921   7    170.0      175.0           180.0        1     117.5        122.5       125.0        2   175.0   190.0        205.0   1   507.5         351.24   12
 2 Guest Sam                   2001     WBOP      82.94    0.6678   1    150.0      162.5           170.0        2     120.0        130.0       132.5        1   180.0   192.5        200.0   2   492.5         328.89    9
-93kg
 1 Carroll Dillon              2000      APA      90.38    0.6370   2    205.0      215.0           220.5-nzsj   1     142.5-nzsj   150.5       150.5-nzsj   1   215.0   230.0        240.0   1   601.0         382.84   12
120+kg
 1 Bell David                  2000      APA      141.02   0.5582   12 203.0-nzsj   222.5-nzsj      240.0-nzsj   1     135.0        142.5       150.0        1   210.0   225.0-nzsj   240.0   1   607.5 -nzsj   339.11   12

Nation (points)
  1 Central Districts             33    [12+12+9] 1073.20 w.pts.
  2 Auckland                      24    [12+12] 721.94 w.pts.
  3 Waikato Bay of Plenty          9    [9] 328.89 w.pts.

 Best Lifters of Subjuniors
Rnk Lifter                    Nation                 B.Weight              WF                    Total               W.Points          C.Rnk.
 1 Bensemann Laurence         Central Districts        71.86             0.7348                  537.5                394.96             1
 2 Carroll Dillon             Auckland                 90.38             0.6370                  601.0                382.84             1
 3 Cooke-Tait Jacob           Central Districts        78.32             0.6921                  507.5                351.24             1

Juniors
 -53kg
  1 Chaithoo Brendon           1995      APA      52.46    0.9723   3    140.0      147.5           155.5        1     107.5-nzj    112.5       115.0        1   180.0   192.5        200.0   1   447.5         435.10   12
 -66kg
  1 Corcuera Guiann            1995      APA      65.94    0.7858    5 167.5        177.5-nzj       180.5-nzj    1     115.0        120.0       120.5        2   195.0   210.0        215.5   1   511.0         401.54   12
  2 Hemmington Will            1998      APA      64.66    0.7987    6 145.0        152.5           157.5        2     110.0        117.5-nzj   120.0        1   185.0   195.0        205.0   2   480.0         383.38    9
  3 Wahrlich Mitchell          1996      APA      64.92    0.7960   10 135.0        145.0           145.0        3     90.0         97.5        102.5        3   160.0   170.0        175.0   3   412.5         328.35    8
 -74kg
  1 Lui Jeffery                1997       SP      69.82    0.7509    4   170.0      180.0           187.5        1     105.0        110.0       110.0        3   200.0   210.0        220.0   2   517.5         388.59   12
  2 Smith Matthew              1998      APA      74.00    0.7193   16   160.0      172.5           180.0        2     100.0        102.5         X          4   210.0   222.5        227.5   1   505.0         363.25    9
  3 Dateling Kevin             1995      APA      72.68    0.7287   17   162.5      167.5           170.0        3     105.0        112.5       117.5        1   200.0   210.0        215.0   3   492.5         358.88    8
  4 Collins Nick               1995       SP      68.54    0.7617    9   150.0      160.0           170.0        4     105.0        110.0       110.0        2   165.0   175.0        180.0   4   445.0         338.96    7
 -83kg
  1 Koopu Mahaki               1998      CAN      80.48    0.6801   7    222.5      232.5           242.5        1     132.5        140.0       145.0        1   227.5   242.5        250.0   2   637.5         433.56   12
  2 McLeod Lee                 1996      APA      82.30    0.6709   8    200.0      210.0           220.0        2     125.0        132.5       137.5        2   235.0   255.0        265.0   1   622.5         417.63    9
 -93kg
  1 MacKinnon Jacob            1997      CAN      92.28    0.6305   11   240.0      252.5           257.5        1     140.0        147.5       152.5        1   240.0   255.0        265.0   1   675.0         425.59   12
  2 Chan Philip                1995      CD       91.12    0.6344   12   225.0      227.5           240.0        2     140.0        145.0       150.0        3   230.0   240.0        245.0   4   615.0         390.16   9
  3 Andrews Cameron            1996      CAN      92.94    0.6284    2   202.5      212.5           222.5        3     147.5        155.0       155.0        2   220.0   232.5        247.5   3   602.5         378.61   8
  4 Fulford Angus              1997      APA      90.80    0.6356   13   190.0      200.0           205.0        4     97.5         107.5       115.0        5   235.0   252.5        260.0   2   572.5         363.88   7
  5 Zabala Louis               1997      APA      90.72    0.6358    1   160.0      170.0           175.0        5     125.0        125.0       130.0        4   200.0   215.0        220.0   5   510.0         324.26   6
  — Singh Himmat               1995      APA      91.66    0.6326   14   197.5      207.5           212.5        —     112.5          X           X          —     X       X            X     —   DSQ             —      —
 -105kg
  1 McKay Angus                1996       SP      104.34   0.5989   4    245.0      258.5           265.0        3     137.5        145.0       147.5        3   275.0   292.5        292.5   1   705.0 -nzj    422.23   12
  2 Koopu Maui                 1997      CAN      103.86   0.5999   2    247.5      260.5           265.0        2     157.5        165.0       168.5-nzj    1   240.0   257.5        267.5   4   701.0 -nzj    420.53    9
  3 Yska Daniel                1995      CD       104.04   0.5995   3    255.0      268.0-nzj       273.0        1     132.5        137.5       142.5        4   255.0   267.5        277.5   2   688.0         412.46    8
  4 Miller Keith               1995      APA      101.46   0.6051   6    220.0      232.5           237.5        4     145.0        155.0       160.0        2   240.0   260.0        275.0   3   662.5         400.88    7
  5 Foster Teila               1995       SP      102.46   0.6029   1    180.0      190.0           190.0        5     112.5        115.0       120.0        5   180.0   190.0        200.0   5   500.0         301.45    6
 -120kg
  1 Stanfield Connor           1997      APA      119.06   0.5760   8    270.0      290.0-nzj       300.0        1     160.0        170.0       177.5        1   260.0   280.0        292.5   2   760.0         437.76   12
  2 Goldsack Tom               1996      NTH      118.38   0.5768   9    210.0      240.0           260.0        2     160.0        175.0       185.0        2   250.0   300.0        321.0   1   715.0         412.41    9
  3 Ellmers Dan                1995      CD       117.10   0.5783   7    212.5      220.0           227.5        3     102.5        107.5       112.5        3   205.0   212.5        220.0   3   547.5         316.62    8
Nation (points)
  1 Auckland                     54   [12+12+12+9+9] 2075.42 w.pts.
  2 Canterbury                   41   [12+12+9+8] 1658.29 w.pts.
  3 Southern Powerlifting        37   [12+12+7+6] 1451.22 w.pts.
  4 Central Districts            25   [9+8+8] 1119.23 w.pts.
  5 Northland                     9   [9] 412.41 w.pts.

 Best Lifters of Juniors
Rnk Lifter                   Nation               B.Weight               WF              Total                W.Points          C.Rnk.
 1 Stanfield Connor          Auckland              119.06              0.5760            760.0                 437.76             1
 2 Chaithoo Brendon          Auckland               52.46              0.9723            447.5                 435.10             1
 3 Koopu Mahaki              Canterbury             80.48              0.6801            637.5                 433.56             1

Masters 1
-74kg
 1 Carton Brendan             1977    WBOP     73.54    0.7225   5     180.0    190.0        190.0        1     100.0        105.0        110.0        1   170.0   180.0   190.0   1   470.0         339.57   12
-93kg
 1 Blight Jason               1977     CAN     91.36    0.6336   6     210.0    225.0-nzm1   235.0-nzm1   1     135.0        146.0-nzm1     X          1   230.0   242.5   250.0   1   623.5 -nzm1   395.05   12
 2 Mayo Kirk                  1976     CD      91.78    0.6322   1     170.0    172.5        180.0        2     125.0        132.5        132.5        2   190.0   200.0   205.0   3   505.0         319.26    9
 3 Mills Brian                1970     CD      87.48    0.6480   4     150.0    152.5        162.5        3     95.0         97.5         100.0        3   195.0   200.0   205.0   2   450.0         291.60    8
-105kg
 1 Abbott Lee                 1978     NTH     102.48   0.6028   3     220.0    235.0        245.0        1     152.5        160.0        165.0        1   265.0   285.0   295.0   1   690.0         415.93   12
 2 Laban Les                  1969     APA     104.80   0.5980   7     210.0    220.0        225.0        2     125.0        135.0        140.0        2   230.0   250.0   267.5   2   632.5         378.24    9
-120kg
 1 Pihama Manu                1977     APA     114.24   0.5821   10    237.5    245.0        252.5        2     147.5        155.0        162.5        4   265.0   280.0   295.0   1   687.5         400.19   12
 2 Sanileva Sani              1974     APA     120.00   0.5749   14    240.0    260.0        270.0        1     150.0        160.0        170.0        3   225.0   240.0   250.0   3   680.0         390.93    9
 3 O'Connor Leon              1971     NTH     119.96   0.5750    8    225.0    225.0        245.0        4     170.0        182.5        182.5        1   260.0   275.0   282.5   2   670.0         385.25    8
 4 Dennis Ian                 1973     CD      115.94   0.5798    9    242.5    252.5        252.5        3     160.0        165.0        165.0        2   230.0   232.5     X     4   632.5         366.72    7
120+kg
 1 Mathieson James            1977     CAN     174.82   0.5407   11 265.0       275.0        285.0        1     137.5        145.0        150.0        1   230.0   230.0   245.0   1   670.0         362.27   12

Nation (points)
  1 Auckland                     30   [12+9+9] 1169.36 w.pts.
  2 Canterbury                   24   [12+12] 757.32 w.pts.
  3 Central Districts            24   [9+8+7] 977.58 w.pts.
  4 Northland                    20   [12+8] 801.18 w.pts.
  5 Waikato Bay of Plenty        12   [12] 339.58 w.pts.

 Best Lifters of Masters 1
Rnk Lifter                   Nation               B.Weight               WF              Total                W.Points          C.Rnk.
 1 Abbott Lee                Northland             102.48              0.6028            690.0                 415.93             1
 2 Pihama Manu               Auckland              114.24              0.5821            687.5                 400.19             1
 3 Blight Jason              Canterbury             91.36              0.6336            623.5                 395.05             1

Masters 2
-66kg
 1 Wright Glenn               1962     APA     65.98    0.7854   1     150.0    157.5        157.5        1     85.0         90.0         95.0         1   187.5   195.0   200.0   1   442.5 -nzm2   347.54   12
-83kg
 1 Andrews Neil               1961        SP   82.72    0.6688   3     160.0    167.5        175.0        1     95.0         100.0        105.0        1   200.0   210.0   220.0   1   500.0         334.40   12
-93kg
 1 Tepa Norman                1960     APA     88.50    0.6440   5     200.0    205.0-nzm2   210.0-nzm2   1     115.0        115.0        120.0        3   210.0   215.0   217.5   3   547.5 -nzm2   352.59   12
 2 Anderson Chad              1966    WBOP     92.16    0.6309   6     180.0    190.0        190.0        2     115.0        120.0        125.0        1   205.0   215.0   220.0   2   535.0         337.53    9
 3 Knell Greg                 1964    WBOP     88.34    0.6446   8     172.5    185.0        190.0        3     105.0        115.0        120.0        2   205.0   220.0   226.5   1   525.0         338.42    8
-105kg
 1 Snelgrove Adrian           1964     APA      99.92   0.6088   10    200.0    212.5        225.0-nzm2   1     135.0        142.5        150.5-nzm2   2   240.0   252.5   265.0   1   640.5 -nzm2   389.94   12
 2 Boyce Graeme               1962     CD       99.50   0.6098    7    200.0    210.0        215.0        2     110.0        115.0        120.0        3   250.0   260.0   275.0   2   585.0         356.73   9
 3 Taylor Ricardo             1968     NTH     102.12   0.6036    4    165.0    175.0        185.0        3     145.0        150.0        155.0-nzm2   1   200.0   210.0   220.0   3   550.0         331.98   8
 4 Hodgson Anthony            1966     APA     102.16   0.6036    9    145.0    155.0        160.0        4     95.0         102.5        105.0        4   180.0   192.5   200.0   4   457.5         276.15   7
-120kg
 1 Gattsche Paul              1968     APA     119.56   0.5754   11 130.0       150.0        170.0        1     200.0-nzm2   207.5-nzo    213.0        1   160.0   180.0   200.0   1   577.5         332.29   12
120+kg
 1 Lousich Steve              1965     CAN     129.24   0.5662   12 260.0       272.5        278.0-nzm2   1     170.0        182.5        190.0        1   220.0   232.5   242.5   1   700.5 -nzm2   396.62   12

Nation (points)
  1 Auckland                     55   [12+12+12+12+7] 1698.51 w.pts.
  2 Waikato Bay of Plenty        17   [9+8] 675.95 w.pts.
  3 Canterbury                   12   [12] 396.62 w.pts.
  4 Southern Powerlifting        12   [12] 334.40 w.pts.
  5 Central Districts             9   [9] 356.73 w.pts.
  6 Northland                     8   [8] 331.98 w.pts.
 Best Lifters of Masters 2
Rnk Lifter                          Nation                  B.Weight                WF                     Total                W.Points      C.Rnk.
 1 Lousich Steve                    Canterbury               129.24               0.5662                   700.5                 396.62         1
 2 Snelgrove Adrian                 Auckland                  99.92               0.6088                   640.5                 389.94         1
 3 Boyce Graeme                     Central Districts         99.50               0.6098                   585.0                 356.73         2

Masters 3
-74kg
 1 Pickens Stephen                   1957      NTH      72.86      0.7274    6    140.0         150.0          155.0        1     95.0     105.5-nzm3   107.5-nzm3   1   185.0      191.5-nzm3 195.0-nzm3   1   457.5 -nzm3   332.79   12
-93kg
 1 Mcgavin Lindsay                   1957      CAN      88.26      0.6449    9    180.0         195.0          195.0-nzm3   1     105.0    115.0        125.0        1   200.0      215.0      226.0-nzm2   1   546.0 -nzm2   352.12   12
 2 Barrett Bryan                     1952      NTH      91.56      0.6329    8    165.0         172.5          180.0        2     80.0     87.5         92.5         3   210.0      217.5      222.5        2   495.0         313.29    9
 3 Rivers John                       1954      CD       91.56      0.6329    5    140.0         150.0          160.0        3     95.0     100.0        102.5        2   160.0      175.0      175.0        3   410.0         259.49    8
-105kg
 1 Magilsen Anthony                  1958      APA      96.44      0.6179    10 155.0           165.0          176.0-nzm3   1     110.0    120.0-nzm3   125.0-nzm3   1   205.0      215.0      223.0-nzm3   1   524.0 -nzm3   323.78   12
-120kg
 1 Taonui Rawiri                     1958        CD     119.84     0.5751    11 170.0-nzm3      180.0          180.0        1     90.0     95.0         95.0         1   200.0-nzm3 210.0-nzm3 215.0-nzm3   1   475.0 -nzm3   273.17   12

Nation (points)
  1 Northland                            21   [12+9] 646.07 w.pts.
  2 Central Districts                    20   [12+8] 532.66 w.pts.
  3 Canterbury                           12   [12] 352.11 w.pts.
  4 Auckland                             12   [12] 323.78 w.pts.

 Best Lifters of Masters 3
Rnk Lifter                          Nation                  B.Weight                WF                     Total                W.Points      C.Rnk.
 1 Mcgavin Lindsay                  Canterbury                88.26               0.6449                   546.0                 352.12         1
 2 Pickens Stephen                  Northland                 72.86               0.7274                   457.5                 332.79         1
 3 Magilsen Anthony                 Auckland                  96.44               0.6179                   524.0                 323.78         1

Masters 4
-83kg
 1 Rippon John                       1948        CD     82.58      0.6695    2    140.0         140.0          142.5        1     102.5    105.0        106.0-nzm4   1   192.5      195.0-nzm4 197.5-nzm4   1   446.0 -nzm4   298.60   12

Nation (points)
  1 Central Districts                    12   [12] 298.60 w.pts.

 Best Lifters of Masters 4
Rnk Lifter                          Nation                  B.Weight                WF                     Total                W.Points      C.Rnk.
 1 Rippon John                      Central Districts         82.58               0.6695                   446.0                 298.60         1

Abbreviations:
o- Open Record; m 1-4 - Master's Record; j - Junior's Record; sj - Subjunior's Record; x- refused attempt.
DSQ - Disqualification; DR - Removed by a Doctor; TD - Technical Disqualification; DD - Doping Disqualification.
APA = Auckland                              NTH = Northland
CAN = Canterbury                            SP = Southern Powerlifting
CD = Central Districts                      WBOP = Waikato Bay of Plenty
                                                                                         NEW ZEALAND POWERLIFTING FEDERATION
                                                                    New Zealand Womens Powerlifting Championships 2018, Whangarei (New Zealand), 23-26.08.2018
                                                                                                     DETAILED SCORESHEET
 PL. Lifters                   BY         Team    Weight     WF        Lot                    All Squat                           All Bench Press                       All Deadlift               TOTAL   W.pts.   Pts.
Open
-47kg
 1 Kim Seon Hwa               1981        CAN      46.78   1.3494      6      77.5    83.0-nzo      84.5-nzo    1      52.5     55.0        57.5       1    105.0   110.0       112.5       1    252.0     340.05   12
-52kg
 1 Corrigan Evie              1996        APA      51.62   1.2537      9      132.5   140.0         143.5-nzo   1      80.0     85.5-nzo    86.5-nzo   1    155.0   165.0-nzj   170.0       2    395.0     495.21   12
 2 Foulkes Amanda             1988        CD       51.88   1.2489      2      130.0   140.0         143.0-nzo   2      65.0     67.5        70.0       2    160.0   168.0-nzo   170.5-nzo   1    383.5     478.95   9
 3 Jones Lindsay              1981        CAN      51.84   1.2496      10     95.0    100.0         105.0       3      57.5     60.0        62.5       4    125.0   130.0       132.5       4    292.5     365.51   8
 4 Sheng Jenny                1992        APA      51.74   1.2515      11     85.0    92.5          92.5        4      57.5     60.0        62.5       3    125.0   135.0       140.0       3    285.0     356.68   7
-57kg
 1 Simpson-Thomas Sarah       1991        CAN      56.08   1.1753      22     110.0   117.5         125.0       1      82.5     85.0-nzo    87.0-nzo   1    150.0   160.0       165.0       2    377.0     443.09   12
 2 Knights Ruth               1982        CAN      55.64   1.1826      23     107.5   112.5         115.0       3      55.0     57.5        62.5       5    140.0   150.0       165.0       1    342.5     405.04   9
 3 Smith Megan                1981        CAN      56.46   1.1691      21     100.0   105.0         110.0       7      67.5     70.0        72.5       2    145.0   155.0       160.0       3    342.5     400.42   8
 4 Ferguson Poppy             1992        APA      56.70   1.1652      16     115.0   122.5         122.5       2      70.0     72.5        75.0       3    140.0   147.5       155.0       4    342.5     399.08   7
 5 McCurrie Caitlin           1992        CAN      55.78   1.1802      24     100.0   107.5         112.5       6      62.5     67.5        70.0       4    132.5   142.5       150.0       5    322.5     380.62   6
 6 Hamilton Gillian           1990        CAN      55.98   1.1769      12     110.0   115.0         120.0       4      57.5     60.0        62.5       7    125.0   130.0       135.0       7    312.5     367.78   5
 7 Jenkins Holly              1992        CD       55.74   1.1809      1      105.0   112.5         117.5       5      57.5     62.5        62.5       6    125.0   130.0       135.0       6    310.0     366.08   4
 8 Holwell Emma               1989        NTH      57.00   1.1604      17     90.0    90.0          95.0        8      47.5     50.0        52.5       8    115.0   120.0       120.0       8    262.5     304.61   3
-63kg
 1 Dillen Carolina            1983        APA      62.74   1.0773      20     135.0   145.0         150.0       1      77.5     82.5        85.0       1    155.0   162.5       172.5       1    407.5     439.00   12
 2 Menzies Sarah              1992        APA      62.58   1.0794      7      125.0   135.0         140.0       2      70.0     75.0        77.5       5    150.0   160.0       162.5       2    377.5     407.47   9
 3 Lin Katie                  1989        APA      62.64   1.0786      5      132.5   140.0         145.0       3      75.0     77.5        80.0       2    147.5   157.5       157.5       4    377.5     407.17   8
 4 George Anna                1993        CAN      60.10   1.1134      18     125.0   132.5         137.5       5      65.0     70.0        75.0       4    150.0   160.0       170.0       3    367.5     409.18   7
 5 Picoli Juliana             1984         SP      63.00   1.0740      15     120.0   130.0         137.5       4      57.5     60.0        62.5       10   135.0   145.0       150.0       5    342.5     367.85   6
 6 Hall Robyn                 1994        CAN      62.20   1.0844      8      105.0   112.5         117.5       6      72.5     77.5        77.5       3    132.5   142.5       150.0       6    337.5     365.99   5
 7 Graham Chloe               1983        APA      62.60   1.0792      13     110.0   117.5         122.5       7      62.5     65.0        67.5       6    127.5   135.0       137.5       10   312.5     337.25   4
 8 Bloomfield Jamie           1990        APA      59.98   1.1152      14     105.0   110.0         115.0       8      55.0     60.0        62.5       9    117.5   125.0       132.5       7    302.5     337.35   3
 9 Milner Fran                1987        NTH      60.82   1.1033      3      90.0    92.5          95.0        9      62.5     65.0        67.5       7    120.0   125.0       130.0       8    287.5     317.20   2
 10 Leaton Jennifer           1985        APA      62.62   1.0789      19     85.0    92.5          95.0        10     60.0     65.0        67.5       8    110.0   120.0       130.0       9    287.5     310.18   1
-72kg
 1 Auva'a Barbra              1993        APA      71.16   0.9837      14     170.0   177.5         182.5       1      97.5     102.5       107.5      1    175.0   190.0       201.0-nzo   1    486.0     478.08   12
 2 Tongotea Karlina           1992        APA      68.56   1.0094      1      145.0   152.5         157.5       2      75.0     82.5        90.0       2    170.0   185.0       200.5-nzo   2    448.0     452.21   9
 3 Marceau-Pelletier Fanny    1989        APA      70.80   0.9871      2      127.5   135.0         140.0       5      75.0     80.0        82.5       3    170.0   177.5       182.5       3    397.5     392.37   8
 4 Thompson Anna              1981         SP      70.60   0.9890      8      127.5   132.5         137.5       4      75.0     77.5        80.0       4    155.0   165.0       172.5       4    387.5     383.24   7
 5 Dewer Jennifer             1983        CAN      71.68   0.9789      15     130.0   140.0         140.0       3      67.5     75.0        77.5       5    150.0   160.0       165.0       5    382.5     374.43   6
 6 Gibson Frankii             1994        APA      70.22   0.9927      3      115.0   122.5         127.5       6      65.0     70.0        72.5       6    135.0   142.5       150.0       6    347.5     344.96   5
-84kg
 1 De Joux Ana                1979        CAN      82.86   0.8979      22     145.0   152.5         160.0       3      80.0     85.0        87.5       3    175.0   185.0       192.5       1    437.5     392.83   12
 2 Cocker Siuea               1993        APA      83.68   0.8934      20     150.0   155.0         162.5       2      80.0     85.0        87.5       2    170.0   182.5       192.5       3    432.5     386.40   9
 3 Ingram Rachel              1991        CD       79.88   0.9158      21     147.5   155.0         162.5       1      75.0     77.5        80.0       4    170.0   180.0       185.0       2    425.0     389.21   8
 4 Abbott Janelle             1981        NTH      81.02   0.9087      19     135.0   147.5         155.0       4      90.0     95.0        97.5       1    145.0   157.5       165.0       5    415.0     377.11   7
 5 Ferris Amy                 1989        CAN      84.00   0.8917      17     135.0   140.0           X         5      70.0     72.5        77.5       6    160.0   170.0       180.0       4    382.5     341.07   6
 6 Lyon Katherine             1988         SP      83.74   0.8931      16     120.0   127.5         135.0       6      72.5     77.5        77.5       5    135.0   145.0       152.5       6    360.0     321.52   5
84+kg
 1 Vaitupu Sharon             1993        APA     148.92   0.5539      18     190.0   200.0         205.0       1      75.0     80.0        85.0       8    185.0   205.0       215.0       1    485.0     268.64   12
 2 Barrett Katrina            1979        NTH     130.26   0.7880      7      172.5   180.0         180.0       4      95.0     100.0       100.0      1    170.0   177.5       185.0       5    465.0     366.42   9
 3 Kinloch Chavah             1984        APA     125.58   0.7932      12     150.0   160.0         170.0       5      80.0     90.0        100.0      3    180.0   195.0       205.0       3    455.0     360.91   8
 4 Carter Laura               1986        CAN     124.32   0.7947      9      165.0   172.5         180.0       3      80.0     85.0        87.5       5    160.0   170.0       172.5       6    440.0     349.67   7
 5 Wylie Lisa                 1991        CAN     137.16   0.7806      10     180.0   190.0           X         2      75.0     80.0        85.0       7    155.0   165.0       172.5       8    435.0     339.56   6
 6 Hepi Kylie                 1980        CD      105.62   0.8206      6      140.0   145.0         160.0       9      82.5     87.5        90.0       2    175.0   185.0       190.0       4    425.0     348.75   5
 7 Mehrtens Stacey            1986        CAN     134.06   0.7839      13     120.0   140.0         157.5       7      90.0     95.0        100.0      4    140.0   160.0       177.5       9    407.5     319.44   4
 8 Brown Velma                1991        NTH     107.42   0.8173      11     127.5   137.5         147.5       8      77.5     85.0        90.0       6    165.0   175.0       175.0       7    397.5     324.88   3
 9 Gough Hannah               1989        NTH     109.42   0.8140      5      125.0   130.0         135.0       10     55.0     60.0        62.5       9    130.0   135.0       140.0       10   332.5     270.65   2
 — Anderson Brydie            1985        CD      116.30   0.8042      4      147.5   157.5         165.0       6      85.0     87.5        87.5       —    185.0   195.0       202.5       2    DSQ         —      —

Nation (points)
  1 Auckland                     57   [12+12+12+12+9] 2133.14 w.pts.
  2 Canterbury                   53   [12+12+12+9+8] 1981.43 w.pts.
  3 Central Districts            26   [9+8+5+4] 1583.00 w.pts.
  4 Northland                    24   [9+7+3+3+2] 1690.21 w.pts.
  5 Southern Powerlifting        18   [7+6+5] 1072.60 w.pts.

 Best Lifters of Open
Rnk Lifter                   Nation                   B.Weight                 WF                Total               W.Points     C.Rnk.
 1 Corrigan Evie             Auckland                   51.62                1.2537              395.0                495.21        1
 2 Foulkes Amanda            Central Districts          51.88                1.2489              383.5                478.95        2
 3 Auva'a Barbra             Auckland                   71.16                0.9837              486.0                478.08        1
Sub-Juniors
-63kg
 1 Baker Jas                   2001        CAN      61.32     1.0963   9     137.5-nzsj 145.0          145.0-nzj    1     70.0-nzsj    75.0-nzsj   77.5         1   145.0-nzsj 155.0-nzsj 160.0-nzsj 1   380.0 -nzsj   416.59   12
 2 Thoumine Samantha           2003        NTH      62.96     1.0745   1     80.0       85.0           90.0         2     35.0         40.0        45.0         2   100.0      110.0      125.0      2   245.0         263.25   9
-72kg
 1 Garlick Jessica             2001        CAN      68.32     1.0119   5 90.0            95.0          100.0        3     45.0         47.5        50.0         3   130.0        140.0   150.0-nzsj 1    295.0         298.51   12
 2 Molnar Jessie               2001        APA      71.26     0.9828   2 97.5            105.0         107.5        1     52.5         55.0        57.5         2   105.0        115.0   122.5      2    285.0         280.10   9
 3 Websdell Stella             2001        APA      68.36     1.0115   12 92.5           97.5          97.5         2     55.0         60.0        62.5         1   105.0        115.0   127.5      3    272.5         275.63   8
-84kg
 1 Cocker Victoria             2000        APA      82.26     0.9013   3     140.0       147.5         152.5-nzsj   1     50.0         57.5        62.5         1   165.0        175.0   175.0       1   375.0         337.99   12

Nation (points)
  1 Auckland                      29 [12+9+8] 893.72 w.pts.
  2 Canterbury                    24 [12+12] 715.10 w.pts.
  3 Northland                      9 [9] 263.25 w.pts.

 Best Lifters of Subjuniors
Rnk Lifter                    Nation                   B.Weight               WF                     Total              W.Points         C.Rnk.
 1 Baker Jas                  Canterbury                 61.32              1.0963                   380.0               416.59            1
 2 Cocker Victoria            Auckland                   82.26              0.9013                   375.0               337.99            1
 3 Garlick Jessica            Canterbury                 68.32              1.0119                   295.0               298.51            1

Juniors
 -47kg
  1 Al Siyabi Ahoud          1997           SP      45.30     1.3804   5     82.5-nzor 90.0            92.5-nzor    1     60.0-nzj     62.5-nzj    65.0-nzo     1   117.5-nzj 125.0-nzj 132.5-nzo 1      290.0 -nzo    400.32   12
 -52kg
  1 Smith Megan-Li           1996          SP       49.38     1.2968   4     100.0       110.0         112.5        1     55.0         57.5        60.0         1   130.0        140.0   145.0       1   310.0         402.01   12
  2 Hussain Shehnaz          1998          APA      51.20     1.2616   6     95.0        100.0         105.0        2     45.0         50.0        50.0         2   112.5        117.5   122.5       2   267.5         337.48   9
 -57kg
  1 Abdallah Afye            1996          APA      57.00     1.1604   7     105.0       110.0         115.0        1     55.0         60.0        62.5         2   135.0        140.0   147.5-nzj 1     322.5         374.23   12
  2 Jo Rosh                  1996          CAN      56.92     1.1617   1     102.5       107.5         112.5        2     70.0         75.0        78.5         1   122.5        122.5   132.5     2     313.5         364.19   9
  3 Ong Kimberley            1997          APA      55.34     1.1876   9     95.0        105.0         107.5        3     55.0         57.5        60.0         3   90.0         105.0   115.0     3     277.5         329.56   8
 -63kg
  1 Harris Orla              1997           SP      62.46     1.0810   11    120.0       130.0         135.0        1     85.0         90.0-nzo    93.0         1   140.0        150.0   157.5       2   382.5 -nzj    413.48   12
  2 Limbrick Amie            1995           APA     62.24     1.0839   9     110.0       117.5         125.0        3     75.0         80.0        80.0         2   150.0        162.5   170.5       1   360.0         390.20   9
  3 Johnston Sophie          1995          WBOP     61.52     1.0936   2     100.0       110.0         117.5        2     62.5         67.5        70.0         3   135.0        145.0   157.5       3   330.0         360.89   8
  4 Bentley Traleenah        1997           APA     62.94     1.0747   8     95.0        102.5         110.0        5     65.0         70.0        70.0         5   127.5        135.0   140.0       4   307.5         330.47   7
  5 Valdez Monica            1995           APA     60.24     1.1114   12    95.0        105.0         110.0        4     50.0         52.5        55.0         6   122.5        132.5   135.0       5   292.5         325.08   6
  6 John Melanie             1996           APA     61.70     1.0911   3     87.5        95.0          102.5        6     60.0         65.0        67.5         4   110.0        120.0   130.0       6   290.0         316.42   5
 -72kg
  1 Samountry Alisa          1996           APA     71.66     0.9791   6     132.5       137.5         137.5        2     70.0         72.5        75.0         3   177.5        187.5   194.5-nzj   1   407.0         398.49   12
  2 Govind Hema              1996           CAN     71.84     0.9775   5     147.5       155.0         155.0        1     80.0         85.0        89.5-nzj     1   145.0        155.0   162.5       3   407.0         397.84   9
  3 Giles-Rosanowski Emily   1997           CAN     70.98     0.9854   4     122.5       130.0         135.0        3     70.0         75.0        77.5         2   157.5        167.5   180.0       2   377.5         371.99   8
  4 Isbister Jade            1995           NTH     71.10     0.9843   1     115.0       122.5         127.5        6     67.5         72.5        72.5         5   130.0        140.0   150.0       4   340.0         334.66   7
  5 Alexander Anna           1995          WBOP     71.78     0.9780   3     115.0       122.5         127.5        4     55.0         60.0        62.5         7   132.5        140.0   145.0       5   332.5         325.19   6
  6 Wallstroem Amanda        1995           APA     68.40     1.0110   2     125.0       125.0         127.5        5     55.0         57.5        60.0         6   115.0        117.5   122.5       7   307.5         310.88   5
  7 McCarthy Loren           1995           APA     68.48     1.0102   10    102.5       105.0         105.0        8     65.0         65.0        67.5         4   120.0        125.0   127.5       6   297.5         300.54   4
  — Madaan Rupal             1995           APA     71.28     0.9826   8     115.0       115.0         122.5        7     52.5         55.0        55.0         8   125.0          X       X         —   DSQ             —      —
 -84kg
  1 Pouwhare-Anderson Hinewai1995          CD       82.52     0.8999   14    175.0       182.5         182.5        2     100.0-nzjr   105.0       105.0-nzjr   1   200.0-nzjr   210.0   210.0       2   480.0 -nzo    431.95   12
  2 Tasi Jewel               1998          APA      83.16     0.8963   12    170.0-nzj   180.0-nzo     183.0        1     75.0         82.5        90.0         2   175.0        190.0   200.5-nzj   1   463.0         414.99   9
  3 Copeland Sophie          1995          CAN      83.62     0.8938   7     137.5       145.0         152.5        3     62.5         67.5        70.0         4   142.5        152.5   160.0       4   382.5         341.88   8
  4 Williams Chanel          1995           SP      76.20     0.9414   11    117.5       122.5         125.0        4     65.0         67.5        70.0         3   160.0        165.0   170.0       3   365.0         343.61   7
 84+kg
  1 Siale Sulifa             1995          APA     109.90     0.8132   13 117.5          125.0         130.0        1     57.5         62.5        65.0         1   165.0        172.5   180.0       1   375.0         304.95   12

Nation (points)
  1 Auckland                      54   [12+12+12+9+9] 1882.86 w.pts.
  2 Southern Powerlifting         43   [12+12+12+7] 1559.42 w.pts.
  3 Canterbury                    34   [9+9+8+8] 1475.90 w.pts.
  4 Waikato Bay of Plenty         14   [8+6] 686.07 w.pts.
  5 Central Districts             12   [12] 431.95 w.pts.
  6 Northland                      7   [7] 334.66 w.pts.

 Best Lifters of Juniors
Rnk Lifter                 Nation                      B.Weight               WF                     Total              W.Points         C.Rnk.
                          Central Districts
 1 Pouwhare-Anderson Hinewai                             82.52              0.8999                   480.0               431.95            1
 2 Tasi Jewel             Auckland                       83.16              0.8963                   463.0               414.99            2
 3 Harris Orla            Southern Powerlifting          62.46              1.0810                   382.5               413.48            1
Masters 1
-63kg
 1 August Bridget             1973       WBOP       61.82    1.0895   1     115.0   120.0        125.0        1     67.5         72.5         75.0     2    140.0   147.5   152.5   1   335.0         364.98   12
 2 Te Wano Nikki              1977       WBOP       61.68    1.0914   4     100.0     X            X          2     67.5         73.0-nzm1    75.0     1    105.0   110.0   130.0   2   283.0         308.87   9
-72kg
 1 Jessop Roshelle            1975        CAN       71.08    0.9845   9     132.5   140.0-nzm1   147.5-nzm1   1     85.0         91.0-nzm1    95.0     1    165.0   172.5   181.0   1   411.0 -nzm1   404.63   12
 2 List Cynthia               1977        CD        69.54    0.9994   3     130.0   130.0        140.5-nzm1   2     70.0         75.0         77.5     2    150.0   160.0   167.5   4   375.5         375.27   9
 3 Barrett Jenny              1975        NTH       71.24    0.9830   7     120.0   127.5        135.0        3     70.0         72.5         75.0     3    162.5   170.0   170.0   3   370.0         363.71   8
 4 Tarlton Jo                 1972        APA       68.76    1.0073   10    115.0   122.5        127.5        4     62.5         67.5         70.0     4    152.5   162.5   167.5   2   365.0         367.67   7
-84kg
 1 Hanara Jessica             1975        CD        79.38    0.9190   6     140.0   147.5        150.0        1     90.0         95.0         97.5     1    175.0   185.0   185.0   1   420.0         385.98   12
 2 Anderson Katie             1970       WBOP       81.32    0.9069   2     117.5   125.0        130.0        2     55.0         60.0         60.0     4    135.0   145.0   152.5   2   337.5         306.08   9
 3 Graham Frances             1971       WBOP       77.10    0.9347   5     110.0   115.0        117.5        3     60.0         62.5         65.0     3    130.0   142.5   147.5   3   327.5         306.11   8
 4 Fischer Phillipa           1973        APA       77.18    0.9341   11    100.0   105.0        107.5        4     65.0         67.5         70.0     2    140.0   145.0   147.5   4   325.0         303.58   7
84+kg
 1 Murray Taari               1969        NTH      131.70    0.7865   12    140.0   145.0        145.0        3     125.0-nzm1   130.0-nzm1   132.5    1    170.0   185.0   200.0   1   460.0         361.79   12
 2 MacKenzie Alice            1975        CD        97.10    0.8402   13    160.0   165.0        170.0        1     70.0         75.0         80.0     2    165.0   170.0   175.0   3   415.0         348.68   9
 3 Welsh Michelle             1978        CAN       94.26    0.8487   14    137.5   147.5        155.0        2     67.5         72.5         77.5     3    165.0   172.5   180.0   2   392.5         333.12   8
 4 Cosner Ali                 1971        NTH       99.54    0.8337   8     105.0   115.0        125.0        4     67.5         72.5         75.0     4    140.0   150.0   160.0   4   337.5         281.37   7

Nation (points)
  1 Waikato Bay of Plenty        38   [12+9+9+8] 1286.04 w.pts.
  2 Central Districts            30   [12+9+9] 1109.94 w.pts.
  3 Northland                    27   [12+8+7] 1006.87 w.pts.
  4 Canterbury                   20   [12+8] 737.74 w.pts.
  5 Auckland                     14   [7+7] 671.25 w.pts.

 Best Lifters of Masters 1
Rnk Lifter                   Nation                    B.Weight              WF             Total                 W.Points         C.Rnk.
 1 Jessop Roshelle           Canterbury                  71.08             0.9845           411.0                  404.63            1
 2 Hanara Jessica            Central Districts           79.38             0.9190           420.0                  385.98            1
 3 List Cynthia              Central Districts           69.54             0.9994           375.5                  375.28            2

Masters 2
-52kg
 1 Taylor Julianne            1959        APA       51.26    1.2605   10 75.0       75.0         80.0         1     47.5         50.0         50.0     1    95.0    105.0   107.5   1   235.0         296.22   12
-57kg
 1 Menzies Catherine          1960       WBOP       56.84    1.1630   7     67.5    72.5         77.5         1     55.0         60.0         60.0     1    90.0    102.5   107.5   1   245.0         284.94   12
-63kg
 1 Lindsay Margaret           1961        NTH       61.22    1.0977   8     90.0    95.0         97.5         1     57.5         60.0         61.0-nzm2 1   105.0   110.0   117.5   1   273.5         300.22   12
-72kg
 1 Ferris Toni                1964        CAN       69.78    0.9970   13 87.5       95.0         100.0        1     50.0         55.0         60.0     1    115.0   125.0   130.0   1   280.0         279.16   12
84+kg
 1 Fitzmaurice Alison         1966        CD       134.30    0.7836   11 160.0      170.0        183.0        1     90.0         95.0         100.0    1    155.0   162.5   167.5   1   432.5         338.91   12
 2 Lum Ngahine                1968        NTH      110.24    0.8127   14 90.0       95.0         100.0        2     80.0         82.5         85.0     2    120.0   130.0   140.0   2   312.5         253.97   9

Nation (points)
  1 Northland                    21   [12+9] 554.19 w.pts.
  2 Central Districts            12   [12] 338.91 w.pts.
  3 Auckland                     12   [12] 296.22 w.pts.
  4 Waikato Bay of Plenty        12   [12] 284.93 w.pts.
  5 Canterbury                   12   [12] 279.16 w.pts.

 Best Lifters of Masters 2
Rnk Lifter                   Nation                    B.Weight              WF             Total                 W.Points         C.Rnk.
 1 Fitzmaurice Alison        Central Districts          134.30             0.7836           432.5                  338.91            1
 2 Lindsay Margaret          Northland                   61.22             1.0977           273.5                  300.22            1
 3 Taylor Julianne           Auckland                    51.26             1.2605           235.0                  296.22            1

Masters 3
-47kg
 1 Muldrock Trish             1954        NTH       47.00    1.3449   6     65.0    70.0         75.0         1     55.0         57.5         62.5     1    100.0   110.0   128.0   1   247.5 -nzm1   332.86   12
-57kg
 1 Wilson Cherry              1950        APA       56.54    1.1678   4     70.0    75.0         78.0         1     40.0         42.0-nzm3    43.0-nzm3 1   90.0    95.0     X      1   203.0         237.06   12

Nation (points)
  1 Northland                    12 [12] 332.86 w.pts.
  2 Auckland                     12 [12] 237.06 w.pts.
 Best Lifters of Masters 3
Rnk Lifter                      Nation                      B.Weight              WF                   Total       W.Points   C.Rnk.
 1 Muldrock Trish               Northland                     47.00             1.3449                 247.5        332.86      1
 2 Wilson Cherry                Auckland                      56.54             1.1678                 203.0        237.06      1

Abbreviations:
o- Open Record; m 1-4 - Master's Record; j - Junior's Record; sj - Subjunior's Record; x- refused attempt.
DSQ - Disqualification; DR - Removed by a Doctor; TD - Technical Disqualification; DD - Doping Disqualification.
APA = Auckland                        NTH = Northland
CAN = Canterbury                      SP = Southern Powerlifting
CD = Central Districts                WBOP = Waikato Bay of Plenty
