7/16/20220          UPA Iron Battle on the Mississippi-Lb Results
                                       BWt     WtCls                                       Best                                    Best      Sub  Deadlift   Deadlift Deadlift  Best               Coeff
        Name         Age      Div                        Wilks   Squat 1 Squat 2 Squat 3         Bench 1      Bench 2 Bench 3                                                             PL Total         Pl-Div-WtCl
                                       (Kg)    (Kg)                                       Squat                                   Bench     Total    1          2        3     Deadlift            Score
Xavier Mooney        24    MORE-AD      68.6     75     0.7155   181.88   -248.02 -248.02 181.88 143.3        -165.35    165.35   165.35   347.22 325.18     363.76    402.34   402.34 749.564     243.27 1-MORE-AD-75
Chandler Steele      24    MORE-AD       88      90     0.5935   512.57    540.13 562.17 562.17 319.67         341.71    352.74   352.74   914.91 501.55     540.13   -562.17   540.13 1455.036    391.71 1-MORE-AD-90
Damien Fahlbeck      31    MORE-AD      99.2    100      0.556   418.87    485.01 501.55 501.55 330.69        -385.81   -385.81   330.69   832.24 529.1      545.64   -567.68   545.64 1377.875     347.5 1-MORE-AD-100
Landyn Voss          24    MORE-AD     109.4    110     0.5372   562.17    600.75 617.29 617.29 374.78        -413.36   -413.36   374.78   992.07 -606.27    606.27   -639.33   606.27 1598.335    389.47 1-MORE-AD-110
Jacob Foss           22    MORE-AD     104.8    110     0.5441    573.2    606.27 -639.33 606.27 314.16        341.71   -358.25   341.71   947.98 562.17     606.27   -633.82   606.27 1554.243 383.5905 2-MORE-AD-110
Bill Kemper          28     MORE        81.8    82.5     0.623   402.34   -418.87 -418.87 402.34 314.16        330.69   -341.71   330.69   733.03 424.39     440.92   -457.45   440.92 1173.9495 331.7475 1-MORE-82.5
Doug Platt           28     MORE        89.8     90     0.5861   424.39    451.94 485.01 485.01 281.09        -303.13   -303.13   281.09    766.1  529.1     556.66    578.71   578.71 1344.806   357.521  1-MORE-90

Thomas Ryan          23      MORE        88      90     0.5935   297.62   341.71 -363.76 341.71      209.44   242.51 -259.04 242.51        584.22   440.92   -479.5   -479.5    440.92    1025.139    275.9775   2-MORE-90

Brian Billerbeck     31      MORE        89      90     0.5893   209.44   236.99   264.55   264.55   231.48   264.55 -281.09 264.55         529.1    286.6   319.67 352.74 352.74    881.84    235.72   3-MORE-90
Mike Zach            32      MORE       99.4    100     0.5555   595.24   639.33   661.38   661.38   396.83   424.39 435.41 435.41         1096.8   584.22   628.31 -655.87 628.31 1725.0995 434.67875 1-MORE-100 *Raw Best Lifter
Conor Bernhard       30      MORE       97.6    100     0.5602    429.9   451.94   473.99   473.99   314.16   325.18 -341.71 325.18        799.17   501.55    529.1 551.15 551.15 1350.3175 343.1225 2-MORE-100
Kevin Pavon          38      MORE       99.4    100    0.5555    369.27   402.34 -424.39 402.34      286.6    308.64 -319.67 308.64        710.98   473.99   501.55   518.08    518.08 1229.0645 309.69125 3-MORE-100
Austyn Yeske         28      MORE       99      100     0.5565   507.06   -529.1   -529.1   507.06 -352.74 -352.74 -352.74  0                0        0        0       0      0        0                 0           0
Tim Hoffman          39      MORE      108.2    110     0.5388   540.13   600.75   -622.8   600.75 402.34 435.41 -451.94 435.41            1036.2   611.78   666.89 -677.91 666.89 1703.0535          416.223    1-MORE-110
Trevor McKee         27      MORE      105.8    110     0.5424   496.04   540.13   -573.2   540.13 303.13 -319.67 -330.69 303.13           843.26   501.55   540.13 -584.22 540.13 1383.3865          340.356    2-MORE-110

Palmer Lane          24      MORE      105.4    110     0.5431   440.92 -468.48 485.01      485.01 319.67 -352.74 -358.25 319.67           804.68   501.55 529.1 556.66 556.66 1361.3405 335.36425               3-MORE-110
Jordan Bormann       31      MORE      104.4    110     0.5448   385.81 413.36    0         413.36 -242.51 259.04 -270.06 259.04            672.4   496.04 534.62 545.64 545.64 1218.0415 301.002                4-MORE-110
Brad Bebee           32      MOR        73.2     75     0.6774   385.81 396.83 402.34       402.34 248.02 253.53 259.04 259.04             661.38   496.04 523.59     0    523.59 1184.9725 364.1025               1-MOR-75
David Thompson       29      MOR        82.2    82.5    0.6209   650.36 688.94 -705.47      688.94 413.36 424.39 -435.41 424.39            1113.3   611.78 -633.82    0    611.78 1725.0995 485.85425            1-MOR-82.5 *Raw Elite Best Lifter
Tyler Duerling       20      MOR         79     82.5    0.6388    573.2 606.27 -617.29      606.27 303.13 314.16 330.69 330.69             936.96    573.2 600.75     0    600.75 1537.7085 445.563              2-MOR-82.5
Jesse Hannam         26      MOR        82.4    82.5    0.6198    479.5 501.55 523.59       523.59 303.13 319.67 336.2     336.2           859.79   523.59 556.66 -567.68 556.66 1416.4555 398.2215              3-MOR-82.5
Mike Richard         26      MOR        81.8    82.5     0.623   473.99 490.52 -501.55      490.52 275.58 292.11 -303.13 292.11            782.63   551.15 -578.71 -578.71 551.15 1333.783   376.915             4-MOR-82.5
Ryan Staelgraeve     27      MOR        79.6    82.5    0.6352   363.76 385.81 402.34       402.34 225.97 242.51 253.53 253.53             655.87    529.1 551.15 573.2     573.2 1229.0645 354.124              5-MOR-82.5
William Bruce        21      MOR        89.2     90     0.5885   352.74 391.32 418.87       418.87 242.51 259.04 270.06 270.06             688.94   385.81 407.85 429.9     429.9 1118.8345 298.66375              1-MOR-90
Jon Sodawasser       29      MOR        99.8    100     0.5545   600.75 650.36 677.91       677.91 396.83 424.39 -435.41 424.39            1102.3   589.73 639.33 655.87 655.87 1758.1685 442.21375               1-MOR-100
Jay Myers            32      MOR        94.8    100     0.5685   578.71 600.75 622.8         622.8 292.11 314.16 336.2     336.2             959    578.71 633.82 661.38 661.38 1620.381 417.8475                 2-MOR-100
Christian Wheeler    29      MOR        99.8    100     0.5545   562.17 578.71 -600.75      578.71 380.29 -407.85 -407.85 380.29             959    545.64 584.22 -606.27 584.22 1543.22      388.15              3-MOR-100
Jake Baker           34       MOR       97.5     100    0.5605 451.94 501.55     0    501.55         325.18 -352.74 -352.74 325.18         826.73   551.15 -600.75   0          551.15     1377.875    350.3125 4-MOR-100
John Ray             33       MOR       98.4     100    0.5581 468.48 479.5 -490.52 479.5            275.58 281.09 -292.11 281.09          760.59    529.1 -567.68   0           529.1     1289.691    326.4885 5-MOR-100
Austin Carlson       33       MOR       107      110    0.5405 -578.71 -578.71 578.71 578.71         325.18 358.25 -369.27 358.25          936.96   473.99 529.1 567.68         567.68    1504.6395   368.89125 1-MOR-110
Jacob Avery          23       MOR      103.8     110    0.5459 518.08 540.13 567.68 567.68           275.58 292.11 314.16 314.16           881.84   496.04 523.59 -556.66       523.59    1405.4325   348.01125 2-MOR-110
Alexander Tabb       28       MOR      106.8     110    0.5408 336.2 358.25 -369.27 358.25           214.95 231.48 242.51 242.51           600.75   407.85 -440.92 440.92       440.92    1041.6735     255.528  3-MOR-110
Joel Watchorn        23       MOR      115.6     125    0.5309 677.91 -688.94 688.94 688.94          259.04 -281.09 281.09 281.09          970.02   523.59 556.66 -573.2        556.66    1526.6855   367.64825 1-MOR-125
Jeramie Ibarra       33       MOR       141     SHW     0.5023 633.82 661.38 688.94 688.94           396.83 424.39 -440.92 424.39          1113.3   628.31 666.89 -688.94       666.89    1780.2145   405.60725 1-MOR-SHW
Anthony Trimpe       28       MOR      147.5    SHW     0.4954 418.87 429.9 446.43 446.43            292.11 308.64 319.67 319.67            766.1   440.92 462.97 490.52        490.52     1256.622     282.378 2-MOR-SHW
Corey Wisdom         32       MOR      172.4    SHW     0.4732 -363.76 -363.76 363.76 363.76         242.51 259.04 270.06 270.06           633.82   369.27 407.85 429.9          429.9    1063.7195   228.32382 3-MOR-SHW
Justin Bentley       33       MO         75       75    0.6645 567.68 595.24     0    595.24         259.04 270.06 -275.58 270.06          865.31   485.01 501.55 518.08        518.08    1383.3865   416.97375   1-MO-75
Adam Fenton          38       MO        80.6    82.5    0.6295 473.99 -490.52 501.55 501.55          446.43 468.48 485.01 485.01           986.56   473.99 501.55 507.06        507.06    1493.6165   426.48625 1-MO-82.5
Rob Weber            30       MO        98.2     100    0.5586 -777.12 -777.12   0      0              0       0       0      0               0        0      0      0             0          0            0         0
16-Jul-22           UPA Iron Battle on the Mississippi-Lb Results
                               BWt    WtCls                                          Best       Coeff
       Name         Age   Div                  Wilks   Bench 1 Bench 2 Bench 3                          Pl-Div-WtCl
                               (Kg)   (Kg)                                          Bench       Score
Anthony Nixon       55 MM4R      99    100    0.5565 352.74     363.76   -374.78    363.759    91.8225 1-MM4R-100
Coltin Rau          18 MT3R 142.6     SHW     0.5005 424.39    -451.94   -451.94   424.3855   96.34625 1-MT3R -SHW
Gerald Lindas       85 MM10R-AD65.8    67.5   0.7429 187.39      192.9   -198.41   192.9025   65.00375 1-MM10R-AD-67.5
Nathan Culbertson   33   MOR 131.2     140    0.5136 303.13      336.2   -341.71   336.2015     78.324  1-MOR-140
Robert Genualdi     61   MM5 96.8      100    0.5624 352.74     369.27    380.29   380.2935     97.014   1-MM5-100
David Derksen       39   MSM    181   SHW     0.4656 -567.68    639.33    727.52    727.518   153.6612 1-MSM-SHW
             17-Jul-22 UPA Iron Battle on the Mississippi-Lb Results

                                          BWt     WtCls                                           Best                                  Best     Sub   Deadlift Deadlift Deadlift  Best                     Coeff
  Name+A2:AE44          Age      Div                        Wilks   Squat 1 Squat 2 Squat 3             Bench 1    Bench 2 Bench 3                                                           PL Total                Pl-Div-WtCl
                                          (Kg)    (Kg)                                           Squat                                 Bench     Total    1        2        3     Deadlift                  Score
Brittany Rabe           23    FORE-AD      67.4    67.5   0.7268 369.27       380.29      0      380.29 165.35      176.37   -187.39   176.37   556.66 385.81 402.34 -407.85 402.34           959.001      316.158   1-FORE-AD-67.5     *Raw Elite Best Lifter
Amelia Hurley-Novatny   25    FORE-AD      66.6    67.5   0.7347 220.46       248.02    264.55   264.55 121.25      137.79   -148.81   137.79   402.34 253.53 275.58 292.11 292.11            694.449     231.4305   2-FORE-AD-67.5
Carla Schwerin          55     FM4RE       65.6    67.5    0.745 187.39       198.41    209.44   209.44 143.3       148.81    159.83   159.83   369.27 242.51 259.04 270.06 270.06            639.334       216.05   1-FM4RE-67.5
Therese Mefferd         52     FM3RE       66.6    67.5   0.7347 198.41       214.95    231.48   231.48 121.25     -137.79     143.3    143.3   374.78 242.51 270.06 303.13 303.13           677.9145    225.92025   1-FM3RE-67.5
Marcie Aguayo           41     FM1RE       100     100     0.554 231.48       236.99    303.13   303.13 137.79      154.32    165.35   165.35   468.48 225.97 264.55 -303.13 264.55          733.0295      184.205   1-FM1RE-100
Ashli Seukunian         36     FSMRE        51      52    0.9734 159.83       176.37   -187.39   176.37 93.696     -104.72   -104.72   93.696   270.06 225.97 248.02 -259.04 248.02           518.081      228.749   1-FSMRE-52
Bryanna Popejoy (JR)    21      FJRE        67     67.5   0.7307 275.58      -292.11   -292.11   275.58 148.81      154.32    159.83   159.83   435.41 275.58 303.13 -308.64 303.13           738.541     244.7845   1-FJRE-67.5
Jayden Cravatta         16     FT2RE       53.8     56    0.9149 165.35        192.9    209.44   209.44 99.207      110.23   -115.74   110.23   319.67 203.93 236.99 253.53 253.53            573.196      237.874   1-FT2RE-56
Heidi Looney            41      FORE       58.2     60    0.8391 214.95       225.97    231.48   231.48 165.35      176.37   -181.88   176.37   407.85 297.62 319.67 325.18 325.18           733.0295    279.00075    1-FORE-60
Bryanna Popejoy         21      FORE        67     67.5   0.7307 275.58      -292.11   -292.11   275.58 148.81      154.32    159.83   159.83   435.41 275.58 303.13 -308.64 303.13           738.541     244.7845   1-FORE-67.5
Autumn Vergeyle         28      FORE        90      90    0.5853 325.18       347.22   -358.25   347.22 165.35     -187.39   -187.39   165.35   512.57 374.78 402.34 413.36 413.36            925.932      245.826    1-FORE-90
Katie Loeffelholz       24      FORE      109.6    110     0.537 -231.48      231.48    236.99   236.99 121.25      126.76   -137.79   126.76   363.76 242.51 253.53 270.06 270.06           633.8225     154.3875   1-FORE-110
Ryan Jenny              29      FORE      122.2    125    0.5247    347.22   374.78    396.83    396.83   170.86   181.88    192.9     192.9    589.73   363.76   396.83   418.87   418.87 1008.6045 240.05025 1-FORE-125
Ashley Corral           19      FT3R       57.8     60    0.8453 181.88 203.93 220.46 220.46 93.696 104.72                   -110.23   104.72   325.18   225.97 259.04 275.58       275.58    600.7535   230.34425    1-FT3R-60
Sabre Libby             23       FJR        75      75    0.6645 -253.53 253.53 -270.06 253.53 115.74 -126.76                -126.76   115.74   369.27   264.55 275.58 -297.62      275.58    644.8455   194.36625     1-FJR-75
Jaime Kuenzi            38      FOR        58.4     60    0.8361 -297.62 319.67 330.69 330.69 187.39 198.41                   203.93   203.93   534.62   319.67 336.2 352.74        352.74    887.3515   336.53025    1-FOR -60 *Raw Best Lifter
Tabitha Cain            36      FOR        58.4     60    0.8361 259.04 270.06 275.58 275.58 137.79 143.3                    -154.32    143.3   418.87   231.48 248.02 253.53       253.53     672.403    255.0105    2-FOR -60
Kurtrina Olund          25      FOR        79.2    82.5   0.6376 259.04 281.09 -303.13 281.09 132.28 148.81                  -159.83   148.81    429.9   242.51 264.55 -275.58      264.55     694.449     200.844   1-FOR -82.5
Mygdalia Castillo       45      FOR       101.8    110      0.55 -209.44 -214.95 -214.95  0      0       0                       0        0        0        0      0       0           0          0           0            0
Diane Szczepanski       33      FOR       118.8    125    0.5281 363.76 -396.83 407.85 407.85 181.88 192.9                    209.44   209.44   617.29   308.64 336.2 -363.76        336.2    953.4895   228.40325   1-FOR -125
Maxwell Finn            21     MJRE-AD     79.8    82.5   0.6341 176.37 242.51 281.09 281.09 137.79 198.41                    203.93   203.93   485.01   225.97 297.62 347.22       347.22    832.2365   239.37275   1-MJRE-AD-82.5
Luke Vonhollen          21     MJRE-AD     111     125    0.5353 473.99 501.55 534.62 534.62 248.02 -281.09                   281.09   281.09    815.7    573.2  622.8 -650.36       622.8   1438.5015   349.28325   1-MJRE-AD-125
Jaxon Slankard          18    MT3RE-AD     75.8    82.5    0.659 385.81 413.36 -429.9 413.36 225.97 242.51                    253.53   253.53   666.89   485.01 -512.57 -512.57     485.01   1151.9035    344.3275   1-MT3RE-AD -82.5
Aidan Lewis             18    MT3RE-AD     98.6    100    0.5575 534.62 556.66 567.68 567.68 259.04 275.58                     286.6    286.6   854.28   507.06 534.62 551.15       551.15   1405.4325   355.40625   1-MT3RE-AD -100
Todd Knutsen            56     MM4RE        99     100    0.5565 396.83 435.41 -457.45 435.41 275.58 -308.64                  308.64   308.64   744.05   396.83 429.9 -451.94        429.9   1173.9495   296.33625   1-MM4RE-100
Tim Allison             41     MM1RE      132.2    140    0.5124 529.1 562.17 -589.73 562.17 -468.48 -468.48                 -468.48      0        0        0      0       0           0          0           0             0
Cody Hayes              35     MSMRE      108.6    110    0.5382 457.45 485.01 -501.55 485.01 369.27 391.32                  -402.34   391.32   876.33   457.45 479.5 501.55        501.55    1377.875     336.375   1-MSMRE-110

Chase Kurrle            18     MT3RE       73.6     75    0.6745    407.85   435.41 -457.45 435.41        236.99   253.53    259.04    259.04   694.45   446.43   473.99   501.55   501.55 1195.9955 365.91625 1-MT3RE-75
Parker Heidt            18     MT3RE       98      100    0.5591    363.76   380.29    -396.83   380.29   297.62 314.16 -319.67        314.16   694.45   451.94 485.01 501.55       501.55   1195.9955 303.31175 1-MT3RE-100
Douglas Wakeham         18     MT3RE      109.4    110    0.5372    407.85   424.39    -440.92   424.39   264.55 -281.09 -281.09       264.55   688.94   451.94 473.99 -490.52      473.99   1162.9265 283.373 1-MT3RE-110
Garret Castens          18     MT3RE      123.8    125    0.5227    347.22   374.78    -402.34   374.78   170.86 -187.39 192.9          192.9   567.68   440.92 -468.48 -468.48     440.92   1008.6045 239.13525 1-MT3RE-125
Hunter Long             16     MT2RE       59       60    0.8271    242.51   270.06    -303.13   270.06   170.86 187.39 -192.9         187.39   457.45   341.71 374.78 402.34       402.34    859.794   322.569 1-MT2RE-60
Brady Seedorf           17     MT2RE       71       75    0.6947    314.16   347.22     374.78   374.78   187.39 209.44 236.99         236.99   611.78   407.85 435.41 462.97       462.97   1074.7425 338.66625 1-MT2RE-75

Anthony Haberman        16     MT2RE        88      90    0.5935 374.78 413.36         -440.92   413.36 231.48 253.53        -275.58   253.53   666.89   440.92   485.01 -501.55 485.01 1151.9035 310.10375 1-MT2RE-90
Ryan Scott              19     MT2RE       89.2     90    0.5885 374.78 402.34         -407.85   402.34 203.93 214.95        -231.48   214.95   617.29   418.87   435.41 446.43 446.43 1063.7195 283.95125 2-MT2RE-90
Gavin Sharp             17     MT2RE      115.4    125     0.531 270.06 352.74         -385.81   352.74 -225.97 225.97        242.51   242.51   595.24   402.34   451.94 -501.55 451.94 1047.185   252.225 1-MT2RE-125
Sam Donath              21     MJRE         85      90    0.6069 385.81 402.34         -440.92   402.34 292.11 297.62        -303.13   297.62   699.96   446.43   468.48 -490.52 468.48 1168.438   321.657   1-MJRE-90
Alex Martin             23     MJRE         94     100     0.571 451.94 485.01          501.55   501.55 319.67 347.22         358.25   358.25   859.79   490.52   523.59 556.66 556.66 1416.4555 366.8675 1-MJRE-100
Dwayne Jimenez          56     MM4R        89.4     90    0.5877 -407.85 418.87         440.92   440.92 220.46 242.51         259.04   259.04   699.96   435.41   462.97 485.01 485.01 1184.9725 315.88875 1-MM4R-90
Kory Moegenburg         57     MM3R        109     110    0.5377 451.94 496.04          518.08   518.08 314.16 -330.69        330.69   330.69   848.77   457.45   485.01    0    485.01 1333.783 325.3085 1-MM3R-110
Brian Budzinski   51    MM3R     132.6    140   0.5119 650.36 677.91 -705.47 677.91         446.43   457.45 479.5    479.5      1157.4 -578.71 600.75 644.85 644.85 1802.2605 418.47825            1-MM3R-140
Jason Myers       49    MM2R     107.6    110   0.5396 501.55 -529.1 -529.1 501.55          385.81   402.34    0    402.34      903.89 523.59 551.15 573.2    573.2 1477.082   361.532             1-MM2R-110
Santos Castillo   47    MM2R     116.8    125   0.5298 374.78 413.36 429.9    429.9         264.55    286.6 308.64 308.64       738.54 429.9 446.43 468.48 468.48 1207.0185 290.0655               1-MM2R-125
Andy Parker       47    MM2R     134.8    140   0.5092 485.01 512.57    0    512.57         303.13   325.18 -341.71 325.18      837.75 473.99 507.06 -534.62 507.06 1344.806   310.612             1-MM2R-140
Josh Johnson      39    MSMR      85.8     90   0.6031 -457.45 479.5 -501.55 479.5          270.06    286.6    0     286.6       766.1 501.55 -523.59   0    501.55 1267.645 346.7825               1-MSMR-90
Noah Perez        22    MJR      130.8    140    0.514 567.68 584.22 -600.75 584.22          286.6   308.64 319.67 319.67       903.89 540.13 567.68 -600.75 567.68 1471.5705 343.095               1-MJR -140
Jerad Price       22    MJR      152.2   SHW    0.4907 628.31 644.85 661.38 661.38          363.76   374.78 -396.83 374.78      1036.2 165.35    0      0    165.35 1201.507 267.4315              1-MJR -SHW
Jack Collins      16    MT2R       89     90    0.5893 374.78 402.34 429.9   429.9          225.97   242.51 -259.04 242.51      672.4 473.99 512.57 523.59 523.59 1195.9955 319.69525               1-MT2R-90
Joey Wallace      16    MT2R      99.6    100    0.555 512.57 534.62 551.15 551.15          319.67   -336.2  336.2   336.2      887.35 413.36 440.92 468.48 468.48 1355.829    341.325             1-MT2R-100

Mason Moeller     17    MT2R      92     100    0.5779 -347.22 347.22     363.76   363.76 -264.55 264.55      281.09   281.09   644.85   402.34   413.36   424.39   424.39   1069.231   280.2815   2-MT2R-100

Adam Terstriep    18   MT3R-AD    98      100   0.5591   479.5   501.55   512.57   512.57   286.6    303.13   319.67   319.67   832.24   396.83   424.39 -451.94 424.39      1256.622   318.687    1-MT3R-AD-100
Lester Hahn       44    MM1      157.4   SHW    0.4858   716.5     0        0       716.5   529.1    562.17   595.24   595.24   1311.7    529.1   562.17 595.24 595.24       1906.979   420.217    1-MM1-SHW
17-Jul-22       UPA Iron Battle on the Mississippi-Lb Results
                           BWt     WtCls                                     Best Deadlift Deadlift Deadlift  Best    Push Pull    Coeff
       Name     Age    Div                  Wilks   Bench 1 Bench 2 Bench 3                                                                 Pl-Div-WtCl
                           (Kg)    (Kg)                                     Bench    1        2        3     Deadlift   Total      Score
Nick Simmons    63    MM5R 106.6    110    0.5411   275.58   303.13 319.67 319.67 380.29 440.92 -462.97 440.92 760.587            186.6795 1-MM5R-110
Greg Scott      53    MM3R 80.4     82.5   0.6307   187.39    192.9 -203.93 192.9 330.69 347.22 -358.25 347.22 540.127            154.5215 1-MM3R-82.5
Matt Peterson   45    MM2R 119.2    125    0.5277   292.11    336.2 352.74 352.74 473.99 540.13 -551.15 540.13 892.863            213.7185 1-MM2R-125
