Competition Name: GBPF British Masters Equipped 2014                        Venue: Horncastle                                Date: 16th March 2014

Lot         Name        Gender Div Age     B/W     Wt.          Squat             Bench Press          Sub                   Deadlift             Total      Position in
 #                                  Cat.           Class   1      2     3     1        2        3      total             1      2         3                 Wt & Age cat.
 8    Kay Adams           F   WM    M1     45.3     47    70     77.5 82.5   40  42.5     45  127.5  95   -105                           -105     222.5           1
 2    Marina Cornwall     F   SM    M3     44.2     47    70      75   80    45  48.0     51  131.0 100   110                            115      246.0           1
19    Jenny Hunter        F   EM    M2     51.5      52  100     110  115    70   75     -80 190.0 140    145                            150      340.0           1
 1    Lisa Davidson       F    Sc   M1     66.2      72  -145    155  -165   -80  80    87.5 242.5 140    -150                             0      382.5           1
 4    Michelle Brand      F    Sc   M1     81.8      84 137.5   147.5 155   92.5 100    -105 255.0 135    145                            -150     400.0           1
 5    Jackie Blasbery     F   EM    M2     82.8      84  150     165 172.5 105   115     120 292.5 172.5 182.5                           190      482.5           1
 7    Jean Maton          F   SM    M2     81.7      84  160     170  180   105  110 112.5 292.5 170      180                           -187.5    472.5           2
 3    Susan Hollands      F   YNE   M3     81.5      84  170    177.5 185   77.5 82.5    -85 267.5 145    155                            160      427.5           1
 9    Roger Little        M   NM    M4     65.6      66  110    117.5 120    60   65    -72.5 185.0 130   145                           160.5     345.5           1
10    John Maxwell        M    Sc   M2     64.1      66  150     160  170    90  100    -105 270.0 180    200                              0      470.0           1
12    Phill Richard       M   Wa    M1     72.8      74  270     285    0   190  200    -220 485.0 225 237.5                             -250     722.5           1
15 Bernie McGurk          M    Sc M1       72.9      74  225    232.5 -240 142.5 145 -147.5 377.5 -255    255                           262.5     640.0           2
16 Cliff Haynes           M   EM M2        72.2      74  220     230 237.5 170 177.5 181 418.5 215        225                           232.5     651.0           1
11 Allen Ottolangui       M   EM M2        73.2      74  210     -230 230   130 137.5 -140 367.5 200      220                           -232.5    587.5           2
17 Miguel Flores          M   YNE M2       73.1      74  200     215  230    80   -90      0  310.0 -200  -200                           -200      0.0            0
14 Joga Singh             M   WM    M3     72.4      74  190    212.5 220 122.5 130 132.5 352.5 200       215                              0      567.5           1
18 Stan Macrow            M   WM    M3      68       74  160     170  -175  120  -125   -125 290.0 185    -190                             0      475.0           2
13    Desmond Scott       M    NI   M4      71       74  105     115  125    70   80    -82.5 205.0 145   150                              0      355.0           1
 2    Jasvinder Singh     M   WM    M1     81.3      83  220     230 -237.5 185 192.5 196 426.0 205       215                            220      646.0           1
 4    Manoj Chahal        M   WM  M1       79.3      83  -240    245 -252.5 140 -147.5 147.5 392.5 232.5 245                             -255     637.5           2
 5    Glen Blacklock      M   YNE M1       81.7      83  190     200  210   140  -145   -150 350.0 210    220                            -230     570.0           3
 6    Karnail Singh       M   WM    M2     77.2      83  210     220  230   130 137.5 142.5 372.5 210     225                            -235     597.5           1
 3    Mick Amey           M   EM    M3     80.8      83  190     200    0   100 107.5 -115 307.5 225      -241                             0      532.5           1
21    Jaswinder Singh     M   WM    M2     90.6      93  -265    275  300   190 197.5 -202.5 497.5 -260   -260                           260      757.5           1
 8    Kevin Jane          M   EM    M3     91.8      93  240     265  283   150  160 162.5 445.5 260      -275                           275      720.5           1
 7    Mick Ellender       M    SE   M3     88.1      93  150     165  175   135  140       0  315.0 205   215                            225      540.0           2
 9    Steve Keenan        M   WM    M1     102.5    105  275     285  300   -185 185     190 490.0 280    290                           297.5     787.5           1
13 Russ Kirby             M    SE   M1     102.1    105  285     300 307.5 -200  200    -205 507.5 260    270                           277.5     785.0           2
14 Stuart Crichton        M    Sc   M1     103.5    105  280     295  -305  200 -207.5 -210 495.0 265     275                           -292.5    770.0           3
15 Joe Bullock            M   NW  M1 94.1           105  270     280  -290  170 177.5 180 460.0 230       240                            250      710.0           4
16 David Carter           M   YNE M2 97.3           105 262.5    270  275 167.5 175      180 455.0 285 -312.5                              0      740.0           1
12 Phil Frost             M   YNE M2 101.8          105  200     220  240   155 -162.5 -162.5 395.0 200   220                            -240     615.0           2
10    Jim Dulling         M   YNE   M3     102.4    105  -175    175  -200  150  155     160 335.0 210    220                            230      565.0           1
17 Dean Bowring           M   SM  M1       119.9    120  360     380  -400  260  290     300 680.0 310    335                            -350    1015.0           1
19 Steve Gott             M   YNE M1       116.7    120  255    277.5 300   100    0       0  400.0 255   275                            -290     675.0           2
18    Dave Turner         M   NM    M3     117.9    120  -235    235 252.5 120   125 -127.5 377.5 190 202.5                                0      580.0           1
20    Brian Lee           M   YNE   M2 122.3       120+  230     250  270   190  205    -215 475.0 250    270                            285      760.0           1

                                                                                            red text       Failed lift                               British Record
