Queensland State Championship                                       29-04-2018                TTC Strength & Powerlifting Gym Brisbane
       Name            Age    Div    BWT     WT CLS   Squat 1   Squat 2   Squat 3   Bench 1   Bench 2   Bench 3   Deadlift 1   Deadlift 2   Deadlift 3   PL TOTAL   Coeff Score Age & Coeff

       Tijana Bond     21     FJRP   59.4      60     82.5       87.5       -90       35         40       42.5        80          90         97.5         227.5      226.499     226.499
     Korin Kilgrove    16     FTRP   73.9      75      105        110      -120       45         50       52.5       105        112.5        -115          275       232.224     232.224
     Sarah Sapiano     50     FMR    59.4      60       75         85        90       55         60      -62.5       110        117.5         125          275       273.79      309.383
      Amy Oldfield     29     FORP   89.3      90       95       102.5      105       50        52.5      -55        110         120         -130         277.5      208.305     208.305
 Joanne Stephenson     34     FORP   74.1      75      100        110      -120       60         65      -67.5       115         125          135          310       261.299     261.299
     Tiana Moloney     21     FJRP   78.1    82.5      105        115      -125       60         65       -70        115         130          140          320       260.528     260.528
     Heidi Griffiths   22     FORP    75       75      120       -125      -125     52.5       -57.5     -62.5     -117.5        120          125         297.5      248.74      248.74
       Bec Carrick     28     FORP   55.7      56      120        130       135       70       -72.5     -72.5       125         130          135          340       356.456     356.456
      Sarah French     26     FORP    60       60      130       -140      -140       60        67.5     -72.5       130        -140         -140         327.5      323.439     323.439
     Lisa Donoghue     46    FMRP    93.6    SHW       -95         95       100       50        52.5       55        130        137.5        -145         292.5      214.973     229.591
       Zhara Krine     28     FORP   51.3      52      105      -112.5    -112.5     -50       -52.5     -52.5       130         140          145           0
    Melissa Walton     25     FORP   79.2    82.5      120        130       135     52.5        57.5       60        130        142.5        -150         337.5      272.329     272.329
         Bec Giles     32     FORP   63.2    67.5     132.5       140      -145       75        -80       -80        135         140         147.5        362.5      343.451     343.451
  Perdita Barrington   38     FORP   82.5    82.5      145       -155      162.5      55         60      -62.5      137.5        145          150         372.5      292.99      292.99
  Victoria Bradbury    28      FOR   65.1    67.5       95        100      107.5    62.5        67.5       70        145         155         162.5         340       314.67      314.67
      Coralie Weir     56      FOR   51.7      52      110        120       125       80         85       87.5      -155                                    0
        Tye Byrne      21    MORP    70.7      75      135        145     -152.5      85         95     -102.5       160                                   400       288.18      288.18
        Phil Glass     45    MMRP    89.6      90     142.5       150      157.5      80         85       87.5     -172.5       177.5          185         430       263.741     278.246
        Jacob Bas      21     MJRP   67.2    67.5      140       -155      -155       85        92.5     -97.5       175         185         -197.5       417.5      313.647     313.647
      Shaun Taylor     33    MORP    59.7      60      150        160      -170       90         95      -100        175         190          202.5       457.5      382.882     382.882
    Triston Penrose    30     MOR     90       90     -140        140       150       80        87.5     -92.5       180         195          207.5        445       272.273     272.273
        Neil Briton    36    MORP    86.3      90      155        160      167.5    -105        105       110        190         200           210        487.5      305.589     305.589
        Dean Hall      30    MORP    82.1    82.5      190       -205       210      130       -145      -145        190         205           220         560       362.124     362.124
      Alex Canhao      30    MORP    59.1      60      160        170       180       90         95       100        195         205          212.5       492.5      416.286     416.286
    Lauchlan Brown     20    MORP    64.8    67.5      190       197.5     -205      110        120      -125        195         205         -217.5       522.5      405.147     405.147
       Cyll Duncan     41    MMRP     89       90      180        190      -195      100        105       110        200         210          -215         510       314.007     317.147
    Ashton Masters     25    MORP    81.8    82.5      180        190      -205      105       -110       110        200         210           215         515       333.823     333.823
          Selz Pal     32    MOSP    72.1      75     -170        180       190      120       127.5                -200         220           225        542.5      384.877     384.877
        Clay Scott     26     MOR    81.6    82.5      185        195                115       122.5    -127.5       200         215           230        547.5      355.464     355.464
   Logan Cummings      22     MJRP   89.7      90      180       192.5     -200       95       102.5     -105        205         225          -245         520       318.76      318.76
       Shane Rock      45    MORP    66.9    67.5      180        190       195      120        130      -135        220         230           235         560       425.152     448.535
       Heath Ryan      44    MORP    74.1      75      210        225       230      145      -152.5    -152.5       230         245          -255         620       430.714     449.235
        Sam Ware       30    MORP    89.5      90      190        200       205      120       -130      -130        240         245           260         585       359.044     359.044
   Andrew Roberts      25    MORP    89.6      90      215        235      -255      110        120       125        240         260           280         640       392.544     392.544
   Mack Barrington     16     MTR    102.1    110      150        160       165       60         65        70        145         160          172.5       407.5      234.924     234.924
       Dane Heath      14    MTRP    95.32    100      130        140       155      100       -115      -115        150         165          -180         420       249.48      249.48
    Fergus Lamond      16     MTR    105.8    110      130        140       145       70        77.5     82.5        150         165           180        407.5      231.949     231.949
      Paul Chapple     44    MMRP     93      100      130       137.5      140      110        115     -117.5       180         190          -200         445       267.579     279.084
 Dennis Stephenson     34    MORP    107.3    110      205       217.5     -225      125       132.5      140        205         220          232.5        590       334.324     334.324
Cameron Newendorf      27    MORP    108.2    110      220        230      -240      160        170       180        230         245           255         665       375.858     375.858
     Jamie Cougan      30    MORP    98.5     100      190        195       205      120        125       130        230         250           255         590       345.18      345.18
     Michael Kovac     38    MORP    98.82    100      195        210       225       95        105       110        240         250          -265         585       341.816     341.816
       Jarad Evans     43    MMRP    115.1    125      170        180       190     107.5       115       120        240         260          -270         570       316.977     326.803
      Rohan Dwyer      24    MORP    107.4    110      255       272.5     -285      135        145     -152.5       255        272.5         282.5        700       396.515     396.515
      Dean Carroll     41    MMRP    97.54    100     -225        225       245      145        155     -162.5       285         300          -305         700       411.425     415.539
        Ron Birch      72    MMMP     91      100       65                            45                             145         170                       280       170.296     292.569
   Peter Baskerville   63    MMRP    94.66    100      185       195        200       80        85                   200         215                       500       297.925     423.351
       Sam Hodby       33    MORP    103.2    110      170       180       -185      120       130                   205         220                       530       304.326     304.326
