2019/11/15 17                                   24
                       BWt     WtCls   Squat   Squat    Squat                         Dead lift Dead lift Dead lift    Best    Best   Best Dead              Wilks Co.
    Name        Age    (Kg)    (Kg)      1       2        3   Bench 1 Bench 2 Bench 3    1         2         3        Squat   Bench      lift     PL Total    x Total               Team




   47kg
                2003   46.4     47      70      77.5     -80      40       50      52.5     90      97.5     100       77.5    52.5      100       230.0      312.19                              F-47-T-1
                2004   46.7     47     42.5     47.5     60      57.5    -60.5    -60.5    72.5     77.5    -82.5      60      57.5      77.5      195.0      263.47     THE STRONGEST WARRIORS   F-47-T-2
                2003   44.4     47      40      50      -57.5     45       50      -55      70       80      -90       50      50        80        180.0      251.92                              F-47-T-3
                2002    45      47      50      -55      -55     37.5     -40      -40      90      -95     -97.5      50      37.5      90        177.5      246.15                              F-47-T-4


   52kg
                2004   51.95    52     117.5   125.5    -130      55      57.5    -60.5    137.5    148      -157     125.5    57.5      148       331.0      412.94                              F-52-T-1
                2002   51.9     52      70      -75      -75      40     -42.5     42.5     100     105      -110      70      42.5      105       217.5      271.55                              F-52-T-2


   57kg
                2003   55.95    57      80      85       -90      45      47.5      50      95      102.5    110       85      50        110       245.0      288.47            N                 F-57-T-1
                2002   56.1     57      60      70       -75      40       45      -50      90      100      -125      70      45        100       215.0      252.62                              F-57-T-2


   63kg
                2003    62      63      55      65       -80      -25      25       35      80       90       95       65      35        95        195.0      211.99                              F-63-T-1


   72kg
                2002   68.7     72      125    -135      135      60      67.5     -75      120     130      140       135     67.5      140       342.5      345.21                              F-72-T-1




   53kg
                2001   52.7     53      120     130     -132.5    90      97.5    -108     -160     160     172.5      130     97.5     172.5      400.0      387.09                              M-53-T-1
                2002   51.75    53      120    -127.5   127.5    72.5      75     -77.5     145     155      -165     127.5    75        155       357.5      352.59                              M-53-T-2
                2004   52.5     53      80      85       87.5    57.5      60      62.5     100     110      -115      87.5    62.5      110       260.0      252.60                B.A.D         M-53-T-3
                2002   45.6     53     67.5     70       75      62.5      65     -67.5     100     105      -110      75      65        105       245.0      278.14                B.A.D         M-53-T-4
                2004   49.15    53      50      62.5     -70      60       70      -85      60      -80      -80       62.5    70        60        192.5      200.68                              M-53-T-5


   59kg
                2001   58.05    59      150     160      165      85      92.5    -100     -205     205      -210      165     92.5      205       462.5      406.74                              M-59-T-1
                2002   56.75    59      140     150      160      80       85      -90      170     185      -200      160     85        185       430.0      386.42                              M-59-T-2
                2003   58.95    59      110     115     -120      80      -85               160     170      180       115     80        180       375.0      325.07                              M-59-T-3
2019/11/15 17                                   24
                       BWt     WtCls   Squat   Squat    Squat                         Dead lift Dead lift Dead lift    Best    Best   Best Dead              Wilks Co.
    Name        Age    (Kg)    (Kg)      1       2        3   Bench 1 Bench 2 Bench 3    1         2         3        Squat   Bench      lift     PL Total    x Total           Team


   66kg
                2002   65.25    66      170    177.5     180      115     -120    -120      210     230      -243      180     115       230       525.0      416.14                        M-66-T-1
                2001   65.25    66     167.5    180     187.5     110    -117.5    120      180     -195     -200     187.5    120       180       487.5      386.42                        M-66-T-2
                2003   65.65    66      170     175      180      70       80       85      160     170      175       180     85        175       440.0      347.00                        M-66-T-3
                2002   62.95    66      140    147.5     155     92.5     97.5    -102.5    160     170     182.5      155     97.5     182.5      435.0      355.49                        M-66-T-4
                2003   63.55    66      125     130     132.5     95      100     102.5     150     -160     165      132.5   102.5      165       400.0      324.22                        M-66-T-5
                2003   65.3     66      100     120      130      70       75      -80      160     180      -200      130     75        180       385.0      304.98                        M-66-T-6


   74kg
                2002   72.75    74      200    212.5    -215.5    120    125.5    -126      210     -230     230      212.5   125.5      230       568.0      413.60                        M-74-T-1
                2001   72.35    74      170     180     192.5     120    -125.5   -126      180     190      -200     192.5    120       190       502.5      367.38       TP               M-74-T-2
                2002   71.1     74      160     170     -175      80       85       90      180     190      195       170     90        195       455.0      336.97                        M-74-T-3
                2002   72.45    74      140     150     -165      85       90       95      190     200      -215      150     95        200       445.0      325.01                        M-74-T-4
                2002   71.1     74      110     115     -120      70       75     -77.5     130     145     152.5      115     75       152.5      342.5      253.65                        M-74-T-5
                2002   73.05    74     -100     100     -107.5    80     -87.5    -87.5     135     142.5    -150      100     80       142.5      322.5      234.13                        M-74-T-6
                2004   70.05    74      90      95       100      60      -65      -65      110     120      -135      100     60        120       280.0      209.71                        M-74-T-7


   83kg
                2001   82.6     83     212.5    223     -227.5    145     150     -155      220     230     -245.5     223     150       230       603.0      403.66                        M-83-T-1
                2002   82.05    83      200     215      220      140    147.5    -150      200     222.5   232.5      220    147.5     232.5      600.0      403.27                        M-83-T-2
                2003   79.9     83      120     130     -135      80       85     -87.5     140     -150     -150      130     85        140       355.0      242.55                        M-83-T-3
                2003   78.3     83      120    -150     -150      60      -70      -70      130    -152.5   152.5      120     60       152.5      332.5      230.15                        M-83-T-4


   93kg
                2001   90.1     93      190    202.5    207.5    137.5   145.5     153     232.5   -255.5   255.5     207.5    153      255.5      616.0      393.03                   PC   M-93-T-1
                2002   84.3     93      160    172.5    -180      100    -102.5    105      210    -222.5   -222.5    172.5    105       210       487.5      322.46                        M-93-T-2
                2003   89.25    93      170     180     -185      80       85       90      150     160     172.5      180     90       172.5      442.5      283.70                        M-93-T-3
                2003    92      93      145     155      160      65      72.5     77.5    162.5    165      165       160     77.5      165       402.5      254.16     MAX                M-93-T-4


   105kg
                2001   98.6     105    -210     210     -220      120     130      135      240     250                210     135       250       595.0      364.19                        M-105-T-1
                2002   98.7     105     150     160     172.5     105    112.5    117.5     180     192.5    200      172.5   117.5      200       490.0      299.80                        M-105-T-2
                2002   94.25    105     160     170     177.5     100    -107.5   107.5     170     -180     180      177.5   107.5      180       465.0      290.29                        M-105-T-3


   120kg
                2002   115.6    120    207.5   220.5    -230      125     135      140     217.5    243      255      220.5    140       255       615.5      357.14                        M-120-T-1
                2002   115.1    120     190    -200     -200      95      -100     100      180     190      -200      190     100       190       480.0      278.84                        M-120-T-2
                2005   116.6    120     155    -167.5   -167.5    75      82.5     -85      135     147.5   -152.5     155     82.5     147.5      385.0      222.90                        M-120-T-3
2019/11/15 17                                   24
                       BWt     WtCls   Squat   Squat   Squat                         Dead lift Dead lift Dead lift    Best    Best   Best Dead              Wilks Co.
    Name        Age    (Kg)    (Kg)      1       2       3   Bench 1 Bench 2 Bench 3    1         2         3        Squat   Bench      lift     PL Total    x Total         Team




   43kg
                1997   38.45    43      40      55      65       40       45      47.5     80      -90      -90       65      47.5      80        192.5      293.73                       F-43-JR-1


   52kg
                1998   51.85    52      65      70      72.5     40       45      47.5     90       95      100       72.5    47.5      100       220.0      274.87                       F-52-JR-1


   57kg
                1999   56.85    57      110     120    127.5     55       60      62.5     140     -151     -151     127.5    62.5      140       330.0      383.72                       F-57-JR-1
                1998   54.4     57      100     105    -107.5   37.5     42.5      45      110     115      120       105     45        120       270.0      324.98     POWER BOMB! GYM   F-57-JR-2


   63kg
                1998   60.95    63      130     140     150      60       65       70      140     147.5   -157.5     150     70       147.5      367.5      404.78                       F-63-JR-1
                1999   60.85    63      125    132.5   137.5     70       75     -80.5     130     142.5   147.5     137.5    75       147.5      360.0      397.02                       F-63-JR-2
                1998   60.9     63      90      95      100      50      52.5     -55      105     110      115       100     52.5      115       267.5      294.82                       F-63-JR-3


   72kg
                2000   71.45    72      120     130    -137.5    75      82.5      85      175     187.5   -200.5     130     85       187.5      402.5      394.88                       F-72-JR-1
                2000   65.9     72      145     155    -160      65       70       75      155     170      -180      155     75        170       400.0      415.41                       F-72-JR-2




   53kg
                1997   52.8     53      150    -160    -160      65      72.5    -77.5    -160     160      165       150     72.5      165       387.5      374.26         Y.C.Bear      M-53-JR-1
                1998   52.85    53      120     130    -132.5   87.5      95      100      130     140      155       130     100       155       385.0      371.48                       M-53-JR-2
                1998   42.55    53      110     120    -122.5    65       70       75      140     150      160       120     75        160       355.0      438.15                       M-53-JR-3
                2000   48.6     53      120    -125     125      75       80      -85      130     140      150       125     80        150       355.0      374.73                       M-53-JR-4


   59kg
                1999   57.45    59      170    182.5    190      90      -95      97.5     200     210     212.5      190     97.5     212.5      500.0      444.08                       M-59-JR-1
                2000   58.65    59      165    172.5    180      110    127.5              170     185     192.5      180    127.5     192.5      500.0      435.49                       M-59-JR-2
                1996   58.25    59      145     155     160      90       95     -100      190     200      210       160     95        210       465.0      407.62                       M-59-JR-3
                2000   57.6     59      125     140     145     87.5      95      100     182.5    200     -202.5     145     100       200       445.0      394.25                       M-59-JR-4
                2000   57.95    59     122.5    135     145      105    -112.5   -112.5    150     165      180       145     105       180       430.0      378.78           TXP         M-59-JR-5
                2000   57.9     59      120     130     140      70       80       85      140     -170     -170      140     85        140       365.0      321.78                       M-59-JR-6
2019/11/15 17                                   24
                       BWt     WtCls   Squat   Squat    Squat                         Dead lift Dead lift Dead lift    Best    Best   Best Dead              Wilks Co.
    Name        Age    (Kg)    (Kg)      1       2        3   Bench 1 Bench 2 Bench 3    1         2         3        Squat   Bench      lift     PL Total    x Total     Team


   66kg
                2000   65.3     66      145    157.5     170     117.5     125      130     150     165      190       170     130       190       490.0      388.15                            M-66-JR-1
                1999   64.3     66     -170     170      180     107.5     115     -117.5   180     192.5    -195      180     115      192.5      487.5      391.21     EXSTAGE                M-66-JR-2
                1996   65.6     66     152.5   162.5     170     -122.5   122.5             185    -202.5   -202.5     170    122.5      185       477.5      376.82                PC          M-66-JR-3
                1997   64.3     66     -160     170     172.5     100     -115     -115     200    -212.5   -217.5    172.5    100       200       472.5      379.17                            M-66-JR-4
                1998    66      66      160    -165      165      90       -95      -95     190     -200     205       165     90        205       460.0      361.19                            M-66-JR-5
                1996   65.95    66     -155     160     167.5     100      105     -110     160     170      180      167.5    105       180       452.5      355.52          S&C               M-66-JR-6
                2000   64.65    66      140     145      150      100     -105      105     165     175      180       150     105       180       435.0      347.48                            M-66-JR-7


   74kg
                1999   72.15    74      205     215     -220      165     -170     -170     220     235      -245      215     165       235       615.0      450.54                            M-74-JR-1
                1997   73.6     74      215     225     -230      130      135     -137.5   220     235      -245      225     135       235       595.0      429.65                            M-74-JR-2
                1996   69.35    74      185     200     -210     122.5     130      135     225     240      -250      200     135       240       575.0      434.00       TXP                  M-74-JR-3
                1997   73.4     74     182.5    195     -200      125     132.5     135     -230    235     -247.5     195     135       235       565.0      408.78          S&C               M-74-JR-4
                1999   73.3     74      195     205      210     107.5     115      120     -210    210      -235      210     120       210       540.0      391.07                            M-74-JR-5
                1999   73.45    74      180     190     -195      125     -132.5   -132.5   200    -212.5   212.5      190     125      212.5      527.5      381.46                            M-74-JR-6
                1998   73.95    74     172.5    180     182.5    122.5    -127.5   -127.5   195     205     212.5     182.5   122.5     212.5      517.5      372.42                     ZEAL   M-74-JR-7
                1997   73.55    74      160    162.5     175      110     117.5    -122.5   205     215      220       175    117.5      220       512.5      370.25                            M-74-JR-8
                1999   72.9     74      145     155     162.5     120      125     -130     210     220     -227.5    162.5    125       220       507.5      368.99          S&C               M-74-JR-9
                1996   73.7     74      170     180     -185      120     -125     -125     190     205      -220      180     120       205       505.0      364.30                            M-74-JR-10
                2000   73.25    74     147.5    160     -170      100      110     -120     -190    210      215       160     110       215       485.0      351.42                            M-74-JR-11
                2000    73      74      150    162.5    172.5     105     -115     -115     175     190      205      172.5    105       205       482.5      350.47                            M-74-JR-12
                1999   73.65    74      150     160     -165      90       95       97.5    -205    205      215       160     97.5      215       472.5      341.02                            M-74-JR-13
                2000   72.15    74      155     165      175      105      110     -115     165     170      -180      175     110       170       455.0      333.33                            M-74-JR-14
                1999   69.9     74      140     150      160      80       -90      90      170     180      190       160     90        190       440.0      330.09                            M-74-JR-15
                1998   73.7     74      160    -175               100      105     -110     120                        160     105       120       385.0      277.74                            M-74-JR-16
                1999   72.2     74      145     155     -160     -165     -168     -168                                155      0         0         0.0        0.00           S&C               M-74-JR--


   83kg
                1997   81.85    83      230     245     -252.5    140      150     -152.5   270     290.5    293       245     150       293       688.0      463.10                            M-83-JR-1
                1996   78.05    83     -225     230      240     167.5     175     -177.5   250     260     272.5      240     175      272.5      687.5      476.86                            M-83-JR-2
                1999   82.35    83      235     245     252.5     140      150     -155     240     250     -257.5    252.5    150       250       652.5      437.59                            M-83-JR-3
                1997   80.7     83      215     235     -242.5    155      165      170     220     232.5    245       235     170       245       650.0      441.34                            M-83-JR-4
                2000   82.45    83      205     220      225     122.5    132.5    -135     245     262.5   267.5      225    132.5     267.5      625.0      418.84     EVERLIFT               M-83-JR-5
                1997   82.55    83     212.5   -217.5   217.5     135     -137.5   -137.5   230     252.5    -275     217.5    135      252.5      605.0      405.15                     ZEAL   M-83-JR-6
                1996   81.1     83      200     215      220      125     -130     -130     230     250      -255      220     125       250       595.0      402.76                            M-83-JR-7
                1996   81.1     83      195    207.5    212.5    147.5     155      160     220    -232.5   -232.5    212.5    160       220       592.5      401.07                            M-83-JR-8
                1999   80.6     83      170     180     187.5     110     117.5    -125     190     210     227.5     187.5   117.5     227.5      532.5      361.84                            M-83-JR-9
                1999   78.05    83      180     190     -197.5    105     112.5     115     205     215      225       190     115       225       530.0      367.62                            M-83-JR-10
                1998   82.5     83      150     170     -180      135     142.5    -145     170     190      200       170    142.5      200       512.5      343.33                            M-83-JR-11
2019/11/15 17                                   24
                       BWt     WtCls   Squat   Squat    Squat                         Dead lift Dead lift Dead lift    Best    Best   Best Dead              Wilks Co.
    Name        Age    (Kg)    (Kg)      1       2        3   Bench 1 Bench 2 Bench 3    1         2         3        Squat   Bench      lift     PL Total    x Total            Team
                1997   77.65    83      180     190     -195      105     -115    -115      210     -220     -220      190     105       210       505.0      351.46                               M-83-JR-12
                1997   82.4     83      165     175      180      105     110      115      195     -205               180     115       195       490.0      328.49                               M-83-JR-13
                1996   78.25    83      150     170     -180      120     -130    -130     -150     -167.5    170      170     120       170       460.0      318.53                               M-83-JR-14
                1996   80.3     83      175     185     -200      110     120      125     -290.5   -290.5   -290.5    185     125        0         0.0        0.00                                M-83-JR--
                1997   82.8     83      220     225     -227.5   -170     -170    -170      240                        225      0         0         0.0        0.00                                M-83-JR--
                1998   82.9     83     -155    -160     -160      100                       200                         0       0         0         0.0        0.00                                M-83-JR--


   93kg
                1997   88.95    93      250     260     267.5     150     160     -165      250     267.5    -287.5   267.5    160      267.5      695.0      446.37     Strength Gym Tokyo Bay    M-93-JR-2
                1996   92.15    93      265     275      280      130     135      140      275     -293     -293      280     140       275       695.0      438.52                               M-93-JR-1
                1999   85.9     93      220    -230     -230      130     135      140      260      270     -280      220     140       270       630.0      412.30                               M-93-JR-3
                1998   90.9     93     -210     210     222.5     140    147.5              215      230     -262.5   222.5   147.5      230       600.0      381.12                        ZEAL   M-93-JR-4
                1998    84      93      190     200     -205      130     135     -137.5    200     212.5    222.5     200     135      222.5      557.5      369.53           EXSTAGE             M-93-JR-5
                1998   84.8     93      150     170     -185      115     120     -122.5    150      170               170     120       170       460.0      303.24                               M-93-JR-6
                2000   85.5     93      100     120               120     125     127.5     170      200               120    127.5      200       447.5      293.63                               M-93-JR-7


   105kg
                1996   104.8    105     200     230      240      170     186      190      220     -250      260      240     190       260       690.0      412.59                               M-105-JR-1
                1997   103.2    105     245     255      260      180    186.5    190.5     220     232.5    237.5     260    190.5     237.5      688.0      413.68                               M-105-JR-2
                2000   102.3    105     170     180      190      90       95      100      230     -250      250      190     100       250       540.0      325.75                               M-105-JR-3
                1999   96.35    105     175    187.5    -192.5   122.5    130      135      205      215     -220     187.5    135       215       537.5      332.25                               M-105-JR-4
                1997   93.5     105    -170     170     -187.5    130     140     -142.5    190      210               170     140       210       520.0      325.83                               M-105-JR-5


   120kg
                1996   118.4    120     260     270      280      165    172.5    -177.5    280      300     -310.5    280    172.5      300       752.5      434.01                 S&C           M-120-JR-1
                1996   116      120     265    282.5     293     162.5   167.5    -170      265      285     -302.5    293    167.5      285       745.5      432.19              TXP              M-120-JR-2
                1997   115.2    120     185     210      220      130     140      145      200      235      245      220     145       245       610.0      354.28                               M-120-JR-3




   47kg
                1979   46.75    47      115     120      123     72.5    -77.5    -77.5     145     152.5     157      123     72.5      157       352.5      475.90                                F-47-O-1
                1982   46.7     47     -100     100     -110      50       55      -60      120     -135               100     55        120       275.0      371.55         BURST LIMIT            F-47-O-2
                1991   44.2     47      60      70       75       50       55      -60      90       100     -105      75      55        100       230.0      322.87                                F-47-O-3


   52kg
                1982   51.25    52     102.5   -107.5   107.5    67.5      70     -72.5     150     157.5    -162.5   107.5    70       157.5      335.0      422.32                                F-52-O-1
                1995   51.85    52     107.5   -112.5   112.5     60      62.5      65     132.5    142.5     150     112.5    65        150       327.5      409.19                                F-52-O-2
                1976   51.25    52     102.5   107.5    -110     62.5     67.5     -70      150     -152.5   -152.5   107.5    67.5      150       325.0      409.72             MAT                F-52-O-3
2019/11/15 17                                   24
                       BWt     WtCls   Squat   Squat   Squat                         Dead lift Dead lift Dead lift    Best    Best   Best Dead              Wilks Co.
    Name        Age    (Kg)    (Kg)      1       2       3   Bench 1 Bench 2 Bench 3    1         2         3        Squat   Bench      lift     PL Total    x Total             Team
                1996    52      52     107.5   117.5    120      60       65      67.5     110     117.5   122.5      120     67.5     122.5      310.0      386.46                               F-52-O-4
                1987   51.9     52     102.5   107.5   -110      55      57.5     -60     127.5    137.5    -145     107.5    57.5     137.5      302.5      377.67                               F-52-O-5
                1984   49.3     52     82.5    87.5     90       60      62.5      65      120     130      -140      90      65        130       285.0      370.04              B.A.D            F-52-O-6
                1987   51.9     52      90      95      100      45      47.5     -50      105     115      125       100     47.5      125       272.5      340.21                               F-52-O-7
                1981   51.4     52      90      95     -100      50      -55      -55      105     110     -112.5     95      50        110       255.0      320.75                               F-52-O-8
                1984    52      52     72.5    77.5     -80     42.5      45      47.5     -95      95     102.5      77.5    47.5     102.5      227.5      283.61                               F-52-O-9


   57kg
                1991   56.9     57      120    -130     130      100     105     -107.5    130     140      -150      130     105       140       375.0      435.75            F.T,GYM            F-57-O-1
                1999   56.85    57      110     120    127.5     55       60      62.5     140     -151     -151     127.5    62.5      140       330.0      383.72                               F-57-O-2
                1986   56.1     57      100     110    -115      50      52.5     -55      120     127.5    130       110     52.5      130       292.5      343.68                               F-57-O-3
                1975   56.7     57     87.5    92.5     95       60      62.5      65      115     122.5    125       95      65        125       285.0      332.08                               F-57-O-4
                1984    57      57      90     -100    -100      50       55      57.5     120     130     137.5      90      57.5     137.5      285.0      330.71                               F-57-O-5
                1983   55.75    57      80      85      -90      55      57.5      60      100     110      115       85      60        115       260.0      306.99      Strength Gym Tokyo Bay   F-57-O-6
                1992   56.6     57     -92.5   92.5     100     52.5      55     -57.5    97.5     105      -110      100     55        105       260.0      303.37                               F-57-O-7
                2002   55.15    57      50      65      77.5     50       55      57.5     90      100      110       77.5    57.5      110       245.0      291.74                               F-57-O-8


   63kg
                1995   62.75    63      130    137.5   142.5    -77.5    77.5     -80      150     157.5   -173.5    142.5    77.5     157.5      377.5      406.64                               F-63-O-1
                1980   62.65    63      135    142.5   -147.5   82.5      85     -87.5     140     147.5   -152.5    142.5    85       147.5      375.0      404.44                               F-63-O-2
                1977   62.9     63      125     135     140      65       70      72.5     140     152.5    160       140     72.5      160       372.5      400.53                               F-63-O-3
                1991   58.15    63      120    127.5   132.5    82.5     87.5     92.5     130     140      145      132.5    92.5      145       370.0      422.69                               F-63-O-4
                1993   58.9     63     127.5   132.5   -137.5    70      -75       75      140    -147.5   -162.5    132.5    75        140       347.5      393.03                               F-63-O-5
                1986   61.5     63      115    117.5   -122.5    65      67.5      70      140     -150     -150     117.5    70        140       327.5      358.24                               F-63-O-6
                1984   61.3     63      105     110     115      60       65       70      115     125      130       115     70        130       315.0      345.43     TEAM X-TREME POWER!!!     F-63-O-7
                1986   62.4     63      100     110     115     57.5     62.5      65      115     -125     -125      115     65        115       295.0      319.13               TXP             F-63-O-8
                1994   61.35    63      95     102.5   -107.5    45      -50       50      120     135      -140     102.5    50        135       287.5      315.08                               F-63-O-9
                1985   62.85    63      100    -105    -105      55       60      62.5     100     -105     -105      100     62.5      100       262.5      282.42                               F-63-O-10


   72kg
                1992   69.6     72      135     140     145      75       80       85      175     190     -200.5     145     85        190       420.0      419.49               TXP             F-72-O-1
                1966   71.05    72      85      95     -100      60       65      -70      110     120      125       95      65        125       285.0      280.66                               F-72-O-2
                1994   65.9     72      90      110    -112.5    45      52.5      55      100     110      115       110     55        115       280.0      290.79       POWER BOMB! GYM         F-72-O-3


   84kg
                1974   79.2     84      160    -170    -170      65       70     -72.5     140     152.5   -162.5     160     70       152.5      382.5      351.97                               F-84-O-1
                1966   77.25    84      80      90      100      40       45      -50      105     110     112.5      100     45       112.5      257.5      240.41          BURST LIMIT          F-84-O-2
1   41

1   29

2   24

1   24

1   23

1   23   TXP

3   19

4   16         ZEAL

5   13

1   24

2   19   TXP
1   41

1   54

2   32

3   29

4   26

5   24

1   48

1   43

2   39

3   36

4   32

5   26

6   20

6   20

1   43

2   29
Sjr   52kg            SQ 125.5kg    DL 148

Sjr   59kg            DL 205kg
Sjr   66kg            BP 120kg
Sjr   74kg            BP 125.5kg
Sjr   83kg            SQ 223kg      BP 150kg
Sjr   93kg            BP 153kg      DL 255.5kg   TOL 616kg

Sjr   120kg           SQ 220.5kg    DL 255kg
Jr    83kg            BP 175kg
Jr    83kg    DL Jr      293kg     TOL 688kg
Jr    105kg           BP 190.5kg
Jr    120kg           SQ 293kg
       47kg   SQ       M1 123kg      M1 157kg
       52kg           DL 157.5kg
       57kg           BP 105kg     TOL 375kg
