06-Dec-14                                                                                     Gary Pendergrass Memorial Meet - Full Power - Kg Results
                                                           WtCls                                                Best                           Best Sub                                     Best                                 Coeff
             Name                 Age    Div    BWt (Lb)           Glossbrenner   Squat 1   Squat 2   Squat 3         Bench 1 Bench 2 Bench 3             Deadlift 1 Deadlift 2 Deadlift 3          PL Total                               Age & Coeff   Pl-Div-WtCl
                                                           (Lb)                                                 Squat                         Bench Total                                  Deadlift                              Score
Adaire White                      24    F-OR     162.5      165     0.84605        107.5     117.5     132.5    132.5   82.5    -92.5   -92.5  82.5  215   117.5      132.5        140       140      355                     300.34775          0       1-F-OR-165
Adam Korenke                      34     M-S     195.5      198     0.61685         295      -320       320      320   192.5    207.5  -212.5 207.5 527.5    265        285        300       300     827.5                    510.443375         0        1-M-S-198
Amy Davis                         32    F-OR      170       181     0.82105         92.5    -102.5     117.5    117.5  -52.5     62.5    67.5  67.5  185     115       122.5       130       130      315                     258.63075          0       1-F-OR-181
Beverly Wheeler                   22     F-JR     115       123      1.1042          75        80      -87.5      80     55       60    -62.5   60   140     100      107.5       -120      107.5    247.5                     273.2895     276.022395   1-F-JR-123
Brett Jackson                     14     M-T1    120.8      123     0.91305          65        80       -90       80   -32.5     32.5    37.5  37.5 117.5   97.5        105      -112.5      105     222.5                    203.153625   249.8789588   2-M-T1-123
Bryce Dehn                        27    M-OR     162.8      165     0.69685        102.5     -125      -125     102.5 102.5      115    -130   115 217.5   237.5      252.5      -272.5     252.5     470                      327.5195          0       1-M-OR-165
Callie Saurage                    16     F-T2    181.2      181      0.7883        142.5     162.5      170      170     95     102.5   117.5 117.5 287.5  137.5      152.5       167.5     167.5     455                      358.6765     405.304445    1-F-T2-181
Chantel Soirez                    34     F-SR    145.2      148     0.91665          80        90       -95       90   47.5      -55      55    55   145     130        140       147.5     147.5    292.5                    268.120125         0       1-F-SR-148
Chris Garcia (DQ)                 57    M-M4     219.5      220      0.5823        317.5     -345      -345     317.5                            0     0                                       0       0                           0             0             0
Collin Grebel                     15    M-T1R     249       275     0.55915         220      227.5      235      235    195      200     205   205   440     220      227.5        230       230      670                      374.6305     442.06399   1-M-T1R-275
Corey Leeves                      38     M-S     217.5      220     0.58455        297.5     -320      -320     297.5   220    -227.5   227.5 227.5 525      275      297.5       -300      297.5    822.5                    480.792375         0        1-M-S-220
Courtney Ball                     12     F-T1      62        97       #N/A          -45        45        50       50     20      -25     -25    20    70      50       -57.5       57.5      57.5    127.5                       #N/A          #N/A        1-F-T1-97
Courtney Price                    17     F-T2     131       132      0.9956        132.5     -140       140      140    62.5     -70      70    70   210   137.5      -142.5      142.5     142.5    352.5                      350.949     379.02492     1-F-T2-132
Crystal Schiller                  25      F-O     148       148     0.90385       -102.5     102.5    -122.5    102.5    70     -82.5   -82.5   70  172.5   97.5        110       122.5     122.5     295                     266.63575          0        1-F-O-148
Dan Ziegelmann (PL)               40    M-M1R    236.5      242     0.56665         225     -232.5    -237.5     225   147.5     160    -170   160   385     230        240       -250       240      625                     354.15625     354.15625   1-M-M1R-242
Daniel Washburn (PL)              35    M-SR      194       198      0.6197         135      147.5     157.5    157.5    60     162.5    170   170 327.5      60      147.5        165       165     492.5                    305.20225          0       2-M-SR-198
Deidrick Thomas                   26    M-OR      205       220      0.6013         150       160      167.5    167.5   105     112.5    120   120 287.5     200        215       227.5     227.5     515                      309.6695          0      3-M-OR-220
Derek Jarman (Open)               37    M-OR     280.2      308     0.54325         250     -287.5     287.5    287.5 182.5      205     215   215 502.5   272.5      322.5       -335      322.5     825                     448.18125          0      1-M-OR-308
Derek Jarman (Sub)                37    M-SR     280.2      308     0.54325         250     -287.5     287.5    287.5 182.5      205     215   215 502.5   272.5       322.5      -335      322.5     825                     448.18125          0       1-M-SR-308
Dillon Kotz                       24     M-O      198       198      0.6126         265       280       295      295    205      215   -227.5  215   510     215      242.5       252.5     252.5    762.5                     467.1075          0        1-M-O-198
Dwayne Levels (Open)              35    M-OR     296.2      308     0.53605        227.5      240      -250      240    165     177.5    185   185   425     240        250      -272.5      250      675                     361.83375          0      3-M-OR-308
Dwayne Levels (Sub)               35    M-SR     296.2      308     0.53605        227.5      240      -250      240    165     177.5    185   185   425     240        250      -272.5      250      675                     361.83375          0       2-M-SR-308
Emily Goudeau                     37     F-SR    167.5      181     0.82885          45        50      57.5      57.5    30     37.5    -42.5  37.5   95     70        87.5      -107.5     87.5     182.5                    151.265125         0       1-F-SR-181
Emily Smith                       39      F-S     188       198     0.77085         125     -132.5     137.5    137.5   -55       55     57.5  57.5  195   102.5        110        120       120      315                     242.81775          0        1-F-S-198
Eric Nayden                       29     M-O      208       220      0.5971        -140      152.5      160      160    82.5    -92.5    92.5  92.5 252.5  182.5        200       -215       200     452.5                    270.18775          0        3-M-O-220
Fredrick Hannie                   29    M-OR     216.8      220      0.5856         245       260     267.5     267.5 167.5     177.5  -182.5 177.5 445    262.5      277.5       -290      277.5    722.5                      423.096          0       1-M-OR-220
Gabriel Noranjo                   23    M-OR      179       181      0.6513          85       100       115      115     90      100    -115   100   215   142.5        170        185       185      400                       260.52           0       1-M-OR-181
Grant Briggs                      25     M-O      232       242      0.5703         265      277.5     297.5    297.5  -230     242.5  -272.5 242.5 540    142.5                            142.5    682.5                    389.22975          0        1-M-O-242
Hayden Baillio (JR)               23     M-JR     297       308      0.5358         235      252.5     272.5    272.5   210     227.5   -240  227.5 500      275        295        320       320      820                       439.356          0       1-M-JR-308
Hayden Baillio (Open)             23    M-OR      297       308      0.5358         235      252.5     272.5    272.5   210     227.5   -240  227.5 500      275        295        320       320      820                       439.356          0       2-M-OR-308
Hunter Angelo                     14     M-T1    117.5      123      0.9406         110       120       125      125     65      72.5    -80   72.5 197.5    110                             110     307.5                     289.2345     355.758435   1-M-T1-123
Jacey Walker                      17     F-T2    116.5      123      1.0942         130      142.5      150      150   62.5      67.5     70    70   220   127.5      137.5      -142.5     137.5    357.5                     391.1765     422.47062     1-F-T2-123
Jaimie Balzer                     21     F-JR     142       148     0.93345          90       -95        95       95   42.5       45     47.5  47.5 142.5  117.5        125        130       130     272.5                    254.365125   259.4524275   1-F-JR-148
James Strickland (Open PL)        34    M-OR     271.5      275     0.54755        102.5     142.5     -160     142.5   215    -237.5 -237.5   215 357.5     145        180       -200       180     537.5                    294.308125         0       2-M-OR-275
James Strickland (Sub PL)         34    M-SR     271.5      275     0.54755        102.5     142.5     -160     142.5   215    -237.5 -237.5   215 357.5     145        180       -200       180     537.5                    294.308125         0       2-M-SR-275
Jennifer Hobbs                    27    F-OR      153       165     0.88175        -82.5       90       100      100    37.5     42.5    -45   42.5 142.5    115        125       -135       125     267.5                    235.868125         0       3-F-OR-165
Jeremy Schraw                     26     M-O     269.8      275     0.54845         320      327.5              327.5   160      175   -182.5  175 502.5     285       -305                  285     787.5                    431.904375         0        2-M-O-275
Jesse Brunet (Open)               34    M-OR     197.5      198     0.61335        142.5     152.5     -165     152.5   125     -135    -135   125 277.5     195      217.5       237.5     237.5     515                     315.87525          0       1-M-OR-198
Jesse Brunet (Sub)                34    M-SR     197.5      198     0.61335        142.5     152.5     -165     152.5   125     -135    -135   125 277.5     195      217.5       237.5     237.5     515                     315.87525          0       1-M-SR-198
Jim Wheeler                       21     M-JR     175       181      0.6612        142.5     152.5     172.5    172.5    95      110   -117.5  110 282.5   142.5      157.5        180       180     462.5                      305.805      311.9211    1-M-JR-181
Jordan Lawler (DQ)                31     M-O     227.5      242      0.5742       -267.5    -282.5    -282.5       0                             0     0                                       0       0                           0             0             0
Jr Johnson                        22      M-J     190       198     0.62725         300       320     -327.5     320    175      185     190   190   510     300       -320        320       320      830                      520.6175    525.823675     1-M-J-198
Julie Novack                      25    F-OR     118.4      123      1.0796          70       82.5      -90      82.5   47.5      55    -57.5   55  137.5  107.5      117.5       -125      117.5     255                       275.298          0       1-F-OR-123
Justin Childs                     28    M-OR      301       308      0.5341        -250      -265      -265        0   182.5   -197.5 -197.5 182.5     0     230        245      -257.5      245       0                           0             0             0
Justin Davis                      29    M-OR      236       242      0.5671         185      207.5    -217.5    207.5 142.5     152.5   157.5 157.5 365      185        210       222.5     222.5    587.5                    333.17125          0       2-M-OR-242
Justin Tripp                      24    M-OR     231.5      242     0.57065        137.5      165     -182.5     165    125      140    -150   140   305     205      227.5      -242.5     227.5    532.5                    303.871125         0       3-M-OR-242
Karagan Steuart                   18     F-T3    108.6      114      1.1549          95      102.5     -110     102.5    45      -50      50    50  152.5   97.5       -105        105       105     257.5                    297.38675     315.229955    1-F-T3-114
Kassie Riley                      16     F-T2    135.4      148      0.9695        107.5     112.5      120      120     55       60    -62.5   60   180     110      117.5       122.5     122.5    302.5                    293.27375    331.3993375    1-F-T2-148
Keeley Bell (open)                34    M-OR     256.5      275     0.55475         185      227.5      255      255    135      150     165   165   420     195        225        250       250      670                      371.6825          0      1-M-OR-275
Keeley Bell (sub)                 34    M-SR     256.5      275     0.55475         185      227.5      255      255    135      150     165   165   420     195        225        250       250      670                      371.6825          0       1-M-SR-275
Lauren Groom                      14     F-T1    126.2      132      1.0263        -105       105     112.5     112.5  52.5       55     -60    55  167.5    105        115      -122.5      115     282.5                    289.92975    356.6135925    1-F-T1-132
Leslie Harris                     36      F-S    146.5      148      0.9102        107.5      115      -125      115     55       60     62.5  62.5 177.5     85        100       107.5     107.5     285                       259.407          0        1-F-S-148
Megan Chandler                    27    F-OR      160       165      0.8547          45       57.5     -67.5     57.5    30       40    -42.5   40   97.5   -77.5       77.5       110       110     207.5                    177.35025          0       4-F-OR-165
Melissa Herman                    22     F-JR     187       198     0.77355          65       82.5     -125      82.5    50       60    -67.5   60  142.5    130       -170       -170       130     272.5                    210.792375   212.9002988   1-F-JR-198
Michael Brunet                    27    M-OR     212.6      220      0.5908        117.5    -137.5    152.5     152.5    85     107.5  -117.5 107.5 260      150      172.5        200       200      460                       271.768          0       4-M-OR-220
MiKayla Kohn                      18     F-T3     176       181     0.80305         150       160     -167.5     160    92.5     97.5   -100   97.5 257.5    150        160        165       165     422.5                    339.288625   359.6459425    1-F-T3-181
Mike Dolan                        30    M-OR     216.5      220     0.58585        142.5     -155               142.5 102.5     107.5  -112.5 107.5 250    242.5       -255       -255         0       0                           0             0             0
Patsie Lockett                    58    F-M4R     212      SHW       0.7267          55       -70       85        85    -40      -45      45    45   130    72.5         85        105       105      235                      170.7745    220.4698795 1-F-M4R-SHW
Ralph Eckley                      64    M-M5R    206.2      220     0.59965         125      132.5     137.5    137.5   92.5     97.5    100   100 237.5   147.5      157.5      -167.5     157.5     395                     236.86175    343.4495375 1-M-M5R-220
Reid Harris (DQ)                  28     M-O     214.5      220     0.58825        247.5     262.5     282.5    282.5  -155     -155    -155     0     0                                       0       0                           0             0             0
Robert Burns                      29    M-OR      211       220     0.59285        182.5    -192.5              182.5    95     107.5   -115  107.5 290    272.5      292.5        300       300      590                      349.7815          0       2-M-OR-220
Rosalind Hicks-Bowles (masters)   45     F-M2    171.8      181     0.81555         -70        70      87.5      87.5   47.5      55     57.5  57.5  145   102.5        120       -125       120      265                     216.12075    228.0073913   1-F-M2-181
Rosalind Hicks-Bowles (open)      45      F-O    171.8      181     0.81555         -70        70      87.5      87.5   47.5      55     57.5  57.5  145   102.5        120       -125       120      265                     216.12075    228.0073913    1-F-O-181
Ryan Carranza                     30     M-O      220       220      0.5818        287.5    -297.5    -297.5    287.5   195     207.5    215   215 502.5   262.5        275       287.5     287.5     790                       459.622          0        1-M-O-220
Sally Noranjo                     21     F-JR    111.6      114      1.1317          30       37.5     52.5      52.5    25      32.5   -37.5  32.5   85    62.5       82.5         90        90      175                      198.0475     202.00845    1-F-JR-114
Sara Hannie                       29    F-OR      159       165      0.8587        102.5    -112.5     -115     102.5 -52.5      57.5    -60   57.5  160     130        140       147.5     147.5    307.5                    264.05025          0       2-F-OR-165
Scott Prosek                      37     M-O     250.6      275      0.5577       -352.5     352.5    -367.5    352.5   265      280     285   285 637.5   282.5      302.5        310       310     947.5                    528.42075          0        1-M-O-275
Scott Rappaport                   31     M-O     200.8      220     0.60785       -207.5     207.5    227.5     227.5 127.5     137.5   -145  137.5 365    192.5        205       227.5     227.5    592.5                    360.151125         0        2-M-O-220
Steven Huelsman                   36     M-S     220.4      220      0.5813         270      297.5              297.5 -167.5    167.5   182.5 182.5 480    247.5      272.5       -290      272.5    752.5                    437.42825          0        2-M-S-220
Travis Werner                     35    M-OR      240       242     0.56475         250      262.5              262.5 172.5     182.5         182.5 445      230      252.5      -262.5     252.5    697.5                    393.913125         0       1-M-OR-242
Victor Estefan Davila             14     M-T1     140       148     0.78965          95       105      117.5    117.5  62.5      67.5    72.5  72.5  190     110      122.5        135       135      325                     256.63625    315.6625875   1-M-T1-148
William Parker (open)             19    M-OR     221.5      242     0.58015         125      142.5    -157.5    142.5    85    -102.5 -102.5    85  227.5  142.5        160        175       175     402.5                    233.510375    242.85079    4-M-OR-242
William Parker (teams)            19    M-T3R    221.5      242     0.58015         125      142.5    -157.5    142.5    85    -102.5 -102.5    85  227.5  142.5        160        175       175     402.5                    233.510375    242.85079   1-M-T3R-242


                                                                                               Gary Pendergrass Memorial Meet - Full Power - Lb Results
                                                           WtCls                                                Best                                   Best    Sub                                         Best                  Coeff
             Name                 Age    Div    BWt (Lb)           Glossbrenner   Squat 1   Squat 2   Squat 3           Bench 1 Bench 2 Bench 3                      Deadlift 1 Deadlift 2   Deadlift 3            PL Total                Age & Coeff   Pl-Div-WtCl
                                                           (Lb)                                                 Squat                                 Bench    Total                                      Deadlift               Score
Adaire White                      24    F-OR     162.5      165     0.84605       236.995   259.041    292.11   292.1    181.88   -203.93   -203.93   181.88    474 259.041 292.11            308.644     308.64   782.633    300.34775          0        1-F-OR-165
Adam Korenke                      34     M-S     195.5      198     0.61685       650.357   -705.47   705.472   705.5    424.39    457.45   -468.48   457.45   1163 584.219 628.311            661.38     661.38       5      510.443375         0         1-M-S-198
Amy Davis                         32    F-OR      170       181     0.82105       203.926   -225.97   259.041    259    -115.74    137.79    148.81   148.81   407.9 253.529 270.064          286.598      286.6   694.449    258.63075          0        1-F-OR-181
Beverly Wheeler                   22     F-JR     115       123      1.1042       165.345   176.368    -192.9   176.4    121.25    132.28   -137.79   132.28   308.6 220.46 236.995          -264.552     236.99   545.6385    273.2895     276.022395    1-F-JR-123
Brett Jackson                     14     M-T1    120.8      123     0.91305       143.299   176.368   -198.41   176.4    -71.65     71.65    82.673   82.673    259 214.949 231.483          -248.018     231.48   490.5235   203.153625   249.8789588    2-M-T1-123
Bryce Dehn                        27    M-OR     162.8      165     0.69685       225.972   -275.58   -275.58    226    225.97     253.53    -286.6   253.53   479.5 523.593 556.662         -600.754     556.66   1036.162    327.5195          0        1-M-OR-165
Callie Saurage                    16     F-T2    181.2      181      0.7883       314.156   358.248   374.782   374.8    209.44    225.97    259.04   259.04   633.8 303.133 336.202          369.271     369.27   1003.093    358.6765     405.304445     1-F-T2-181
Chantel Soirez                    34     F-SR    145.2      148     0.91665       176.368   198.414   -209.44   198.4   104.72    -121.25   121.25    121.25   319.7 286.598 308.644          325.179     325.18   644.8455   268.120125         0        1-F-SR-148
Chris Garcia (DQ)                 57    M-M4     219.5      220      0.5823       699.961   -760.59   -760.59    700        0         0         0        0       0      0          0             0           0         0           0             0              0
Collin Grebel                     15    M-T1R     249       275     0.55915       485.012   501.547   518.081   518.1     429.9    440.92    451.94   451.94    970 485.012 501.547           507.058     507.06   1477.082    374.6305     442.06399    1-M-T1R-275
Corey Leeves                      38     M-S     217.5      220     0.58455       655.869   -705.47   -705.47   655.9   485.01    -501.55    501.55   501.55   1157 606.265 655.869           -661.38     655.87       5      480.792375         0         1-M-S-220
Courtney Ball                     12     F-T1      62        97       #N/A        -99.207    99.207    110.23   110.2    44.092   -55.115   -55.115   44.092   154.3 110.23 -126.765          126.765     126.76   281.0865      #N/A          #N/A        1-F-T1-97
Courtney Price                    17     F-T2     131       132      0.9956        292.11   -308.64   308.644   308.6    137.79   -154.32    154.32   154.32    463 303.133 -314.156          314.156     314.16   777.1215     350.949     379.02492      1-F-T2-132
Crystal Schiller                  25      F-O     148       148     0.90385       -225.97   225.972   -270.06    226     154.32   -181.88   -181.88   154.32   380.3 214.949 242.506          270.064     270.06   650.357    266.63575          0         1-F-O-148
Dan Ziegelmann (PL)               40    M-M1R    236.5      242     0.56665       496.035   -512.57   -523.59    496    325.18     352.74   -374.78   352.74   848.8 507.058 529.104          -551.15      529.1   1377.875   354.15625     354.15625    1-M-M1R-242
Daniel Washburn (PL)              35    M-SR      194       198      0.6197       297.621   325.179   347.225   347.2    132.28    358.25    374.78   374.78    722 132.276 325.179           363.759     363.76       5      305.20225          0        2-M-SR-198
Deidrick Thomas                   26    M-OR      205       220      0.6013        330.69   352.736   369.271   369.3    231.48    248.02    264.55   264.55   633.8 440.92 473.989           501.547     501.55   1135.369    309.6695          0       3-M-OR-220
Derek Jarman (Open)               37    M-OR     280.2      308     0.54325        551.15   -633.82   633.823   633.8   402.34     451.94    473.99   473.99   1108 600.754 710.984          -738.541     710.98   1818.795   448.18125          0       1-M-OR-308
Derek Jarman (Sub)                37    M-SR     280.2      308     0.54325        551.15   -633.82   633.823   633.8    402.34    451.94    473.99   473.99   1108 600.754 710.984          -738.541     710.98   1818.795   448.18125          0        1-M-SR-308
Dillon Kotz                       24     M-O      198       198      0.6126       584.219   617.288   650.357   650.4    451.94    473.99   -501.55   473.99   1124 473.989 534.616           556.662     556.66       5       467.1075          0         1-M-O-198
Dwayne Levels (Open)              35    M-OR     296.2      308     0.53605       501.547   529.104   -551.15   529.1   363.76     391.32   407.85    407.85    937 529.104 551.15           -600.754     551.15   1488.105   361.83375          0       3-M-OR-308
Dwayne Levels (Sub)               35    M-SR     296.2      308     0.53605       501.547   529.104   -551.15   529.1   363.76     391.32    407.85   407.85    937 529.104 551.15           -600.754     551.15   1488.105   361.83375          0        2-M-SR-308
Emily Goudeau                     37     F-SR    167.5      181     0.82885        99.207    110.23   126.765   126.8   66.138     82.673   -93.696   82.673   209.4 154.322 192.903         -236.995      192.9   402.3395   151.265125         0        1-F-SR-181
Emily Smith                       39      F-S     188       198     0.77085       275.575   -292.11   303.133   303.1   -121.25    121.25    126.76   126.76   429.9 225.972 242.506          264.552     264.55   694.449    242.81775          0         1-F-S-198
Eric Nayden                       29     M-O      208       220      0.5971       -308.64   336.202   352.736   352.7    181.88   -203.93    203.93   203.93   556.7 402.34      440.92      -473.989     440.92   997.5815   270.18775          0         3-M-O-220
Fredrick Hannie                   29    M-OR     216.8      220      0.5856       540.127   573.196   589.731   589.7    369.27    391.32   -402.34   391.32    981 578.708 611.777          -639.334     611.78       5        423.096          0       1-M-OR-220
Gabriel Noranjo                   23    M-OR      179       181      0.6513       187.391    220.46   253.529   253.5    198.41    220.46   -253.53   220.46    474 314.156 374.782           407.851     407.85    881.84      260.52           0       1-M-OR-181
Grant Briggs                      25     M-O      232       242      0.5703       584.219   611.777   655.869   655.9   -507.06    534.62   -600.75   534.62   1190 314.156        0             0        314.16       5      389.22975          0         1-M-O-242
Hayden Baillio (JR)               23    M-JR    297     308    0.5358   518.081   556.662   600.754   600.8    462.97    501.55    -529.1   501.55   1102 606.265 650.357 705.472 705.47 1807.772 439.356             0       1-M-JR-308
Hayden Baillio (Open)             23   M-OR     297     308    0.5358   518.081   556.662   600.754   600.8    462.97    501.55    -529.1   501.55   1102 606.265 650.357 705.472 705.47 1807.772 439.356             0      2-M-OR-308
Hunter Angelo                     14    M-T1   117.5    123    0.9406   242.506   264.552   275.575   275.6     143.3    159.83   -176.37   159.83   435.4 242.506     0       0     242.51 677.9145 289.2345   355.758435    1-M-T1-123
Jacey Walker                      17    F-T2   116.5    123    1.0942   286.598   314.156    330.69   330.7    137.79    148.81    154.32   154.32    485 281.087 303.133 -314.156 303.13 788.1445 391.1765      422.47062    1-F-T2-123
Jaimie Balzer                     21    F-JR    142     148   0.93345   198.414   -209.44   209.437   209.4    93.696    99.207    104.72   104.72   314.2 259.041 275.575 286.598 286.6    600.7535 254.365125 259.4524275   1-F-JR-148
James Strickland (Open PL)        34   M-OR    271.5    275   0.54755   225.972   314.156   -352.74   314.2   473.99    -523.59   -523.59   473.99   788.1 319.667 396.828 -440.92 396.83       5    294.308125       0      2-M-OR-275
James Strickland (Sub PL)         34   M-SR    271.5    275   0.54755   225.972   314.156   -352.74   314.2    473.99   -523.59   -523.59   473.99   788.1 319.667 396.828 -440.92 396.83       5    294.308125       0      2-M-SR-275
Jennifer Hobbs                    27   F-OR     153     165   0.88175   -181.88   198.414    220.46   220.5    82.673    93.696   -99.207   93.696   314.2 253.529 275.575 -297.621 275.58 589.7305 235.868125        0      3-F-OR-165
Jeremy Schraw                     26    M-O    269.8    275   0.54845   705.472   722.007      0       722    352.74     385.81   -402.34   385.81   1108 628.311 -672.403     0     628.31     5    431.904375       0       2-M-O-275
Jesse Brunet (Open)               34   M-OR    197.5    198   0.61335   314.156   336.202   -363.76   336.2   275.58    -297.62   -297.62   275.58   611.8 429.897 479.501 523.593 523.59 1135.369 315.87525          0      1-M-OR-198
Jesse Brunet (Sub)                34   M-SR    197.5    198   0.61335   314.156   336.202   -363.76   336.2    275.58   -297.62   -297.62   275.58   611.8 429.897 479.501 523.593 523.59 1135.369 315.87525          0      1-M-SR-198
Jim Wheeler                       21    M-JR    175     181    0.6612   314.156   336.202   380.294   380.3    209.44    242.51   -259.04   242.51   622.8 314.156 347.225 396.828 396.83       5      305.805    311.9211    1-M-JR-181
Jordan Lawler (DQ)                31    M-O    227.5    242    0.5742   -589.73    -622.8    -622.8     0         0         0        0         0       0       0       0       0       0        0         0           0            0
Jr Johnson                        22     M-J    190     198   0.62725    661.38   705.472   -722.01   705.5    385.81    407.85    418.87   418.87   1124 661.38 -705.472 705.472 705.47 1829.818 520.6175      525.823675     1-M-J-198
Julie Novack                      25   F-OR    118.4    123    1.0796   154.322    181.88   -198.41   181.9    104.72    121.25   -126.76   121.25   303.1 236.995 259.041 -275.575 259.04 562.173     275.298        0      1-F-OR-123
Justin Childs                     28   M-OR     301     308    0.5341   -551.15   -584.22   -584.22     0      402.34   -435.41   -435.41   402.34     0    507.058 540.127 -567.685 540.13     0         0           0            0
Justin Davis                      29   M-OR     236     242    0.5671   407.851   457.455    -479.5   457.5    314.16     336.2    347.22   347.22   804.7 407.851 462.966 490.524 490.52       5    333.17125        0      2-M-OR-242
Justin Tripp                      24   M-OR    231.5    242   0.57065   303.133   363.759   -402.34   363.8   275.58     308.64   -330.69   308.64   672.4 451.943 501.547 -534.616 501.55      5    303.871125       0      3-M-OR-242
Karagan Steuart                   18    F-T3   108.6    114    1.1549   209.437   225.972   -242.51    226     99.207   -110.23    110.23   110.23   336.2 214.949 -231.483 231.483 231.48 567.6845 297.38675 315.229955      1-F-T3-114
Kassie Riley                      16    F-T2   135.4    148    0.9695   236.995   248.018   264.552   264.6    121.25    132.28   -137.79   132.28   396.8 242.506 259.041 270.064 270.06 666.8915 293.27375 331.3993375      1-F-T2-148
Keeley Bell (open)                34   M-OR    256.5    275   0.55475   407.851   501.547   562.173   562.2    297.62    330.69    363.76   363.76   925.9 429.897 496.035 551.15 551.15    1477.082  371.6825        0      1-M-OR-275
Keeley Bell (sub)                 34   M-SR    256.5    275   0.55475   407.851   501.547   562.173   562.2    297.62    330.69    363.76   363.76   925.9 429.897 496.035 551.15 551.15 1477.082 371.6825            0      1-M-SR-275
Lauren Groom                      14    F-T1   126.2    132    1.0263   -231.48   231.483   248.018    248     115.74    121.25   -132.28   121.25   369.3 231.483 253.529 -270.064 253.53 622.7995 289.92975 356.6135925     1-F-T1-132
Leslie Harris                     36     F-S   146.5    148    0.9102   236.995   253.529   -275.58   253.5    121.25    132.28    137.79   137.79   391.3 187.391 220.46 236.995 236.99 628.311       259.407        0        1-F-S-148
Megan Chandler                    27   F-OR     160     165    0.8547    99.207   126.765   -148.81   126.8    66.138    88.184   -93.696   88.184   214.9 -170.857 170.857 242.506 242.51 457.4545 177.35025         0      4-F-OR-165
Melissa Herman                    22    F-JR    187     198   0.77355   143.299    181.88   -275.58   181.9    110.23    132.28   -148.81   132.28   314.2 286.598 -374.782 -374.782 286.6 600.7535 210.792375 212.9002988    1-F-JR-198
Michael Brunet                    27   M-OR    212.6    220    0.5908   259.041   -303.13   336.202   336.2    187.39    236.99   -259.04   236.99   573.2 330.69 380.294 440.92 440.92 1014.116 271.768              0      4-M-OR-220
MiKayla Kohn                      18    F-T3    176     181   0.80305    330.69   352.736   -369.27   352.7    203.93    214.95   -220.46   214.95   567.7 330.69 352.736 363.759 363.76 931.4435 339.288625 359.6459425      1-F-T3-181
Mike Dolan                        30   M-OR    216.5    220   0.58585   314.156   -341.71      0      314.2    225.97    236.99   -248.02   236.99   551.2 534.616 -562.173 -562.173   0        0         0           0            0
Patsie Lockett                    58   F-M4R    212    SHW     0.7267   121.253   -154.32   187.391   187.4   -88.184   -99.207    99.207   99.207   286.6 159.834 187.391 231.483 231.48   518.081   170.7745  220.4698795 1-F-M4R-SHW
Ralph Eckley                      64   M-M5R   206.2    220   0.59965   275.575    292.11   303.133   303.1    203.93    214.95    220.46   220.46   523.6 325.179 347.225 -369.271 347.22 870.817 236.86175 343.4495375 1-M-M5R-220
Reid Harris (DQ)                  28    M-O    214.5    220   0.58825   545.639   578.708    622.8    622.8   -341.71   -341.71   -341.71      0       0       0       0       0       0        0         0           0            0
Robert Burns                      29   M-OR     211     220   0.59285    402.34   -424.39      0      402.3    209.44    236.99   -253.53   236.99   639.3 600.754 644.846 661.38 661.38 1300.714 349.7815            0      2-M-OR-220
Rosalind Hicks-Bowles (masters)   45    F-M2   171.8    181   0.81555   -154.32   154.322   192.903   192.9    104.72    121.25    126.76   126.76   319.7 225.972 264.552 -275.575 264.55 584.219 216.12075 228.0073913      1-F-M2-181
Rosalind Hicks-Bowles (open)      45    F-O    171.8    181   0.81555   -154.32   154.322   192.903   192.9    104.72    121.25    126.76   126.76   319.7 225.972 264.552 -275.575 264.55 584.219 216.12075 228.0073913       1-F-O-181
Ryan Carranza                     30    M-O     220     220    0.5818   633.823   -655.87   -655.87   633.8     429.9    457.45    473.99   473.99   1108 578.708 606.265 633.823 633.82 1741.634 459.622             0       1-M-O-220
Sally Noranjo                     21    F-JR   111.6    114    1.1317    66.138   82.6725   115.742   115.7    55.115     71.65   -82.673    71.65   187.4 137.788 181.88 198.414 198.41    385.805   198.0475   202.00845    1-F-JR-114
Sara Hannie                       29   F-OR     159     165    0.8587   225.972   -248.02   -253.53    226    -115.74    126.76   -132.28   126.76   352.7 286.598 308.644 325.179 325.18 677.9145 264.05025          0      2-F-OR-165
Scott Prosek                      37    M-O    250.6    275    0.5577   -777.12   777.122   -810.19   777.1    584.22    617.29    628.31   628.31   1405    622.8  666.892 683.426 683.43      5    528.42075        0       1-M-O-275
Scott Rappaport                   31    M-O    200.8    220   0.60785   -457.45   457.455   501.547   501.5    281.09    303.13   -319.67   303.13   804.7 424.386 451.943 501.547 501.55       5    360.151125       0       2-M-O-220
Steven Huelsman                   36    M-S    220.4    220    0.5813   595.242   655.869      0      655.9   -369.27    369.27    402.34   402.34   1058 545.639 600.754 -639.334 600.75       5    437.42825        0        2-M-S-220
Travis Werner                     35   M-OR     240     242   0.56475    551.15   578.708      0      578.7    380.29    402.34      0      402.34    981 507.058 556.662 -578.708 556.66       5    393.913125       0      1-M-OR-242
Victor Estefan Davila             14    M-T1    140     148   0.78965   209.437   231.483   259.041    259     137.79    148.81    159.83   159.83   418.9 242.506 270.064 297.621 297.62 716.495 256.63625 315.6625875       1-M-T1-148
William Parker (open)             19   M-OR    221.5    242   0.58015   275.575   314.156   -347.22   314.2   187.39    -225.97   -225.97   187.39   501.5 314.156 352.736 385.805 385.81 887.3515 233.510375 242.85079      4-M-OR-242
William Parker (teams)            19   M-T3R   221.5    242   0.58015   275.575   314.156   -347.22   314.2    187.39   -225.97   -225.97   187.39   501.5 314.156 352.736 385.805 385.81 887.3515 233.510375 242.85079      1-M-T3R-242
06-Dec-14                          Gary Pendergrass Memorial Meet - Bench Only - Kg Results
                                                     WtCls                                                 Best   Coeff   Age &
           Name              Age   Div    BWt (Lb)           Glossbrenner   Bench 1   Bench 2   Bench 3                           Pl-Div-WtCl
                                                     (Lb)                                                 Bench   Score   Coeff
Alicia Penny                 35    F-SR     136       148     0.96575         50        55        60        60    57.945    0     1-F-SR-148
Daniel Washburn (bench)      35    M-SR     194       198      0.6197                                        0      0       0          0
Greg Powell (DQ)             49    M-O      233       242      0.5694        -410      -420      -420        0      0       0          0
James Strickland (Open BP)   34    M-OR    271.5      275     0.54755         215     -237.5    -237.5     215  117.72325   0     1-M-OR-275
James Strickland (Sub BP)    34    M-SR    271.5      275     0.54755         215     -237.5    -237.5     215  117.72325   0     1-M-SR-275
Joseph Martinez              32    M-OR     289       308      0.5392         200      210       -220      210   113.232    0     1-M-OR-308
Khang Nguyen                 28    M-OR     164       165     0.69265         110      130       -135      130   90.0445    0     1-M-OR-165


                                   Gary Pendergrass Memorial Meet - Bench Only - Lb Results
                                                     WtCls                                               Best     Coeff   Age &
           Name              Age   Div    BWt (Lb)           Glossbrenner   Bench 1   Bench 2   Bench 3                           Pl-Div-WtCl
                                                     (Lb)                                               Bench     Score   Coeff
Alicia Penny                 35    F-SR     136       148     0.96575        110.23   121.253   132.276 132.276   57.945    0     1-F-SR-148
Daniel Washburn (bench)      35    M-SR     194       198      0.6197          0         0         0       0        0       0          0
Greg Powell (DQ)             49    M-O      233       242      0.5694       -903.886 -925.932 -925.932     0        0       0          0
James Strickland (Open BP)   34    M-OR    271.5      275     0.54755       473.989 -523.5925 -523.5925 473.989 117.72325   0     1-M-OR-275
James Strickland (Sub BP)    34    M-SR    271.5      275     0.54755       473.989 -523.5925 -523.5925 473.989 117.72325   0     1-M-SR-275
Joseph Martinez              32    M-OR     289       308      0.5392        440.92   462.966  -485.012 462.966 113.232     0     1-M-OR-308
Khang Nguyen                 28    M-OR     164       165     0.69265       242.506   286.598  -297.621 286.598 90.0445     0     1-M-OR-165
06-Dec-14                          Gary Pendergrass Memorial Meet - Deadlift Only - Kg Results
                                                   WtCls                                                          Best      Coeff     Age &
         Name             Age    Div    BWt (Lb)           Glossbrenner   Deadlift 1   Deadlift 2   Deadlift 3                                  Pl-Div-WtCl
                                                    (Lb)                                                         Deadlift   Score      Coeff
Alicia Penny              35     F-SR     136       148     0.96575         117.5        127.5        137.5       137.5   132.790625     0      1-F-SR-148
Bonnie Thomas             30      F-O     145       148      0.9178          145         157.5         170         170     156.026       0       1-F-O-148
Dan Ziegelmann (DL)       40    M-M1R    236.5      242     0.56665          230          240         -250         240     135.996   135.996   1-M-M1R-242
Derek Jarman (DL)         37    M-OR     280.2      308     0.54325         272.5       322.5         -335        322.5   175.198125     0      1-M-OR-308
James Love                46    M-M2      268       275      0.5493         332.5       -347.5       -352.5       332.5   182.64225 195.061923 1-M-M2-275
Jimmy Keating (DL only)   21     M-JR     221       242     0.58085          105          120         137.5       137.5   79.866875 81.4642125 1-M-JR-242
Lance Olian               31     M-O     218.8      220      0.5833          230          240         -250         240     139.992       0       1-M-O-220


                                   Gary Pendergrass Memorial Meet - Deadlift Only - Lb Results
                                                   WtCls                                                 Best              Coeff     Age &
         Name             Age    Div    BWt (Lb)           Glossbrenner   Deadlift 1   Deadlift 2   Deadlift 3                                 Pl-Div-WtCl
                                                    (Lb)                                               Deadlift            Score      Coeff
Alicia Penny              35     F-SR     136       148     0.96575       259.0405 281.0865 303.1325 303.1325            132.790625     0      1-F-SR-148
Bonnie Thomas             30      F-O     145       148      0.9178        319.667 347.2245    374.782 374.782            156.026       0       1-F-O-148
Dan Ziegelmann (DL)       40    M-M1R    236.5      242     0.56665        507.058  529.104    -551.15  529.104           135.996   135.996   1-M-M1R-242
Derek Jarman (DL)         37    M-OR     280.2      308     0.54325       600.7535 710.9835 -738.541 710.9835            175.198125     0      1-M-OR-308
James Love                46    M-M2      268       275      0.5493       733.0295 -766.0985 -777.1215 733.0295          182.64225 195.061923 1-M-M2-275
Jimmy Keating (DL only)   21     M-JR     221       242     0.58085        231.483  264.552   303.1325 303.1325          79.866875 81.4642125 1-M-JR-242
Lance Olian               31     M-O     218.8      220      0.5833        507.058  529.104    -551.15  529.104           139.992       0       1-M-O-220
06-Dec-14                                       Gary Pendergrass Memorial Meet - Push-Pull - Kg Results
                                                                                                                                                  Push
                                     WtCls                                                 Best                                         Best               Coeff     Age &
       Name    Age   Div    BWt (Lb)         Glossbrenner   Bench 1   Bench 2   Bench 3           Deadlift 1   Deadlift 2 Deadlift 3              Pull                     Pl-Div-WtCl
                                      (Lb)                                                Bench                                        Deadlift            Score     Coeff
                                                                                                                                                  Total
Jeff Yonkers   27    M-OR    303.6    308     0.53305        177.5     195      -207.5     195      272.5        295         -320        295       490    261.1945     0    1-M-OR-308


                                                Gary Pendergrass Memorial Meet - Push-Pull - Lb Results
                                                                                                                                             Push
                                     WtCls                                                 Best                                         Best         Coeff   Age &
       Name    Age   Div    BWt (Lb)         Glossbrenner   Bench 1   Bench 2   Bench 3           Deadlift 1   Deadlift 2 Deadlift 3         Pull                  Pl-Div-WtCl
                                      (Lb)                                                Bench                                        Deadlift      Score   Coeff
                                                                                                                                             Total
Jeff Yonkers   27    M-OR    303.6    308     0.53305       391.3165 429.897 -457.4545 429.897 600.7535        650.357    -705.472 650.357 1080.254 261.1945   0   1-M-OR-308
