C    Liane Sabourin         38   F-SM   129.3     0    0.6666   7i    62.5     85   -105     85     2     64      90    -107.5           90     175      155     165      175    185    175     350    233.293    0.000    1        0        7   gpc cpf   PL BP
C      Tara Green           23    F-J   81.5    82.5   0.7925   6o   137.5    150   -165     150    0   92.5    102.5     110    -115   110     260      150     170     182.5   185   182.5   442.5   350.681    0.000    1    1-F-J-82.5   7             PL BP
C Margaret Ann Estabrooks   65   FM-6   76.5    82.5   0.8253   6o   42.5     45     47.5   47.5    4     30      35     37.5           37.5    85       60      70       75            75      160    132.040   195.419   1   1-FM-6-82.5   7     cpf     PL BP
C     Rachel Thera          18   FT-3   55.3     56    1.0545   7o     55    62.5     70     70     0    37.5   -42.5    42.5           42.5   112.5     80     87.5     92.5          92.5     205    216.173   229.143   1    1-FT-3-56    7    gpc       PL
C Adrienne Nickerson        46   FM-2   51.85    52    1.1093   4o     60      70    -85     70     0     40    -47.5    -47.5           40     110     82.5     90      -100           90      200    221.860   236.946   1    1-FM-2-52    7   gpc cpf   PL BP
C     Kerri Nichols         34    FO    51.55    52    1.1144   3o     65    72.5     80      80    0     50     -60      -60            50     130      90      95      102.5         102.5   232.5   259.098    0.000    1     1-FO-52     7    gpc      PL BP
C Alison MacNearney         51   FM-3   71.25    75    0.8653   4o    52.5     60     65      65    2     30     32.5      35            35     100     -92.5   102.5    107.5         107.5   207.5   179.550   205.944   1    1-FM-3-75    7   gpc cpf   PL BP
C     Matt Duckett          29    MO    54.8     56    1.6524   5o     75      80     85      85          60    67.5     -72.5          67.5   152.5     95      105      115           115    267.5   442.017    0.000    1     1-MO-56     7    gpc       PL
C       Bill Hurley         32    MO    56.45    60     1.568   5o     90     -95   -100     90           60    67.5      70             70     160      95     -110      115           115     275    431.200    0.000    1     1-MO-60     7    gpc       PL
C    Christina Stang        32    FO    122.1    0     0.6753   8o     85      95   -110     95     3     47     -60      -60            47     142      97      105     117.5         117.5   259.5   175.227    0.000    1        0        7    gpc      PL BP
C  Chelsie Chapman          24    FO    74.1     75    0.8429   8i     85     -90    -90     85     2     55     -65      -65            55     140     92.5     110      120           120     260    219.154    0.000    1     2-FO-75     5    gpc       PL
C     Erika Worger          32    FO    58.5     60    1.0079   4o    105    -115   -115     105    1     70    -77.5    77.5    80.5   77.5   182.5     100     110      120           120    302.5   304.890    0.000    1     1-FO-60     7    gpc       PL
C       Erica Lutz          26    FO    59.55    60     0.993   4o    -85    92.5    100     100    1     55    57.5     -62.5          57.5   157.5     115     120     -125           120    277.5   275.544    0.000    1     3-FO-60     3    gpc       PL
C   Casey Schmaltz          27    FO    58.8     60    1.0037   6o    77.5     90   112.5   112.5   3    42.5    52.5     -60           52.5    165     87.5    112.5    127.5         127.5   292.5   293.582    0.000    1     2-FO-60     5    gpc       PL
C     Lindsay Bell          28    FO    67.3    67.5   0.9018   6o    -85    -105   -120       0    2     50    -67.5      0             50      0       95      115     137.5         137.5     0      0.000     0.000    1        0        0    gpc       PL
C   Sarah Jo Buffalo        28    FO    64.4    67.5   0.9335   4o   -92.5   97.5   102.5   102.5   2   47.5    -52.5    -52.5          47.5    150      115    127.5    137.5         137.5   287.5   268.367    0.000    1    2-FO-67.5    5    gpc       PL
C     Karina Seidle         29    FO    67.35   67.5   0.9008   7o   -120     120   -130     120    0   52.5      60     -67.5           60     180      120    132.5   -137.5         132.5   312.5   281.484    0.000    1    1-FO-67.5    7    gpc       PL
C     Dallas Smith          26    FO    68.3     75    0.8917   6o    92.5    100    105     105    3     50      60     -62.5           60     165      110    137.5     150           150     315    280.886    0.000    1     1-FO-75     7     cpf     PL BP
C  Courtney Johnston        31    FO     67.3   67.5   0.9018   8o   -105     105   -110     105    4   -57.5   -57.5    -57.5            0      0       135    142.5    -150          142.5     0      0.000     0.000    1        0        0    gpc      PL BP
C    Tyson Neufeld          35    MO    86.4     90    0.9948   8o    130     140   -160     140    3     85    -105      105           105     245      100    142.5    -185          142.5   387.5   385.485    0.000    1     1-MO-90     7    gpc       PL
C   Gordon Fountain         21    M-J   77.85   82.5   1.0792   8o   117.5    135   -145     135    3     85    92.5     -100           92.5   227.5   -182.5   182.5     205           205    432.5   466.754   476.089   1    1-M-J-82.5   7    gpc       PL
C   Ashley Mawdsley         31    MO    81.3    82.5   1.0406   5i   182.5    205   -215     205         140    -155      155           155     360      185     205      230           230     590    613.954    0.000    1    1-MO-82.5    7    gpc      PL BP
C      Lee Powell           29    MO     79.1   82.5   1.0648   7o    185    -200   -200     185    2   -110     110     -120           110     295      230    -235     -235           230     525    559.020    0.000    1    2-MO-82.5    5    gpc       PL
C  Birchmans Pereira        66    M-6    76.2   82.5   1.1006   4o    160    -175    180     180        72.5      75     77.5           77.5   257.5     220    227.5   -237.5         227.5    485    533.791   614.447   1    1-M-6-82.5   7   gpc cpf    PL
C     Bernice Fuss          56    M-4   69.95    75     1.194                                  0    0   82.5     87.5     95     95.5    95      0                                       0       0      0.000     0.000    1        0        0    gpc       BP
C   Doug Van Affelen        51    M-3   74.4     75    1.1256                                  0    3   132.5    150     -155           150      0                                       0       0      0.000     0.000    1        0        0              BP
