
подготовил Сергей РыжукVI
    Чемпионат Украины
г. Горловка, 18 - 20 февраля 1994 года.

ЖЕНЩИНЫ
 -44,00 кг.
 1. Филиппова Евгения/75	 44,00	Харьков		 90,0	 47,5	115,0	252,5
								    4-я 120,0
 2. Тихонова Татьяна/77		 42,80	Кировоград	 80,0	 40,0	110,0	230,0
 3. Щербань Виктория/80		 44,00	Кировоград	 75,0	 35,0	 90,0	200,0
 4. Петренко Яна/81		 36,00	Токмак		 70,0	 37,5	 87,5	195,0
 5. Мирошниченко Анна/80	 42,10	Кировоград	 70,0	 27,5	 90,0	187,5
 6. Париева Елена/71		 43,75	Горловка	 60,0	 35,0	 80,0	175,0
 -48,00 кг.
 1. Финченко Наталья/76		 48,00	Мариуполь	 85,0	 37,5	105,0	227,5
 2. Примакова Ольга/81		 46,55	Глухов		 75,0	 57,5	 85,0	217,5
 -52,00 кг.
 1. Спиридонова Оксана/74	 52,00	Кировоград	125,0	 67,5	135,0	327,5
 2. Беспарточная Елена/74	 52,00	Рубежное	 80,0	 65,0	132,5	277,5
 3. Финченко Марина/78		 51,00	Мариуполь	112,5	 47,5	115,0	275,0
 4. Миняйло Виктория/73		 50,00	Киев		 75,0	 45,0	100,0	220,0
 5. Козина Елена/68		 51,00	Херсон		 67,5	 50,0	 92,5	210,0
 -  Банникова Юлия/77		 51,70	Горловка	---,-	---,-	---,-	    0
 -  Краснобрыжая Светлана/60	 52,00	Токмак		---,-	---,-	---,-	    0
 -56,00 кг.
 1. Синькевич Людмила/70	 55,70	Кировоград	140,0	 77,5	170,0	387,5
 2. Шип Наталья/76		 56,00	Горловка	135,0	 57,5	127,5	320,0
 3. Савяченко Инна/71		 54,50	Киев		 95,0	 60,0	117,5	272,5
 4. Андресюк Люсьена/77		 54,15	Горловка	 95,0	 47,5	125,0	267,5
 -  Поплавская Светлана/66	 55,50	Токмак		---,-	---,-	---,-	    0
 -60,00 кг.
 1. Пилипенко Елена/77		 60,00	Боярка		 85,0	 47,5	112,5	245,0
 2. Павелко Наталья/75		 59,10	Горловка	 80,0	 42,5	120,0	242,5
 3. Малуха Татьяна/66		 56,10	Херсон		 80,0	 50,0	 95,0	225,0
 -67,50 кг.
 1. Дубинина Ирина/66		 67,00	Макеевка	190,0	 95,0	185,0	470,0
 2. Мирошниченко Елена/70	 65,50	Харьков		140,0	 77,5	150,0	367,5
 3. Андриевская Инна/75		 66,50	Боярка		110,0	 45,0	135,0	290,0
 4. Челпамбаева Виктория/75	 65,00	Горловка	 90,0	 40,0	115,0	245,0
 -75,00 кг.
 1. Сухецкая Елена/75		 75,00	Кировоград	100,0	 45,0	125,0	270,0
 2. Головатюк Марина/77		 74,50	Горловка	105,0	 40,0	122,5	267,5
 -82,50 кг.
 1. Ганенко Анна/75		 81,50	Мариуполь	155,0	 90,0	155,0	400,0
 
МУЖЧИНЫ
 -52,00 кг.
 1. Блык Виталий/72		 52,00	Изюм		122,5	100,0	160,0	382,5
 2. Латышев Сергей/77		 52,00	Макеевка	120,0	 82,5	145,0	347,5
 -56,00 кг.
 1. Громов Александр/75		 55,55	Харьков		165,0	107,5	170,0	442,5
 2. Апанасович Станислав/62	 54,50	Горловка	127,5	105,0	140,0	372,5
 -60,00 кг.
 1. Овчаренко Степан/76		 59,70	Ялта		200,0	117,5	237,5	555,0
 2. Ватюк Сергей/62		 59,50	Коломыя		207,5	138,5	205,0	550,0
 3. Зубик Валентин/71		 59,00	Березно		195,0	100,0	190,0	485,0
 4. Саркисян Григорий/63	 59,50	Киев		145,0	100,0	200,0	445,0
 5. Забожный Андрей/78		 60,00	Белая Церковь	160,0	 80,0	170,0	410,0
 -67,50 кг.
 1. Верниченко Юрий/62		 66,50	Горловка	227,5	160,0	230,0	617,5
 2. Загудай Николай/62		 67,50	Красный Лиман	225,0	142,5	245,0	612,5
 3. Кравченко Валерий/65	 66,40	Днепродзержинск	225,0	155,0	230,0	610,0
 4. Кравцов Петр/46		 66,00	Ялта		230,0	142,5	230,0	602,5
 5. Чернышов Александр/66	 66,00	Харьков		210,0	160,0	195,0	565,0
 6. Моренец Олег/67		 67,50	Феодосия	200,0	135,0	210,0	545,0
 7. Арделян Владимир/68		 67,50	Белая Церковь	190,0	130,0	215,0	535,0
 8. Очеретнюк Олег/72		 65,30	Киев		205,0	132,5	185,0	522,5
 9. Крикун Андрей/74		 66,00	Кировоград	190,0	125,0	200,0	515,0
10. Одарич Сергей/70		 66,50	Рубежное	185,0	110,0	205,0	500,0
 -75,00 кг.
 1. Базаев Сиражутдин/68	 74,30	Киев		280,5	170,0	285,0	735,0
 2. Куртяк Василий/61		 74,20	Кировоград	262,5	167,5	280,0	710,0
 3. Кривцов Виталий/51		 74,00	Феодосия	270,0	160,0	260,0	690,0
 4. Соловьев Дмитрий/70		 73,10	Киев		260,0	182,5	245,0	687,5
 5. Пигарев Юрий/62		 74,15	Мариуполь	235,0	160,0	230,0	625,0
 6. Роменский Дмитрий/71	 74,50	Горловка	220,0	145,0	235,0	600,0
 -  Дмитриев Алексей/74		 75,00	Харьков		210,0	145,0	---,-	    0
 -82,50 кг.
 1. Романенко Сергей/72		 81,60	Токмак		310,0	160,0	290,0	760,0
								    4-я 295,5
 2. Слатенков Александр/66	 82,50	Кировоград	270,0	175,0	292,5	737,5
 3. Махнюк Владимир/58		 82,50	Винница		275,0	207,5	255,0	737,5
 4. Чикин Дмитрий/66		 82,00	Киев		280,0	155,0	280,0	715,0
 5. Карый Сергей/73		 81,60	Винница		275,0	160,0	260,0	695,0
 6. Пашкевич Александр/70	 82,40	Кривой Рог	230,0	132,5	262,5	625,0
 7. Водолажченко Владимир/70	 82,50	Харьков		230,0	140,0	235,0	605,0
 8. Цилинченко Александр/73	 82,00	Мариуполь	235,0	137,5	230,0	602,5
 9. Провоторов Дмитрий/63	 82,45	Харьков		210,0	147,5	200,0	557,5
10. Бойко Андрей/64		 82,50	Черкассы	190,0	135,0	210,0	535,0
 -  Комаров Николай/62		 81,30	Днепропетровск	---,-	---,-	---,-	    0
 -90,00 кг.
 1. Ухач Владимир/60		 90,00	Одесса		320,0	232,5	315,0	867,5
 2. Ганчур Виктор/58		 89,60	Мариуполь	320,0	195,0	290,0	805,0
 3. Куракин Николай/67		 89,45	Феодосия	270,0	190,0	315,0	775,0
 4. Костенко Юрий/71		 89,60	Киев		262,5	180,0	295,0	737,5
 5. Чередник Денис/75		 89,10	Бердянск	265,0	167,5	275,0	707,5
 6. Суббота Сергей/62		 89,70	Горловка	280,0	160,0	260,0	700,0
 7. Стрельбицкий Василий/62	 89,90	Винница		270,0	170,0	260,0	700,0
 8. Натяжко Николай/62		 88,80	Березно		265,0	155,0	270,0	690,0
 9. Лялюк Виталий/71		 89,95	Харьков		260,0	160,0	265,0	685,0
10. Солодкий Дмитрий/71		 87,50	Белая Церковь	230,0	195,0	245,0	660,0
11. Грабовский Игорь/68		 88,20	Одесса		230,0	157,5	215,0	602,5
12. Левша Сергей/59		 90,00	Горловка	200,0	150,0	242,5	592,5
13. Шендрик Игорь/76		 87,00	Мариуполь	200,0	140,0	220,0	560,0
-100,00 кг.
 1. Старов Михаил/73		 98,00	Харьков		330,0	190,0	315,0	835,0
 2. Соловьев Алексей/75		 97,50	Киев		310,0	222,5	287,5	820,0
 3. Войцеховский Альберт/70	100,00	Львов		315,0	175,0	325,0	815,0
 4. Улятовский Игорь/69		 99,40	Одесса		290,0	202,5	280,0	772,5
 5. Королев Олег/71		 93,00	Днепропетровск	270,0	180,0	270,0	720,0
 6. Лебедев Владимир/50		 99,50	Одесса		270,0	170,0	280,0	720,0
 7. Дубовой Виктор/71		 97,50	Киев		250,0	157,5	242,5	650,0
 8. Медведков Виктор/73		 98,00	Горловка	230,0	135,0	240,0	600,0
 -  Войцеховский Валерий/72	 98,40	Львов		320,0	175,0	---,-	    0
 -  Акинин Леонид/66		 97,00	Харьков		---,-	---,-	---,-	    0
-110,00 кг.
 1. Мельник Валерий/58		108,00	Львов		320,0	215,0	307,5	842,5
 2. Антипенко Игорь/68		108,00	Белая Церковь	325,0	180,0	315,0	820,0
 3. Плетененко Алексей/61	103,90	Кривой Рог	295,0	182,5	312,5	790,0
 4. Ковалев Владимир/75		101,85	Харьков		280,0	180,0	280,0	740,0
 5. Барабаш Владимир/71		105,70	Горловка	285,0	160,0	285,0	730,0
 6. Клюенко Сергей/69		106,80	Винница		270,0	150,0	300,0	720,0
 7. Хиценко Николай/61		109,00	Борисполь	282,5	182,5	255,0	720,0
 8. Каныгин Александр/74	105,00	Белгород-Днестр	240,0	160,0	265,0	665,0
 9. Иванов Флорин/75		109,60	Белгород-Днестр	245,0	155,0	240,0	640,0
10. Исаев Михаил/69		103,50	Киев		200,0	170,0	230,0	610,0
 -  Грищенков Анатолий/60	108,20	Горловка	290,0	212,5	---,-	    0
-125,00 кг.
 1. Пирогов Виктор/56		111,00	Новождановка	330,0	175,0	280,0	785,0
 2. Первак Сергей/58		123,00	Одесса		290,0	220,0	275,0	785,0
 3. Мишковский Анатолий/62	116,00	Узин		290,0	210,0	270,0	770,0
 4. Гришин Сергей/67		118,00	Харьков		270,0	195,0	280,0	745,0
+125,00 кг.
 1. Спинов Юрий/62		142,30	Одесса		425,0	205,0	370,0	1000,0
 2. Оробец Василий/66		143,70	Коломыя		340,0	210,0	320,0	 870,0





















© 2000 Сергей
    Рыжук.
    Авторские права  принадлежат
Федерации пауэрлифтинга
    Украины.
    Все права защищены. 

Пишите
    по поводу размещения рекламы на сайте ФПУ
Enquire about advertising on the UPF
    website

© 2000 Sergiy
    Ryzhuk.
    Copyright by
Ukrainian Powerlifting Federation.
    All rights reserved.







