                                                                          Insanity Meet 2017
                                                            01.09.2017 – 03.09.2017 Crossfit HH – Hamburg
                    Körper-                               Kniebeuge                            Bankdrücken                                     Kreuzheben
 Name, Vorname              w/m   Wilks
                    gewicht                1. Vers.   2. Vers. 3. Vers.   TOP     1. Vers.   2. Vers. 3. Vers.   TOP     SUB     1. Vers.   2. Vers. 3. Vers.   TOP     Summe   Pl.   Relativ
 Klasse – 75kg


Viktor Beilmann      74,9   m     0,7132   175,0      195,0     210,0     210,0    125        125      132,5     132,5   342,5   232,5      245,0     257,5     257,5   600,0   1     427,92
 Marcel Boeglin      74,3   m     0,7173   190,0      202,5     207,5     207,5   137,5       145       150      145,0   352,5   220,0      235,0     245,0     245,0   597,5   2     428,59
  Max Schicke        74,5   m     0,7159   190,0      200,0     207,5     200,0    130        135       140      140,0   340,0   207,5      215,0     225,0     215,0   555,0   3     397,32
Tim Niklas Jahn      73,7   m     0,7214   170,0      177,5     187,5     187,5    115        120      122,5     122,5   310,0   215,0      225,0     230,0     230,0   540,0   4     389,56
 Lukas Degen         72,9   m     0,7271   187,5      197,5     205,0     205,0    115       122,5     127,5     127,5   332,5   200,0      217,5     222,5     200,0   532,5   5     387,18
Thomas Manogg        72,4   m     0,7307   170,0      182,5     182,5     182,5    130        135       135      135,0   317,5   190,0      200,0     205,0     205,0   522,5   6     381,79
 Arthur Werner       74,6   m     0,7152   170,0      177,5     180,0     180,0    120       127,5      130      130,0   310,0   190,0      202,5     207,5     207,5   517,5   7     370,12
Hugo Spot-A-Lot      66,3   m     0,7823   180,0      190,0     195,0     190,0   117,5       125       130      125,0   315,0   190,0      200,0     215,0     200,0   515,0   8     402,88
   Yosef Aziz        59,0   m     0,8662   150,0      162,5     170,0     170,0     95        105      112,5     112,5   282,5   205,0      220,0     230,0     220,0   502,5   9     435,27
 Phillipp Fritsch    72,0   m     0,7337   172,5      180,0     190,0     180,0     95        100      102,5     102,5   282,5   192,5      202,5     207,5     202,5   485,0 11      355,84
Abdulhamit Türk      68,2   m     0,7647   180,0      185,0     190,0     185,0     90         95      97,5      95,0    280,0   190,0      197,5     205,0     197,5   477,5 12      365,14
 Manuel Pfalzer      73,1   m     0,7256   150,0      157,5     162.5     162,5   102,5      107,5     112,5     107,5   270,0   190,0      200,0     205,0     205,0   475,0 13      344,66
 Steven Blank        63,9   m     0,8067   130,0      150,0     160,0     150,0    100        110       115      115,0   265,0   190,0      200,0               200,0   465,0 14      375,12
  Arby Aranda        65,8   m     0,7872   130,0      140,0     150,0     150,0    92,5       97,5     102,5     102,5   252,5   185,0      200,0     210,0     210,0   462,5 15      364,08
  Kevin Keller       70,5   m     0,7453   140,0      152,5     165,0     165,0    100        110                110,0   275,0   160,0      175,0     185,0     185,0   460,0 16      342,84
  Alex Westa         69,0   m     0,7578   135,0      140,0     150,0     150,0    110        115      122,5     115,0   265,0   160,0      175,0     190,0     175,0   440,0 17      333,43
  Zoran Jelic        68,0   m     0,7665   137,5      147,5     155,0     147,5     90         95       100      100,0   247,5   170,0      180,0     190,0     190,0   437,5 18      335,34
   Vitor Bassi       68,4   m     0,763    140,0      150,0     152.5     152,5     80         85       90       85,0    237,5   180,0      190,0     195,0     195,0   432,5 19      330,00
  Yunus Celic        73,5   m     0,7228   152,5      162,5     175,0     175,0     95       102,5      110      102,5   277,5   140,0      155,0     172,5     155,0   432,5 20      312,61
 Paco Cabeza         72,6   m     0,7367   127,5      135,0     140,0     140,0     95       102,5     107,5     102,5   242,5   155,0      170,0     180,0     180,0   422,5 21      311,26
 Patrik Jaksetic     74,1   m     0,7186   125,0      135,0     145,0     145,0     85        92,5      100      100,0   245,0   155,0      167,5     177,5     167,5   412,5 22      296,42
Thomas Danielse      72,4   m     0,7307   112,5      120,0     127.5     127,5    87,5       92,5     97,5      92,5    220,0   145,0      160,0     172,5     172,5   392,5 23      286,80
 Can Erdogan         73,3   m     0,7242   165,0      170,0     180,0     170,0    110        115       115       0,0    170,0   210,0      220,0     225,0     220,0   390,0 d.q.
 (Eyyüp Türk)        77,3   m     0,7126   177,5      185,0     192.5     185,0     95       102,5     107,5     107,5   292,5   190,0      200,0     207,5     207,5   500,0 o.W. 356,30
                                                                                         Insanity Meet 2017
                                                               01.09.2017 – 03.09.2017 Crossfit HH – Hamburg
                     Körper-                                Kniebeuge                               Bankdrücken                                      Kreuzheben
  Name, Vorname                w/m   Wilks
                     gewicht                  1. Vers.   2. Vers.   3. Vers.   TOP     1. Vers.   2. Vers.   3. Vers.   TOP     SUB     1. Vers.   2. Vers.   3. Vers.   TOP     Summe   Pl.    Relativ
  Klasse – 90kg

Andrej Mostovenko     86,6     m     0,6515    280        290        305        305     180        190        190       190,0   495,0    300       312,5       320       312,5   807,5     1    526,09
     Pascal Su        83,3     m     0,6661   242,5      252,5      262,5      252,5   152,5       160       162,5      162,5   415,0    245        265        285       265,0   680,0     2    452,95
   Martin Massat      89,5     m     0,6402   217,5       230        240        230    147,5       155        160       160,0   390,0    250        270        280       270,0   660,0     3    422,53
Jeffrey Podszuweit    78,6     m     0,6905    200        220        230        230     175        185       192,5      185,0   415,0    205        230        250       230,0   645,0     4    445,37
   Eric Hinzpeter     84,7     m     0,6597    215       227,5       235        235    132,5       140        145       145,0   380,0    230        250        260       260,0   640,0     5    422,21
  Dario Herrsche      89,7     m     0,6395    225       237,5       245       237,5    145        155        160       155,0   392,5    225        240       247,5      247,5   640,0     6    409,28
    Randy Bolz        87,5     m     0,6479    230        245        245        230     145       152,5       160       152,5   382,5    220        235        240       240,0   622,5     7    403,32
  Fabian Vorberg      86,5     m     0,6519    180        190        200        200     130       132,5      132,5      130,0   330,0    250        260        270       270,0   600,0     8    391,14
  Niklas Lapinske     88,5     m     0,6440    195       207,5       215        215     135        140        140       135,0   350,0    220        230        240       230,0   580,0     9    373,52
    Stefan Voigt      84,9     m     0,6588    155        165        170        170     125        130       137,5      137,5   307,5    225        235        250       250,0   557,5    10    367,28
    Damien Zaid       86,3     m     0,6528    190        200        205        200     100        110       112,5      112,5   312,5    220        235       242,5      235,0   547,5    11    357,41
  Marcel Schaar       89,4     m     0,6406    180       197,5       210       197,5    125       132,5       135       135,0   332,5    200        215        225       215,0   547,5    12    350,73
  Tobias Ommer        84,7     m     0,6610    160       172,5       185        185     120        125                  120,0   305,0    210        220        230       230,0   535,0    13    353,64
   Nicolas Arsic      86,8     m     0,6507    160        170        180        180    122,5       130        135       135,0   315,0    200        215        230       215,0   530,0    14    344,87
 Daniel Leverentz     80,9     m     0,6779    180        190        200        200     120        130        135       135,0   335,0    180        190                  190,0   525,0    15    355,90
 Alexander Kolasa     88,8     m     0,6428    165        175        185        175    122,5       130        135       130,0   305,0    200        210        215       215,0   520,0    16    334,26
   Marvin Muuß        88,1     m     0,6455    150        160       167,5      167,5    110       117,5      122,5      117,5   285,0    190        205        220       220,0   505,0    17    325,98
Mario Münsterberg     87,2     m     0,6491    145        165        170        170     100        110        110       110,0   280,0    165        185        200       200,0   480,0    18    311,57
Marcel Wunderlich     86,3     m     0,6528    155       162,5       165       162,5    115        115        115       115,0   277,5    185        200        215       200,0   477,5    19    311,71
  Tim Franzmann       79,9     m     0,6832   167,5       180       187,5      187,5     95       102,5      107,5      107,5   295,0    180       192,5      192,5      180,0   475,0    20    324,52
    Martin Pass       89,3     m     0,6410    170       177,5       185       177,5    100       107,5      112,5      107,5   285,0    180        190        200       190,0   475,0    21    304,48
   Ralph Pfeifer      84,4     m     0,6610    165        175        180        180      95       102,5      107,5      102,5   282,5    180        190        200       190,0   472,5    22    312,32
  Christian Heeg      88,9     m     0,6424    135        145       152,5      152,5    110       117,5       125       117,5   270,0    180        190       202,5      202,5   472,5    23    303,53
   Paul Schlütter     88,8     m     0,6428    150        160        170        160      95        97,5       100       100,0   260,0    185       197,5      207,5      207,5   467,5    24    300,51
   Jannik Schulz      86,9     m     0,6503    140        150        160        160      90        100        105        105    265,0    170        180        190        190    455,0    25    295,89
 Patrick Kocjancic    83,4     m     0,6656    125       137,5       150        150     120       132,5      132,5       120    270,0    175       182,5      182,5       175    445,0    26    296,19
   Jakob Kulling      81,8     m     0,6734   132,5      137,5      147,5      147,5    92,5        95       102,5      102,5   250,0    170        185        190        190    440,0    27    296,30
  Daniel Mattern       90      m     0,6384    140        150        155        150     92,5       97,5      102,5      102,5   252,5    160       172,5      182,5      182,5   435,0    28    277,70
    Max Finger        78,8     m     0,6893    120        130        140        140      85        92,5       97,5       92,5   232,5    175        190        200        200    432,5    29    298,12
 Henning Albrecht     87,7     m     0,6471    120       132,5       135        135     92,5       97,5       100        97,5   232,5    165        180        180        180    412,5    30    266,93
   Florian Vieser     82,2     m     0,6714    120       127,5      137,5      137,5    87,5        95        100         95    232,5   137,5      152,5      167,5      167,5   400,0    31    268,56
   Jan Resimius       89,2     m     0,6413     85       92,5        100        100     87,5        90         90         90    190,0    150        160        175        175    365,0    32    234,07
   Max Schröter       88,4     m     0,6444    145       152,5      157,5      157,5     85         85         85         0     157,5    155        160        165        165    322,5   d.q.
  Tobias Strömel       84      m     0,6628    190        195        200        200     140        140        140         0     200,0    210        225        245        225    425,0   d.q.
                                                                            Insanity Meet 2017
                                                              01.09.2017 – 03.09.2017 Crossfit HH – Hamburg
                     Körper-                               Kniebeuge                            Bankdrücken                                     Kreuzheben
  Name, Vorname              w/m   Wilks
                     gewicht                1. Vers.   2. Vers. 3. Vers.   TOP     1. Vers.   2. Vers. 3. Vers.   TOP     SUB     1. Vers.   2. Vers. 3. Vers.   TOP     Summe   Pl.   Relativ
 Klasse – 105kg

    Ott Jaari         92,2   m     0,6308    215        230      237,5     237,5    160        170       180      180     417,5    260        275      292,5     275     692,5   1     436,83
   Timo Lieder       104,9   m     0,5978    220        240       255      255      170        180      187,5     187,5   442,5    230        250       260      250     692,5   2     413,98
 Robert Zickerow     102,6   m     0,6026    190        205       215      215     127,5       130       140      140     355      270        290       305      305      660    3     397,72
  Fabian Baum        103,3   m     0,6011    180        200                200      180        190       195      190     390      230        250      257,5     257,5   647,5   4     389,21
 Florian Heissler     105    m     0,5976    200        220       235      235      165       172,5     172,5     172,5   407,5    220        230       240      230     637,5   5     380,97
  Andreas Klatt      102,6   m     0,6026    190        205      212,5     212,5    165        170       175      170     382,5    205        225       240      240     622,5   6     375,12
  Faisal Yassin       98     m     0,6136    200        210       220      220      140        145       150      150     370      220        240       250      250      620    7     380,43
 Pierre Schlüter     102,2   m     0,6035 207,5         220       220      220      110       117,5      125      125     345      235        260       270      270      615    8     371,15
 Lars Richmann       104,5   m     0,5986 205           215       220      220     142,5       145       150      150     370      220        230       250      230      600    9     359,16
 Tobias Tolksdorf    100,5   m     0,6074    205        215       215      215      145        150       155      150     365      230                           230      595    10    361,40
  Nicolas Wilke       86,6   m     0,6515    190       202,5      215      202,5    100       107,5      115      115     317,5    250        270      282,5     270     587,5   11    382,76
Michael Kürzinger     92,6   m     0,6295    200        215      217,5     215     122,5       130      132,5     130     345     227,5       240       250      240      585    12    368,26
 Tobias Frühwald      98,4   m     0,6126    180        190       200      200      130        135       140      135     335      225        240       245      245      580    13    355,31
Lars Marten Seidel   102,6   m     0,6026    205        215       220      220      125        130      132,5     130     350      205        220                220      570    14    343,48
 Daniel Dargatz      102,2   m     0,6035    180        190       190      190      130        140      147,5     147,5   337,5    200        220       230      230     567,5   15    342,49
 Tristan Hansen      103,2   m     0,6013    200       207,5      215      215     122,5      127,5     132,5     132,5   347,5   192,5       205       220      220     567,5   16    341,24
 Eric Stockdreher     96,3   m     0,6183    200        215       220      215      135       142,5      145      142,5   357,5    190                           190     547,5   17    338,52
 Dennis Mertsch      101,6   m     0,6048    160        170       180      170      125       132,5      135      132,5   302,5    210        230       240      240     542,5   18    328,10
  Simon Wetzel        90,3   m     0,6373    160        170      177,5     170     112,5       120      122,5     122,5   292,5    225        240      252,5     240     532,5   19    339,36
 Maximilian Sell      91     m     0,6349    180        195      202,5     202,5    100       107,5     112,5     107,5   310      195        210       220      220      530    20    336,50
   Billy Kittler      93,9   m     0,6254    165        175       175      175      125       132,5     137,5     132,5   307,5    195        210       220      220     527,5   21    329,90
  Marvin Fricke      103,1   m     0,6015 167,5         180       190      190       95        100       105      105     295     187,5      202,5      220      220      515    22    309,77
 Michael Murphy       98,1   m     0,6134 190           200      207,5     200      115       122,5     127,5     122,5   322,5    160        175       185      185     507,5   23    311,30
  Florian Helle      102,5   m     0,6028 172,5        177,5     182,5     182,5    105        115       115      115     297,5    190        205       210      210     507,5   24    305,92
 Jens Schwägler       96,8   m     0,6169 160           170       180      180     107,5      112,5     117,5     117,5   297,5    180       192,5      205      192,5    490    25    302,28
  Kevin Schmidt       93,9   m     0,6254    155        165      172,5     172,5    100        105       110      110     282,5    190        200       210      200     482,5   26    301,76
 Kuri Taghizadeh     98,6    m     0,6121 142,5         150       160       160    107,5      112,5     117,5     117,5   277,5    190        205       225      205     482,5   27    295,34
  Steffen Zeuch      101,2   m     0,6057 145          152,5     157,5     157,5    105        110       115       115    272,5    165        170       175      175     447,5   28    271,05
                                                                              Insanity Meet 2017
                                                                01.09.2017 – 03.09.2017 Crossfit HH – Hamburg
                     Körper-                                Kniebeuge                               Bankdrücken                                      Kreuzheben
   Name, Vorname               w/m   Wilks
                     gewicht                  1. Vers.   2. Vers.   3. Vers.   TOP     1. Vers.   2. Vers.   3. Vers.   TOP     SUB     1. Vers.   2. Vers.   3. Vers.   TOP     Summe   Pl.    Relativ

   Klasse +105



    Nino Häbel       109,9     m     0,5887    240        250       257,5      257,5    180        190        201       190     447,5    280        290        300       300     747,5    1     440,05

 Carlo Gittermann     121      m     0,5738    255        270        280       280     172,5      182,5       190       182,5   462,5    270        285        301       285     747,5    2     428,92

 Christopher Röper    113      m     0,5839    230        245        255       255      180        190        195       190     445      270        285       290,5      285      730     3     426,25

  Robin Meineke      112,4     m     0,5847    250        260        265       265      170        180        185       180     445      280        300        300       280      725     4     423,91

 Felix Kappmeyer     106,6     m     0,5945   232,5      232,5       240       240      170       172,5       175       175     415      275       282,5                 282,5   697,5    5     414,66

   Fabian Meyer      112,3     m     0,5849    200        215        225       225      145       157,5      157,5      157,5   382,5    230       247,5      262,5      262,5    645     6     377,26

 Lukas Buschkühl      112      m     0,5853    215        225        235       225      140       147,5      152,5      152,5   377,5    265        280        280       265     642,5    7     376,06

  Alexander Jung     105,1     m     0,5974    220        235        250       250      115       122,5                 115     365      260        275        285       275      640     8     382,34

 Bronsch Ricardo     108,1     m     0,5917    200        210        220       210      140        150        155       155     365      240        270        280       270      635     9     375,73
Mohammed Amine
                     113,3     m     0,5834    190       197,5      207,5      207,5    130        135        140       140     347,5    245        260       272,5      272,5    620    10     361,71
    Mansour
  Filip Wisniewski   115,2     m     0,5808    195        205       212,5      212,5   112,5      117,5       120       120     332,5   197,5       215        230       230     562,5   11     326,70

  Christian Nytra    130,8     m     0,565     190        200        210       210      105       112,5      112,5      105     315      230        250        250       230      545    12     307,93

   Philipp Thrun     105,4     m     0,5968    155        165       177,5      177,5    125        130       132,5      132,5   310      180       192,5       205       205      515    13     307,35
Christoph Splisteser 105,1     m     0,5974     60                              60      115        125        130       130     190      195        205        220       220      410     14    244,93
Christoph Gerbatsch 109,5      m     0,5893     60                              60      120        130        140       140     200      160        170        180       180      380     15    223,93
  Dennis Rohman      131,8     m     0,5642    190        200        210       200      150        160                  160     360                                       0       360    d.q.
                                                                             Insanity Meet 2017
                                                               01.09.2017 – 03.09.2017 Crossfit HH – Hamburg
                     Körper-                                Kniebeuge                               Bankdrücken                                     Kreuzheben
  Name, Vorname                w/m   Wilks
                     gewicht                  1. Vers.   2. Vers.   3. Vers.   TOP     1. Vers.   2. Vers.   3. Vers.   TOP    SUB     1. Vers.   2. Vers.   3. Vers.   TOP     Summe   Pl.   Relativ
  Frauen offen

Vikt. Rudkovskaya     50,4     w     1,2769    115        125       132,5      132,5    52,5       57,5       62,5      57,5    190     120        130        135        135     325     1    414,99
    Julia Kunzner     62,7     w     1,0779   127,5       135        140        140     67,5        70        72,5      72,5   212,5    150        155        160        155    367,5    2    396,13
    Marlies Götze      75      w     0,9506    145       152,5       160       152,5     85         90        92,5       90    242,5    155        165        168        168    410,5    3    390,22
    Olga Miljukov     76,1     w     0,9421    150        160        170        170      70         75        77,5       75     245     145       152,5      162,5      162,5   407,5    4    383,91
 Isabelle Materne     57,4     w     1,1541    100        110        115        115      70         75         80        80     195     110        120        130        130     325     5    375,08
Friederike Hoppe      74,5     w     0,9547    110       117,5       125        125     82,5        90         90        90     215    142,5       150        160        160     375     6    358,01
    Melanie Wirtz     71,9     w     0,9769   112,5       120        125        125      65         70         70        65     190     140        150        160        160     350     7    341,92
    Juliane Bosse     70,8     w     0,9871    105       112,5       120        120     62,5       67,5        70        70     190     135        145        155        155     345     8    340,55
     Laura Köhler     60,2     w     1,1120    105        110        115        115     57,5       62,5        65       62,5   177,5    110        120        125        125    302,5    9    336,38
   Isabel Wagner      50,8     w     1,2692     75       82,5         90         90     47,5        50        52,5       50     140     105        110        120        120     260    10    329,99
     Agnes Lepp       87,8     w     0,8733    120       127,5       135        135     72,5       77,5        80        80     215    137,5      147,5      157,5      157,5   372,5   11    325,30
    Jasmine Meis      59,1     w     1,1281    105       112,5      112,5       105      40         45         50        45     150     120        130       137,5      137,5   287,5   12    324,33
    Ha Pham Viet      58,7     w     1,1340     90       97,5       102,5       97,5     55        57,5        60       57,5    155     125       132,5      132,5       125     280    13    317,52
  Isabelle Bausch     74,4     w     0,9555    100        110        120        110     67,5       72,5        75        75     185     120       127,5      132,5      132,5   317,5   14    303,37
   Verena Fischer     52,6     w     1,2356     85         90         95         95     42,5        45        47,5       45     140    97,5       102,5      107,5      102,5   242,5   15    299,63
    Ashley Barker     75,9     w     0,9436   92,5       102,5      112,5      112,5    57,5       62,5       67,5      62,5    175     115        125        140        140     315    16    297,23
      Julia Möller    75,6     w     0,9459    110        120       127,5      127,5     55         60         65        60    187,5    115        125       132,5       125    312,5   17    295,59
    Gina Berthold      59      w     1,1295   82,5       87,5         90        87,5     55        57,5       57,5       55    142,5    105       112,5      117,5      117,5    260    18    293,67
   Janina Fölsche      63      w     1,0740     90       97,5       102,5       97,5     50        52,5        55        55    152,5    110       117,5       125       117,5    270    19    289,98
    Christin Nagy     66,7     w     1,0294     80         90        100        100     42,5        50         55        50     150    117,5      127,5       135       127,5   277,5   20    285,66
 Valeria Beilmann     39,9     w     1,4957     65         70       72,5        72,5    32,5       37,5       42,5      42,5    115      65         75         75         75     190    21    284,18
Sandra Satzinger      70,1     w     0,9843   87,5         95        100        100      55         60        62,5       60     160     110       117,5      122,5      122,5   282,5   22    278,06
    Tina Clausen      62,6     w     1,0792     90         95       102,5      102,5    47,5        50        52,5       50    152,5    100       107,5      112,5      107,5    260    23    280,59
       Dina Pohl      72,9     w     0,9681    100       107,5      112,5      107,5     50        52,5        55        55    162,5   102,5      112,5       120        120    282,5   24    273,49
   Steffi Dörmann     59,5     w     1,1221     75         80         80         75     47,5       52,5       57,5      52,5   127,5    100       107,5       115        115    242,5   25    272,11
    Caroline Hiss     73,7     w     0,9613     95        100        100        100     57,5       62,5        65        65     165     105       112,5       115        115     280    26    269,16
      Aline Borth      86      w     0,8816     90         95        100        100     62,5        65         70        65     165     120        130        140        140     305    27    268,89
    Daina Kalnina     56,7     w     1,1652     70       72,5         75         75      40        42,5       42,5       40     115     105       107,5       110        110     225    28    262,17
Anne Mammitzsch       63,7     w     1,0650   77,5       82,5       82,5        77,5     45         50         50        50    127,5    105        110       112,5      112,5    240    29    255,60
  Maike Schellert     59,7     w     1,1192     70       72,5       77,5        77,5    47,5        50        52,5       50    127,5     95        100        100         95    222,5   30    249,02
   Maike Upmann       90,9     w     0,8606     95        100        105        105      55        57,5        60        60     165     110        110        115        115     280    31    240,97
       Lea Künzl       85      w     0,8866   57,5         65         70         70     52,5        55         60        55     125      90        100       107,5      107,5   232,5   32    206,13
