                     16-Jun-13                                                                      GPC Nationals
                                                          BWt     WtCls Glossbren   Squat   Squat   Squat   Squat Bench Bench Bench Deadlif Deadlif Deadlif Deadlif            PL
                               Name          Age   Div                                                                                                                                Events
                                                          (Kg)    (Kg)     ner       1       2       3       4      1     2     3     t1      t2      t3      t4              Total

                            Alan Kissick     35    M-OR   118.3    125    0.5527    -170    175     -185                                                                               PL
                           Nathan Jones      35    M-OR   98.4     100    0.5854    283     -300    300              150     160      165     270      285      295           760.0    PL
                           Matt Middleton    24    M-OR   94.6     100    0.5962    270     285     -300             170     185      195     250      265     272.5          752.5    PL
                           Scott Wasson      25    M-OR   95.3     100    0.5940    250     265     275              115     125      135     290     307.5     318           728.0    PL
                             Gus Cooke       23    M-OR   99.7     100    0.5821    240     252.5   260              165     175     182.5    250      260     -277.5         702.5    PL
                           Thomas Lilley     24    M-OR   98.1     100    0.5862    225     237.5   250              -150    157.5   -170     255     267.5    -280           675.0    PL
                     Nick Haralamlopoulos    21    M-OR    98      100    0.5864    210     220     230              115     120      125     245      260     267.5          622.5    PL
                           Josiah Malouf     26    M-OR   96.1     100    0.5917    205     217.5   232.5            132.5   137.5    145     217.5    230      240           617.5    PL
                           Darren Hancey     26    M-OR   98.1     100    0.5862    215     225     230              130     135     -140     240      250     -255           615.0    PL
                            John Nichols     27    M-OR    96      100    0.5920    220     -235    -245             130     135      140     220      230      240           600.0    PL
                           Alen Pezerovic    27    M-OR   98.1     100    0.5862    210     220     225              140     145     -150     220      230     -240           600.0    PL
                      Stelian Tchapkanski    27    M-OR   98.5     100    0.5851    200     210     -215             155     160      165     210      220      225           600.0    PL
                            Jake Clinch      22    M-OR    99      100    0.5838    167.5   177.5   185              150     155     -160     230      240      245           585.0    PL
                     Matthew Waldron-Moir    43    M-OR   93.4     100    0.6000    150     170     180              110     115     122.5    260     272.5     280     285   582.5    PL
                            Josh Rayson      17    M-OR    98      100    0.5864    190     -205    205              120     130     -135.5   220      230     -235           565.0    PL
                            Ethan Perera     17    M-OR   96.8     100    0.5897    120     130     -140              70      80      -85     150     157.5     165           375.0    PL
                             Dan Green       30    M-OR   109.6    110    0.5631    340     367.5   382.5   -392.5   210     230      235     345     367.5    -382.5         985.0    PL
                       Ricky Goodyear        38    M-OR   107.3    110    0.5667    320     335     345              180     195      200     300      315      325           870.0    PL
                           Jackson Murrie    19    M-OR   108.5    110    0.5647    315     330     340              177.5   185      190     275      295     -300           825.0    PL
                           Firas El Achkar   20    M-OR   109      110    0.5640    290     305     310              150     155     -160     310     -362.5   -362.5         775.0    PL
                       Jeremy Buchanek       19    M-OR   107.5    110    0.5663    270     290     300              140     150      160     280      300     -310           760.0    PL
                            Jack Hobson      19    M-OR   107.6    110    0.5661    -220    227.5   -235             -160    180      185     240      255      260           672.5    PL
                           Hamish Young      30    M-OR   106.3    110    0.5683    220     245     250              130     145     -155     220      245     -255           640.0    PL
                             Kris Baldry     31    M-OR   101.2    110    0.5785    195     205     210              105     -110     110     205      215      225           545.0    PL
                       Ross Katsambis        27    M-OR   101.6    110    0.5776    190     200     210              110     115     -120     200      210      220           545.0    PL
                            Adam Kemp        33    M-OR   110      110    0.5625    170     185     200              110     120      125     190      205      220           545.0    PL
                        Duke Catherine       21    M-OR   109.4    110    0.5634    -135    145     155               90     100     107.5    140      160      180           442.5    PL
                       Zoran Jankovski       23    M-OR   113.5    125    0.5580    240     260     -270             150     155      160     270      285     -300           705.0    PL
                            Nick Rankin      27    M-OR   113      125    0.5586    235     250     260              145     155     -162.5   260      275     287.5          702.5    PL

Chief Referee                                                                                  Side Referee                                                                                              Side Referee
________________________                                                                ________________________                                                                            ________________________
________________________                                                                ________________________                                                                            ________________________
                     16-Jun-13                                                                      GPC Nationals
                                                          BWt     WtCls Glossbren   Squat   Squat   Squat    Squat Bench Bench Bench Deadlif Deadlif Deadlif Deadlif           PL
                               Name          Age   Div                                                                                                                                 Events
                                                          (Kg)    (Kg)     ner       1       2       3        4      1     2     3     t1      t2      t3      t4             Total

                           Daniel America    29    M-OR   120      125    0.5510    -240     265    -272.5          150      155      160     250     265      275            700.0     PL
                           Jason Gillespie   40    M-OR   123.1    125    0.5477    217.5    235    247.5           162.5    175     182.5    240     257.5    265            695.0     PL
                            Steve Psaltis    28    M-OR   123.5    125    0.5472    230     242.5   -247.5          100     107.5     115     265     277.5   -287.5          635.0     PL
                            Chris Isaac      31    M-OR   124.8    125    0.5457    210      -225    225            147.5    155     -165     225     240      250            630.0     PL
                            Joseph Zollo     55    M-OR   121.2    125    0.5497    -210     220     240            120      125     -130     220     240     -250            605.0     PL
                           Michael Read      30    M-OR   122.3    125    0.5486    200      210    -220            132.5   -137.5   -137.5   212.5   220      225            567.5     PL
                       James Thomson         64    M-OR   118      125    0.5530     90      -110    120             95      100     -102.5   160     180      190     -200   410.0     PL
                            Odell Manuel     35    M-OR   137.1    140    0.5336    350      380     390            220      230     -237.5   370     385      400            1020.0    PL
                      Spiros Markopoulos     48    M-OR   132.4    140    0.5380    250     267.5    275            155      165      175     240     250      260            710.0     PL
                       Stephen Allison       24    M-OR   135.4    140    0.5351    190      210    -220            110      120      130     200     215      230            570.0     PL
                            Jack Pollard     22    M-OR   149.7   SHW     0.5234    285      300     310            190     -200      200     285     300      310            820.0     PL
                           Zachary Turner    19    M-OR   140.2   SHW     0.5310    -300     300     320            180      195     202.5    250     265     277.5           800.0     PL
                             Luke Poli       35    M-OR   147.5   SHW     0.5250    260      285     305            185      195      205     250     275      290            800.0     PL
                      Matthew Aichholzer     40    M-OR   144.8   SHW     0.5271    210      225    232.5           170     -182.5   182.5    220     232.5   -240            647.5     PL
                       Jacob Anderson        27    M-OR   146.1   SHW     0.5261    205      215    227.5           105     -115     117.5    220     230      240            585.0     PL




Chief Referee                                                                                    Side Referee                                                                                             Side Referee
________________________                                                                  ________________________                                                                           ________________________
________________________                                                                  ________________________                                                                           ________________________
