12-Apr-14                UPA Power Bash - Full Power
                                             BWt     WtCls   Schwartz/                                  Best                                 Best     Sub   Deadlift Deadlift Deadlift    Best                    Coeff
        Name             Age       Div                        Malone
                                                                         Squat 1 Squat 2 Squat 3              Bench 1   Bench 2 Bench 3                                                             PL Total                  Pl-Div-WtCl
                                             (Lb)     (Lb)                                             Squat                                Bench     Total    1       2        3        Deadlift                 Score
Becca Abrahams           35    F-SM-AD-RAW   171.8    181    0.7027      297.62    325.18    341.71    341.71 176.37    -187.39    -192.9   176.37   518.08 325.18 347.22 -369.27        347.22     865.3055    275.80975   1-F-SM-AD-RAW-181
Jessamyn Trocio          32     F-O-AD-RAW    165     165    0.723       209.44    214.95    225.97    225.97 121.25    126.76    -132.28   126.76   352.74 281.09 292.11 303.13         303.13     655.8685    215.0925    1-F-O-AD-RAW-165
Christina Redd-King      28     F-O-AD-RAW   176.2    181    0.6898      297.62    -325.18    -336.2   297.62 121.25    132.28    137.79    137.79   435.41 336.2 358.25 407.85          407.85     843.2595    263.8485    1-F-O-AD-RAW-181
Crystal Tate             27     F-O-AD-RAW   189.4    198    0.6538      303.13    325.18    -352.74   325.18 143.3     159.83    -176.37   159.83   485.01 385.81 407.85 424.39         424.39     909.3975    269.6925    1-F-O-AD-RAW-198
Bonnie Meerschaert       43      F-M2-RAW    131.2    132    0.8676       -286.6   292.11    -314.16   292.11 126.76    132.28     -143.3   132.28   424.39 292.11 325.18 352.74         352.74     777.1215     305.829    1-F-M2-RAW-132 *Women's Raw Best Lifter
Sue Kurkiewicz           49      F-M2-RAW    141.9    148    0.8116       143.3     192.9    -198.41   192.9 104.72     -121.25   -121.25   104.72   297.62 181.88 203.93 225.97         225.97     523.5925     192.755    1-F-M2-RAW-148
Kay Reinhardt            42      F-M2-RAW    196.1    198    0.6366      -242.51   242.51    253.53    253.53 132.28    137.79     143.3    143.3    396.83 292.11 303.13 314.16         314.16     710.9835    205.3035    1-F-M2-RAW-198
Selena Pedersen          34      F-SM-RAW     164     165    0.7258      148.81    198.41    236.99    236.99 148.81    159.83    -165.35   159.83   396.83 325.18 341.71 -352.74        341.71      738.541     243.143    1-F-SM-RAW-165
Michelle Stamm           44       F-O-RAW     131     132    0.8688      -253.53   253.53    -264.55   253.53 132.28    137.79    -148.81   137.79   391.32 270.06 281.09 303.13         303.13      694.449     273.672     1-F-O-RAW-132
Alexandra Bobbitt        26       F-O-RAW    141.4    148    0.8148      253.53    264.55    -275.58   264.55 143.3     148.81    154.32    154.32   418.87 308.64 -314.16 -314.16       308.64      727.518     268.884     1-F-O-RAW-148
Crystale Lind            35       F-O-RAW    136.3    148    0.8404      242.51    253.53    264.55    264.55 132.28     143.3    -148.81   143.3    407.85 259.04 275.58 292.11         292.11     699.9605     266.827     2-F-O-RAW-148
JuJu Yang                30       F-O-RAW    179.6    181    0.6798      253.53     -286.6   -292.11   253.53 137.79     -143.3    -143.3   137.79   391.32 275.58 292.11 308.64         308.64     699.9605    215.8365     1-F-O-RAW-181
Louisa Reese             20       F-J-RAW    174.6    181    0.6943      242.51    253.53    270.06    270.06 126.76    -137.79    -143.3   126.76   396.83 231.48 -253.53 264.55        264.55      661.38      208.29      1-F-J-RAW-181
Emmy Stirn               17      F-T2-RAW    144.8    148    0.7979      231.48    253.53    -275.58   253.53 -132.28   -132.28   137.79    137.79   391.32 220.46 253.53 281.09         281.09      672.403    243.3595    1-F-T2-RAW-148
Matt Teske               36    M-SM-AD-RAW   205.4    220    0.5737      413.36     429.9    -457.45   429.9   286.6    -303.13      0      286.6    716.5 490.52 512.57 -534.62         512.57     1229.0645   319.83775   1-M-SM-AD-RAW-220
Guy Mount                38    M-SM-AD-RAW   272.4    275    0.523       424.39    451.94     479.5    479.5   286.6    308.64    319.67    319.67   799.17 485.01 -512.57 512.57        512.57     1311.737     311.185    1-M-SM-AD-RAW-275
Gage Abrahams            37    M-SM-AD-RAW   341.5   SHW     0.489       -589.73   589.73       0      589.73 275.58    281.09    292.11    292.11   881.84 551.15 611.78 -639.33        611.78     1493.6165   331.2975    1-M-SM-AD-RAW-SHW
Jamison Hoff             19    M-T3-AD-RAW    211     220    0.5657      363.76    391.32    418.87    418.87 231.48    248.02    259.04    259.04   677.91 451.94 501.55 -529.1         501.55     1179.461    302.6495    1-M-T3-AD-RAW-220
Brian Budrunski          43      M-M1-RAW    294.7    308    0.5106      644.85     672.4    688.94    688.94 446.43    468.48    485.01    485.01   1173.9 628.31 661.38 -683.43        661.38     1835.3295   425.0745    1-M-M1-RAW-308
Jerry Gunderson          35      M-SM-RAW    220.1    220    0.5545      -512.57   -512.57   512.57    512.57 358.25    374.78    391.32    391.32   903.89 518.08 534.62 551.15         551.15     1455.036     365.97     1-M-SM-RAW-220
Jeffrey Aron             37      M-SM-RAW    272.5    275    0.523       540.13    567.68     -573.2   567.68 380.29    402.34    -413.36   402.34   970.02    0        0        0         0            0           0               0
Justin Gill              30      M-O-RAW      174     181    0.6454      440.92    -473.99   473.99    473.99 259.04     286.6    -292.11   286.6    760.59 440.92 473.99 501.55         501.55     1262.1335   369.4915     1-M-O-RAW-181
Ernie Lilliebridge, JR   26      M-O-RAW     195.1    198    0.5914      683.43    744.05    777.12    777.12 407.85     429.9    457.45    457.45    1207  710.98 -738.54 -766.1        710.98     1945.5595    514.518     1-M-O-RAW-198 *Men's Raw Full Power Best Lifter
Nick Dodge               17      M-O-RAW      194     198    0.5935      385.81    396.83    -407.85   396.83 181.88    198.41    -209.44   198.41   595.24 407.85 424.39 440.92         440.92     1036.162     278.945     2-M-O-RAW-198
Benjamin Boettcher       24      M-O-RAW     217.3    220    0.5575      545.64    589.73    611.78    611.78 -308.64   325.18     336.2    336.2    947.98 556.66 578.71 600.75         600.75     1548.7315   391.64375    1-M-O-RAW-220
Daniel Burczyk           25      M-O-RAW     208.3    220    0.5694      512.57    540.13       0      540.13 314.16    347.22    -363.76   347.22   887.35 501.55 551.15        0       551.15     1438.5015   371.5335     2-M-O-RAW-220
Kevin Visser             28      M-O-RAW     205.4    220    0.5737      363.76    402.34    -413.36   402.34 236.99    253.53    -264.55   253.53   655.87 413.36 440.92 457.45         457.45     1113.323    289.7185     3-M-O-RAW-220
Hari Nandagopal          24      M-O-RAW      210     220    0.5669      352.74    380.29    391.32    391.32 209.44    225.97    231.48    231.48   622.8 440.92 468.48 -479.5          468.48     1091.277    280.6155     4-M-O-RAW-220
Tommy John               22      M-O-RAW      203     220    0.5775       336.2    380.29    402.34    402.34 220.46    253.53    -281.09   253.53   655.87 407.85 429.9 -446.43         429.9      1085.7655   284.41875    5-M-O-RAW-220
Austin Kairis            28      M-O-RAW      218     220    0.5594      380.29    396.83    -407.85   396.83 270.06    281.09     -286.6   281.09   677.91 -407.85 -407.85 407.85       407.85     1085.7655   275.5045     6-M-O-RAW-220
Patrick Callahan         28      M-O-RAW     218.8    220    0.556       385.81    402.34    413.36    413.36 198.41    209.44    -214.95   209.44   622.8 385.81 402.34 429.9           429.9      1052.6965    265.49      7-M-O-RAW-220
Kevin Agbulos            26      M-O-RAW      218     220    0.5594      440.92    -473.99   473.99    473.99 -286.6     -286.6    -286.6     0         0    529.1 545.64 562.17         562.17         0           0               0
Matt Claussen            28      M-O-RAW      242     242    0.5367      705.47     -766.1    766.1    766.1 440.92     473.99    501.55    501.55   1267.6 633.82 666.89 683.43         683.43     1951.071    474.9795     1-M-O-RAW-242
Andrew Steffeck          29      M-O-RAW     240.6    242    0.5376      611.78    650.36    683.43    683.43 402.34    435.41    451.94    451.94   1135.4 600.75 639.33 677.91         677.91     1813.2835    442.176     2-M-O-RAW-242
Juan Castro              29      M-O-RAW      233     242    0.5426      396.83    462.97    512.57    512.57 275.58    303.13     -336.2   303.13   815.7   429.9 490.52 534.62         534.62     1350.3175   332.3425     3-M-O-RAW-242
Tim Welch                28      M-O-RAW     238.2    242    0.5391      176.37       0         0      176.37 286.6     308.64    330.69    330.69   507.06 551.15 606.27 -633.82        606.27     1113.323    272.2455     4-M-O-RAW-242
Jon Jursich              27      M-O-RAW     273.5    275    0.5223      611.78    -655.87   644.85    644.85 402.34     429.9    -451.94   429.9    1074.7 584.22 611.78 639.33         639.33     1714.0765   406.08825    1-M-O-RAW-275
David Rock               28      M-O-RAW      247     275    0.5342      595.24    633.82    -650.36   633.82 363.76    -385.81   -385.81   363.76   997.58 600.75 633.82 -650.36        633.82     1631.404     395.308     2-M-O-RAW-275
Matthew Hanke            30      M-O-RAW     272.5    275    0.523       440.92    473.99    512.57    512.57 363.76    407.85     429.9    429.9    942.47 468.48 512.57 551.15         551.15     1493.6165   354.3325     3-M-O-RAW-275
James Sauer              29      M-O-RAW      246     275    0.5347      -518.08   -518.08   -518.08     0    341.71    374.78    -402.34   374.78      0   501.55 -529.1 -529.1         501.55         0           0               0
James Puckett            33      M-O-RAW     300.4    308    0.5075      551.15    584.22    -611.78   584.22 325.18    -341.71   -358.25   325.18   909.4 562.17 589.73 617.29          617.29     1526.6855   351.44375    1-M-O-RAW-308
Ernie Lilliebridge, SR   42      M-O-RAW     294.3    308    0.5108      738.54     815.7    -848.77   815.7     0         0         0        0         0      0        0        0         0            0           0               0
Tom Kallus               21       M-J-RAW    165.1    165    0.6723      584.22    633.82    -661.38   633.82 297.62    319.67    330.69    330.69   964.51 501.55 545.64 -562.17        545.64     1510.151    460.5255     1-M-J-RAW-165
Chris Anderson           21       M-J-RAW    180.7    181    0.6219      462.97    496.04    518.08    518.08 297.62    314.16    330.69    330.69   848.77 512.57 551.15 562.17         562.17     1410.944     398.016     1-M-J-RAW-181
James Wierzba            22       M-J-RAW    180.5    181    0.6279       -336.2    336.2    -374.78   336.2 236.99     264.55    281.09    281.09   617.29 407.85 446.43 462.97         462.97     1080.254     307.671     2-M-J-RAW-181
Jonathan Dahlman         23       M-J-RAW    196.7    198    0.5885      -518.08   518.08     -529.1   518.08 363.76    -385.81   -385.81   363.76   881.84 507.06 518.08 529.1          529.1      1410.944     376.64      1-M-J-RAW-198
Aaron King               22       M-J-RAW    191.7    198    0.5978      413.36    462.97    473.99    473.99 319.67    347.22    -363.76   347.22   821.21 132.28      0        0       132.28     953.4895    258.5485     2-M-J-RAW-198
Mitch Tagliapietra       21       M-J-RAW    214.4    220    0.561       347.22    -385.81   385.81    385.81 231.48    259.04    281.09    281.09   666.89 424.39 468.48 518.08         518.08     1184.9725   301.5375     1-M-J-RAW-220
Zach Hahn                23       M-J-RAW    238.1    242    0.5391      490.52    540.13    -556.66   540.13 325.18    -358.25   -358.25   325.18   865.31 -556.66 589.73 600.75        600.75     1466.059    358.5015     1-M-J-RAW-242
Chris Hickson            22       M-J-RAW     263     275    0.5276      611.78    650.36       0      650.36 314.16     -336.2    -336.2   314.16   964.51 727.52 760.59        0       760.59     1725.0995    412.847     1-M-J-RAW-275
John Vercauteren         21       M-J-RAW    273.5    275    0.5223      584.22    600.75    617.29    617.29 325.18    352.74    369.27    369.27   986.56 562.17 606.27 633.82         633.82     1620.381    383.8905     2-M-J-RAW-275
Garth Whelan     19   M-T3-RAW   190.1   198   0.6013   418.87   -429.9   0    418.87   264.55   292.11 -303.13 292.11      710.98     0        0        0        0        0         0             0
Zachary Taylor   18   M-T3-RAW   218.8   220   0.556    512.57 -540.13 -540.13 512.57   248.02   264.55   270.06   270.06   782.63   501.55   523.59   540.13   540.13   1322.76   333.6    1-M-T3-RAW-220
Roberto Amador   16   M-T2-RAW    215    220   0.5605 512.57 -551.15 -551.15 512.57 319.67 341.71 -363.76 341.71            854.28   529.1    540.13   551.15   551.15 1405.4325 357.31875 1-M-T2-RAW-220
Josh Kubeck      26    M-O-AD    271.8   275   0.5234 611.78 661.38 699.96 699.96 336.2 374.78 -407.85 374.78               1074.7   733.03   804.68   832.24   832.24 1906.979 452.741     1-M-O-AD-275 *Men's Equipped Best Lifter
Brad Saunders    50     M-M3     258.1   275   0.5296 -644.85 -716.5 -716.5    0    -534.62 534.62 556.66 556.66              0        0        0        0        0        0         0            0
Jared Krentz     35     M-SM      269    275   0.5249 562.17 -611.78 617.29 617.29 363.76 402.34 -424.39 402.34             1019.6   -529.1   540.13   600.75   600.75 1620.381 385.8015     1-M-SM-275
12-Apr-14           UPA Power Bash - Bench Only
                                        BWt     WtCls   Schwartz/M                                Best    Coeff
       Name         Age       Div                         alone
                                                                     Bench 1 Bench 2 Bench 3                          Pl-Div-WtCl
                                        (Lb)    (Lb)                                            Bench     Score
Hannah Michaelson   15    F-T1-AD-RAW    121     123     0.9277 88.184 99.207 -104.72            99.207  41.7465    1-F-T1-AD-RAW-123
Lisa Hardwick       26      F-O-RAW     158.4    165     0.7453 -121.25 121.25 126.76          126.7645 42.85475     1-F-O-RAW-165 *Women's Raw Best Lifter
Gerald Lindas       77     M-M8-RAW     158.7    165     0.6867 214.95 231.48 236.99           236.9945 73.82025    1-M-M8-RAW-165
Nathan Neesam       25      M-O-RAW      197     198     0.5877 330.69 341.71 -352.74           341.713  91.0935     1-M-O-RAW-198
Paul Feaster        26      M-O-RAW      190     198     0.6013 286.6 303.13 314.16            314.1555 85.68525     2-M-O-RAW-198
Adam Staver         37      M-O-RAW      208     220     0.5701 347.22 374.78 -385.81           374.782   96.917     1-M-O-RAW-220
Jacob Fisher        25      M-O-RAW     208.5    220     0.5691 -275.58 292.11 303.13          303.1325 78.25125     2-M-O-RAW-220
Danny Walker        31      M-O-RAW     237.9    242     0.5407 413.36 440.92 -451.94            440.92   108.14     1-M-O-RAW-242 *Men's Raw Best Lifter
Ed Taber            48        M-M2      218.3    220     0.5565 622.8 633.82 -661.38           633.8225 159.99375      1-M-M2-220  *Men's Equipped Best Lifter
