"",,,,Nationsl Mens 90Kg - 100Kg,,,,,,,,,,,,
M/W Nbr Class BW,Name,,Nation,SQUAT SQ BENCH PRESS BP,,Sub.,,DEADLIFT,,DL Tot.,,Points,Place,SQ,BP,DL
"",,,,1. 2. 3. Result 1. 2. 3. Result,,Tot.,1.,2. 3.,,Result Result,,,,4.,4.,4.
"",GROUP I,,,,,,,,,,,,,,,
M 1 M2 86.50 John Rivers,,,CD,155.0 170.0 170.0 155.0 105.0 105.0 110.0 110.0,,265.0,170.0,185.0 195.0,,185.0 450.0,,293.36,1.,,,
M 2 M1 89.95 Rennie Soffe,,,Otago,225.0 235.0 245.0 245.0 190.0 196.0 202.5 202.5,,447.5,220.0,230.0 240.0,,240.0 687.5,,438.90,1.,,,
M 4 O 89.95 Scott Parsons,,,WPOB,245.0 250.0 260.0 260.0 200.0 210.0 212.0 200.0,,460.0,260.0,270.0 270.0,,260.0 720.0,,459.65,2.,,,
M 3 O 89.25 Darren Neves,,,Auckland,235.0 235.0 242.5 235.0 165.0 172.5 172.5 165.0,,400.0,235.0,235.0 242.5,,242.5 642.5,,411.84,3.,,,
M 5 O 85.30 Will McGimpsey,,,CD,180.0 190.0 200.0 200.0 140.0 150.0 150.0 140.0,,340.0,220.0,240.0 260.0,,240.0 580.0,,381.06,1.,,,
M 6 O 89.25 Craig McMillan,,,CD,265.0 265.0 275.0 265.0 170.0 182.5 190.0 182.5,,447.5,262.5,275.0 280.0,,275.0 722.5,,463.12,1.,,,
"",GROUP II,,,,,,,,,,,,,,,
M 1 M1 94.25 Trevor Bills,,,Otago,190.0 190.0 212.5 190.0 167.5 167.5 175.0 175.0,,365.0,200.0,215.0 225.0,,215.0 580.0,,361.98,2.,,,
M 2 M2 99.40 Warren Trent,,,CD,210.0 220.0 230.0 220.0 130.0 135.0 135.0 130.0,,350.0,210.0,220.0 227.5,,220.0 570.0,,347.76,1.,,,
M 3 M1 97.00 Steve Luck,,,CD,185.0 192.5 200.0 200.0 125.0 125.0 125.0 125.0,,325.0,200.0,210.0 220.0,,210.0 535.0,,329.72,3.,,,
M 4 M4 93.60 Felix Esterbaur,,,WPOB,150.0 165.0 170.0 165.0 105.0 112.0 112.5 105.0,,270.0,200.0,210.0,,210.0 480.0,,300.62,1.,,,
M 5 M1 99.40 Ted Anderson,,,WPOB,250.0 265.0 275.0 275.0 150.0 165.0 170.0 170.0,,445.0,225.0,245.0 255.0,,255.0 700.0,,427.07,1.,,,
M 6 M3 98.60 Toso Leti,,,Cant,185.0 195.0 205.0 195.0 150.0 160.0 170.0 160.0,,355.0,200.0,220.0 225.0,,220.0 575.0,,351.96,1.,,,
M 9 O 95.90 Andy Mahon,,,Otago,275.0 300.0 300.0 300.0 180.0 180.0 190.0 190.0,,490.0,260.0,280.0 290.0,,290.0 780.0,,483.13,1.,,,
M 8 O 96.45 Paul Clifford,,,Cant,180.0 205.0 220.0 220.0 130.0 135.0 142.5 135.0,,355.0,240.0,260.0 265.0,,260.0 615.0,,379.89,2.,,,
M 7 O 96.00 Jason Nolan,,,Cant,140.0 155.0 167.5 155.0 125.0 132.5 132.5 132.5,,287.5,145.0,155.0 165.0,,165.0 452.5,,280.14,3.,,,
M 10,,,,,,,,,,,,,,,,
M 11,,,,,,,,,,,,,,,,
Side Referee,,,,Chief Referee,,,,Side Referee,,,,,,,,
