28-Jan-17                                                                                                                               Judgement Day
                                      BWt     WtCls                                                          Best                                           Best    Sub                                                   Best                 Coeff    Age & Place   Pl-Div-
       Name                Div                        Glossbrenner   RH Sq Squat 1 Squat 2 Squat 3 Squat 4         RH BP Bench 1 Bench 2 Bench 3 Bench 4                   Deadlift 1 Deadlift 2 Deadlift 3 Deadlift 4              PL Total                                    Pl-Div-WtCl       Events
                                      (Kg)    (Kg)                                                           Squat                                         Bench   Total                                                 Deadlift              Score    Coeff code     WtCl
  Bethany Reinhart       F_JCR_AWPC    59.1     60       0.9997       J       85       -90      90             90    3     45      -47.5    47.5            47.5   137.5     92.5       102.5        110                  110.0     247.50     247.43          0.00    2.00     1-F_JCR_AWPC     PL
   Yasmeen Finjan       F_OCR_AWPC     69.9     75       0.8773        I     97.5     -100     -100           97.5   3    47.5     52.5      55              55    152.5      105        110         115                  115.0     267.50     234.68          0.00    2.00     2-F_OCR_AWPC     PL
   Shantel Johson       F_MR_1_AWPC    65.5    67.5      0.9211       J      -82.5    82.5     87.5           87.5   4    52.5     -57.5     -60            52.5    140     -107.5       110         115                  115.0     255.00     234.88          0.00    2.00     1-F_MR_1_AWPC    PL
 Samantha Falkiner       F_OR_AWPC     66.6    67.5      0.9092       J      102.5     110     -120           110    2     60       65      67.5            67.5   177.5     102.5      112.5       122.5                 122.5     300.00     272.75          0.00    2.00     2-F_OR_AWPC      PL
      Lisa Wood           F_JR_AWPC     56      56       1.0439       G       100      105    -107.5          105    3    77.5     -82.5    -82.5           77.5   182.5     102.5      117.5        125                  125.0     307.50     321.00          0.00    2.00     1-F_JR_AWPC      PL
   Leah Gitterman        F_SR_AWPC     51.7     52       1.1126       H      102.5     110     -115           110    3    57.5      60      62.5            62.5   172.5      125        135         140                  140.0     312.50     347.69          0.00    2.00     1-F_SR_AWPC      PL
   Stefanie Bender       F_OR_AWPC     64.5    67.5      0.9323        I     82.5     92.5     -100           92.5   3    47.5     52.5     57.5            57.5    150      132.5       140        147.5                 147.5     297.50     277.36          0.00    2.00     1-F_OR_AWPC      PL
   Morgan Hunter         M_JR_AWPC     82.1    82.5      0.6467       N       100     107.5     115           115    6     60       70       -75             70     185      137.5      152.5       157.5                 157.5     342.50     221.48          0.00    2.00     1-M_JR_AWPC      PL
   Stacey Jensen        F_OCR_AWPC     65.4    67.5      0.9222       G       140     -145      145           145    3     80       -85      -85             80     225       150        155       -162.5                 155.0     380.00     350.44          0.00    2.00     1-F_OCR_AWPC     PL
   Adam Jackson          M_OR_AWPC     81.5    82.5      0.6498       K       155    -162.5    162.5         162.5   3    102.5   -112.5   -112.5          102.5    265       215       222.5       227.5                 227.5     492.50     320.00          0.00    2.00     2-M_OR_AWPC      PL
    Brianna Kane         F_SR_AWPC     75.9    82.5      0.8295       K      72.5      75       -80            75    6     55       60       -65             60     135     -102.5      102.5                             102.5     237.50     197.01          0.00    2.00     3-F_SR_AWPC      PL
 Jamie Lee Gleason       F_TR_2_WPC    44.7     48       1.2436       H       65       75       -80            75    5     40      42.5      45              45     120       85         95          100                  100.0     220.00     273.59          0.00    2.00     1-F_TR_2_WPC     PL
   Danille Couture       F_OCR_WPC     51.9     52       1.1093       F       85       -90      -90            85    4    47.5     -52.5    -52.5           47.5   132.5     92.5       97.5        107.5                 107.5     240.00     266.23          0.00    2.00     1-F_OCR_WPC      PL
    Rose Griffiths      F_MCR_3_WPC    55.1     56       1.0575        I      75      82.5      85             85    3    37.5     -42.5    -42.5           37.5   122.5     92.5       102.5        110                  110.0     232.50     245.87          0.00    2.00     1-F_MCR_3_WPC    PL
    Laura Strome         F_MR_1_WPC    57.3     60       1.0248       G      67.5     72.5     77.5           77.5   3    42.5     47.5     -52.5           47.5    125      102.5      117.5       -120                  117.5     242.50     248.51          0.00    2.00     1-F_MR_1_WPC     PL
    Rico Machado       M_MCR_2_WPC    109.4    110       0.5634       KI     242.5    257.5    262.5         262.5   6     150      160     167.5          167.5    430       230       237.5       -245                  237.5     667.50     376.04          0.00    2.00     1-M_MCR_2_WPC    PL
  Anthony Colarossi       M_OR_WPC    102.6    110       0.5755       L      197.5     210     232.5         232.5   4    142.5    152.5    162.5          162.5    395       265       287.5       -295                  287.5     682.50     392.74          0.00    2.00     1-M_OR_WPC       PL
   Zackary Parker        M_OCR_WPC    107.9    110       0.5664       Q      197.5     205      215           215    7    147.5    157.5     160            160     375      267.5       285        -300                  285.0     660.00     373.82          0.00    2.00     4-M_OCR_WPC      PL
   Gage Stephens         M_OCR_WPC    146.5   SHW        0.5258       Q       300      320      330           330    7     190      205      215            215     545      287.5       305         320                  320.0     865.00     454.77          0.00    2.00     1-M_OCR_WPC      PL
   Adam Colorado         M_OCR_WPC    105.9    110       0.5699       O       185     207.5     215           215    6    162.5     175      180            180     395       300       312.5       -320                  312.5     707.50     403.17          0.00    2.00     3-M_OCR_WPC      PL
    Lance Lavalee        M_OCR_WPC    138.2    140       0.5327       Q       265    -277.5    277.5         277.5   7    202.5    207.5    217.5          217.5    495      307.5      317.5        325                  325.0     820.00     436.77          0.00    2.00     2-M_OCR_WPC      PL
 Carri Chillingworth    F_MR_1_AWPC   110.2    125       0.6911       I      72.5     -77.5    77.5           77.5   3    42.5     -47.5    47.5            47.5    125       110        115         120                  120.0     245.00     169.31          0.00    2.00     2-F_MR_1_AWPC    PL
      Cimm Kirk        F_MCR_1_AWPC   125.8    140       0.6708       K       165      175      180           180    3     70       75       80              80     260       155       167.5        175                  175.0     435.00     291.78          0.00    2.00     1-F_MCR_1_AWPC   PL
Nicholas Desborough     M_JCR_AWPC     100     100       0.5813       R       170     172.5                  172.5   5     110     112.5     115            115    287.5     222.5      232.5       237.5                 237.5     525.00     305.18          0.00    2.00     1-M_JCR_AWPC     PL
     Parker Boyd        M_TR_2_AWPC   128.5    140       0.5418       N      187.5     200     212.5         212.5   6     120      130     -140            130    342.5     222.5      237.5       257.5                 257.5     600.00     325.08          0.00    2.00     1-M_TR_2_AWPC    PL
  Nicholas Witczak      M_OCR_AWPC     95.6    100       0.5932       L      217.5    -230     -230          217.5   5     145      155     -160            155    372.5      230       242.5        250                  250.0     622.50     369.24          0.00    2.00     3-M_OCR_AWPC     PL
    Robin McLean         M_SR_AWPC     97.5    100       0.5878       O       155    -207.5    207.5         207.5   5    142.5   -152.5   -152.5          142.5    350      232.5      247.5       -255                  247.5     597.50     351.18          0.00    2.00     1-M_SR_AWPC      PL
    Chris Jackson        M_OR_AWPC    117.8    125       0.5533       L     -192.5    192.5     200           200    3     150     157.5   -162.5          157.5   357.5     237.5       255       -267.5                 255.0     612.50     338.87          0.00    2.00     1-M_OR_AWPC      PL
   Kyle Hendricks       M_OCR_AWPC    141.6    145       0.5298       M      302.5    317.5    327.5         327.5   4    197.5     205     212.5  215     212.5    540       310       327.5       337.5                 337.5     877.50     464.86          0.00    2.00     1-M_OCR_AWPC     PL
  Katie Sonnichsen       F_SR_AWPC     83.5     90       0.7808       M      102.5     115     122.5         122.5   7     70      -77.5    -82.5            70    192.5      135        145        -155                  145.0     337.50     263.50          0.00    2.00     2-F_SR_AWPC      PL
   Elizabeth Small        F_JR_AWPC    76.1    82.5      0.8281       J       105      110    -117.5          110    4    52.5     57.5      -60            57.5   167.5      140       147.5        155                  155.0     322.50     267.06          0.00    2.00     2-F_JR_AWPC      PL
       Jeff Iorio      M_MCR_3_AWPC     95     100       0.5949       K       130      145    -152.5          145    7     130     142.5     145            145     290      157.5       180         190                  190.0     480.00     285.55          0.00    2.00     1-M_MCR_3_AWPC   PL
     Al Hepburn          M_OR_AWPC      81     82.5      0.6524       O      142.5     155     -175           155    5     110      120      125            125     280       165       177.5       192.5                 192.5     472.50     308.24          0.00    2.00     4-M_OR_AWPC      PL
    Cody Lawson         M_OCR_AWPC      81     82.5      0.6524       N       145      160     -165           160    4    92.5      -95      -95            92.5   252.5     172.5      182.5       187.5                 187.5     440.00     287.03          0.00    2.00     5-M_OCR_AWPC     PL
     Zoran Lazic        M_OCR_AWPC      98     100       0.5864       Q       110      115      125           125    6     105      110    -112.5           110     235       180       187.5        195                  195.0     430.00     252.13          0.00    2.00     6-M_OCR_AWPC     PL
     David Collie        M_OR_AWPC     81.3    82.5      0.6508       K      152.5     155      160           160    4    92.5     97.5     102.5          102.5   262.5     197.5      212.5      -227.5                 212.5     475.00     309.13          0.00    2.00     3-M_OR_AWPC      PL
   Matthew Cooke        M_OCR_AWPC     91.8    100       0.6054       K      137.5     155      180           180    7    137.5    142.5    147.5          147.5   327.5      215        225         235                  235.0     562.50     340.51          0.00    2.00     4-M_OCR_AWPC     PL
 Brody Blankenship      M_OCR_AWPC     96.7    100       0.5900       M       195     212.5   -227.5         212.5   4     130     147.5    -155           147.5    360       250       272.5       -295                  272.5     632.50     373.14          0.00    2.00     2-M_OCR_AWPC     PL
   Darrell Delaney      M_SCR_AWPC     87.7     90       0.6209       M     -152.5     165    -182.5          165    4    87.5      -95     -97.5           87.5   252.5                                                   0.0       0.00       0.00           0.00    2.00     0.00             PL
    Benji Therrien     M_TCR_3_AWPC    85.8     90       0.6290       L      -190     -195                     0     4    -145      150      155            155      0       235         255       262.5                  262.5      0.00       0.00           0.00    2.00     0.00             PL
Benjamin Desborough      M_OR_AWPC    112.5    125       0.5592       P       160      165     170            170    6    122.5    127.5    -130           127.5   297.5                                                   0.0       0.00       0.00           0.00    2.00     0.00             PL
   Bradie Johnson        M_OCR_WPC    123.4    125       0.5473       M       295                             295    8     225                                0      0                                                     0.0       0.00       0.00           0.00    2.00     0.00             PL
                                                                                                                                       BENCH ONLY
   Bryan Simms          M_SR_WPC      124.4   125       0.5462                                                 0     7    157.5    167.5    177.5          177.5    0                                                      0.0        0.00     96.94           0.00    2.00     1-M_SR_WPC       BO
   Jordan Moffit        M_OCR_WPC      99.4   100       0.5828                                                 0     5    -180      180     -185            180     0                                                      0.0        0.00     104.90          0.00    2.00     1-M_OCR_WPC      BO
   Mike Krause          M_OR_WPC       85.6    90       0.6299                                                 0     8     185      190     -195            190     0                                                      0.0        0.00     119.68          0.00    2.00     1-M_OR_WPC       BO
   Shiraj Dawadi       M_TR_3_AWPC      81    82.5      0.6524                                                 0     4     105      115     117.5          117.5    0                                                      0.0        0.00     76.65           0.00    2.00     1-M_TR_3_AWPC    BO
    Tara Kirby         F_TR_2_AWPC     93.9   100       0.7340                                                 0     5    57.5     62.5      65             65      0                                                      0.0        0.00     47.71           0.00    2.00     1-F_TR_2_AWPC    BO
   Nick Drimmel         M_OE_AWPC     134.4   140       0.53605                                                0     7    -255    -272.5   -272.5            0      0                                                      0.0        0.00      0.00           0.00    2.00     0.00             BO
                                                                                                                                        PUSH PULL
  Rino Matarazzo        M_OR_WPC      104.4    110       0.5718                                                0     6     130     137.5    -145           137.5    0        230         245        -250                  245.0     382.50     218.71          0.00    2.00     1-M_OR_WPC       PP
