 1-Sep-18 Missouri State and Open
                                                  WtCls    Schwartz/Mal                                 Best                                    Best                                                        Best                 Coeff
     Results           Age      Div    BWt (Kg)                one
                                                                          Squat 1   Squat 2   Squat 3            Bench 1   Bench 2   Bench 3            Sub Total   Deadlift 1   Deadlift 2   Deadlift 3              PL Total            Team
                                                  (Kg)                                                  Squat                                  Bench                                                       Deadlift              Score

 Megan Daniels         25.00    F-O     62.24     63.00       0.84        -120.00   120.00    -125.00   120.00   -65.00    -65.00    65.00     65.00     185.00      142.50       147.50      -155.00      147.50      335.00    618.91   MO
  Jennifer Geist       28.00    F-O     62.36     63.00       0.83         95.00    100.00     107.50   107.50   55.00     60.00     -67.50    60.00     170.00      130.00       142.50      -152.50      142.50      312.50    575.18   MO
   Deb Hasten          62.00   F-M5     61.68     63.00       0.84         62.50    67.50      72.50    72.50    52.50     55.00     57.50     57.50     130.00      105.00       112.50       115.00      115.00      245.00    456.09   MO
   Cheryl Kyle         55.00   F-M4     61.45     63.00       0.84         75.00    80.00      -85.00   80.00    47.50     -52.50    -52.50    47.50     130.00     -110.00       110.00      -115.00      110.00      242.50    453.96   MO
Tammy Browning         45.00   F-M2     61.22     63.00       0.85         -70.00   70.00      -82.50   70.00    45.00     47.50     -47.50    47.50     117.50      100.00       110.00      -120.00      110.00      227.50    427.89   MO

   Julie Krause        42.00   F-M1     77.66     80.00       0.70        115.00    122.50    135.00    135.00    60.00    65.00      72.50    72.50     207.50      147.50       160.00       170.00      170.00      380.00    591.36   MO
    Mary Reed          62.00   F-M5     77.10     80.00       0.71        22.50     25.00     -27.50    25.00     37.50    -42.50     47.50    47.50     72.50       65.00        72.50        90.00       90.00       165.00    258.42   MO
   Myra Ventus         72.00   F-M7     73.02     80.00       0.74        27.50     37.50     -45.00    37.50     32.50    35.00      37.50    37.50     75.00       60.00        65.00        70.00       70.00       145.00    239.36   MO

  Beth Van Hove        55.00   F-M4     82.99     90.00       0.67        82.50     90.00     -95.00    90.00    -55.00     55.00    -60.00    55.00     145.00      100.00       110.00       117.50      117.50      265.00    392.36   MO

   Ashley Peck         29.00    F-O     121.20    SHW         0.55        102.50    112.50    120.00    120.00    65.00    70.00     -72.50    70.00     192.50      155.00       162.50       170.00      170.00      365.00    446.37   MO
   Kelsey Sparr        24.00    F-O      95.69    SHW         0.61        115.00    120.00    125.00    125.00    70.00    -72.50    72.50     72.50     197.50      127.50       140.00       150.00      150.00      350.00    474.69   MO

   Jeff Houska         34.00   M-O      82.09     82.50       0.62         215.00   230.00     240.00   240.00   -140.00   145.00    -147.50   145.00    385.00      240.00       257.50      -275.00      257.50      642.50    882.39   MO
   Nikhil Gupta        31.00   M-O      76.42     82.50       0.66         182.50   192.50     200.00   200.00    137.50   145.00     150.00   150.00    352.50      217.50       227.50      -242.50      227.50      582.50    841.68   MO
  Mason Hittler        16.00   M-T2     78.68     82.50       0.64         150.00   170.00    -190.00   170.00    100.00   107.50     115.00   115.00    287.50      165.00       177.50       192.50      192.50      480.00    678.93   MO
 Stephen Hazlett       17.00   M-T2     76.19     82.50       0.64        -137.50   137.50     142.50   142.50    82.50    -87.50     -87.50   82.50     225.00      112.50       127.50       142.50      142.50      367.50      -      IN

    Chris Koch         49.00   M-M2     88.66     90.00       0.59        205.00    217.50    -225.00   217.50   137.50    145.00    152.50    152.50    370.00      215.00       227.50       237.50      237.50      610.00    794.22   MO

   Jason St. Clair     28.00   M-O      98.19     100.00      0.56        277.50     290.00    302.50   302.50   177.50    182.50    -185.00   182.50    485.00      252.50       270.00      -285.00      270.00      757.50    935.66   IN
      Ben Motl         25.00   M-O      97.60     100.00      0.56        210.00     222.50   -237.50   222.50   150.00    160.00    -170.00   160.00    385.00      300.00       317.50      -330.00      317.50      702.50    868.31   IL
     Isaac Motl        23.00   M-JU     95.24     100.00      0.57        180.00    -195.00    195.00   195.00   135.00    150.00    -165.00   150.00    347.50      202.50       225.00       242.50      242.50      590.00    740.20   IL
  Chevy Williams       41.00   M-M1     99.55     100.00      0.56        222.50    -237.50     0.00    222.50   177.50     0.00       0.00     0.00      0.00       260.00        0.00         0.00        0.00        0.00              MO

   Roger Horn          69.00   M-EM6    107.48    110.00      0.54        172.50    191.00     0.00     190.00   -127.50    127.50   137.50    137.50    327.50      182.50      -197.50      -197.50      182.50      512.50    611.05   MO
   Abdalla Bani        29.00    M-O     102.09    110.00      0.55        145.00    157.50    170.00    170.00    97.50    -102.50   102.50    102.50    275.00      195.00       207.50       217.50      217.50      495.00    601.48   MO

 SINGLE EVENTS

  Vance Wallace        47.00   M-M2     94.78     100.00      0.57                                               165.00    170.00     170.00   170.00
  Joseph Morrell       35.00   M-PMF    129.34    145.00      0.52                                               145.00    157.50    -160.00   157.50


    Cheryl Kyle        55.00   F-M4     61.45     63.00       0.84                                                47.50    -52.50    -52.50    47.50                -110.00       110.00      -115.00      110.00      160.00             MO

  Beth Van Hove        55.00   F-M4     82.99     90.00       0.67                                               -57.50     55.00    -60.00    55.00                 145.00       100.00       110.00      117.50      172.50             MO
   Judy Naeger         58.00   F-M4     89.34     90.00       0.63                                               37.50      42.50    45.00     45.00                 115.00       120.00       122.50      122.50      170.00             MO

   Mary Rapert         68.00   F-M6     102.95    SHW         0.59                                                60.00     62.50     65.00    65.00                 137.50       142.50       145.00      145.00      212.50             MO


      Judges

   Mike Stagg
   Jacob Stagg
   Bill Duncan

 American Record
Fractional plate adj
