21-Jun-14           UPA DBB Summer Bash-Lb Results
                                  BWt     WtCls                                                Best                                       Best   Sub     Deadlift Deadlift Deadlift Deadlift  Best                   Coeff      Age &
       Name         Age    Div                    Schwartz   Squat 1 Squat 2 Squat 3 Squat 4           Bench 1 Bench 2 Bench 3 Bench 4                                                                  PL Total                           Pl code   Pl-Div-WtCl    Tm Pts   Team
                                  (Lb)     (Lb)                                                Squat                                     Bench   Total     1        2        3        4      Deadlift                Score       Coeff
Kathy Johnson       24     F-EO   169.4    181    0.9369      -435     435     475    515       475      335     370     400              400     875      390      425     -450               425       1300       1217.97        0         1        1-F-EO-181      7      EHOP
Betsy Miller        31    F-XFT   127.6    132    1.1463      -165     175     185              185      105     115     135              135     320      200      240      255               255        575      659.1225        0         1       1-F-XFT-132      7
Paula Sheynerman    23    F-RJr   122.8    123    1.1816       225    -245    -245              225      155    -165     165              165     390      295      315     -325               315        705       833.028        0         1        1-F-RJr-123     7
Lynne Boshoven      56    F-RM4   171.6    181    0.9297       350     370     385              385      205     220     230              230     615     -415      415      450               450       1065      990.1305    1233.7026     1       1-F-RM4-181      7
Steve Creedon       50    F-RM3   192.8    198    0.8746      -340     360    -380              360      230     245     255              255     615      365      390     -425               390       1005       878.973    993.23949     1       1-F-RM3-198      7      DBB
Tracey Patrick      43    F-RM1   145.2    148    1.0385       275     305     330              330      180     200     215              215     545      225      275      300               300        845      877.5325    904.73600     1       1-F-RM1-148      7      DBB
Jake Whately        23    M-EJr   193.4    198    0.6471       540     575     600              600      380     400    -420              400    1000      500      540     -570               540       1540       996.534        0         1       1-M-EJr-198      7      DBB
Dan Yert            48    M-EM2   163.8    165    0.7173       275     325    -350              325      260     285    -300              285     610     -340      340     -360               340        950       681.435    747.53419     1       1-M-EM2-165      7
Steve Imkamp        40    M-EM1   238.6    242    0.5916      -635     635     700              700     -525    -525    -525               0       0        0                                   0          0           0           0         1             0          0
Wes McCormick       24    M-EO    162.4    165    0.7214       695    -730     760              760      440     480    -510              480    1240      530     -580     -580               530       1770      1276.878        0         1        1-M-EO-165      7
Matt Graber         30    M-EO     195     198    0.644        570     630     675              675      315     335     365              365    1040      500     -535      540               540       1580       1017.52        0         1        1-M-EO-198      7      EHOP
Anthony Carlquist   35    M-EO    269.2    275    0.5727       800     850     900              900      675     705     730              730    1630      725      750      785               785       2415      1383.0705       0         1        1-M-EO-275      7      EHOP
Marshall Johnson    30    M-EO    275.6    308    0.5698       935   -1000   -1000              935      650    -700     700              700    1635      675      735     -800               735       2370      1350.426        0         1        1-M-EO-308      7      EHOP
Will Lee            19    M-RT3   187.4    198    0.6583       285     320    -365              320      245     260     270              270     590      315      365      410               410       1000        658.3         0         1       1-M-RT3-198      7
DeShawn Coleman     18    M-RT3    214     220    0.6161       485     510     525              525     -250     270    -290              270     795      535      585      610               610       1405      865.6205        0         1       1-M-RT3-220      7
Charlie Nino        18    M-RT3   264.8    275    0.5748       490     525     550              550     -245     245     270              270     820      550      600     -620               600       1420       816.216        0         1       1-M-RT3-275      7      DBB
Hunter Grosso       15    M-RT1   144.6    148    0.7891       250     280     300              300      150     175    -195              175     475      290      325      350               350        825      651.0075        0         1       1-M-RT1-148      7      DBB
Mikey Mitchell      14    M-RT1   156.6    165    0.7414       250     280    -305              280      160     180    -200              180     460      315      345      370               370        830       615.362        0         1       1-M-RT1-165      7      DBB
Tanner McFarland    23    M-RJr   165.4    181    0.7126       420     450    -465              450      315     335    -350              335     785      425      445     -465               445       1230       876.498        0         1       1-M-RJr-181      7
Jay Semifero        23    M-RJr   174.4    181    0.6876       325    -405     415              415      300     335     350              350     765      385      450     -470               450       1215       835.434        0         1       2-M-RJr-181      5
Anthony Belcastro   23    M-RJr   173.6    181    0.6899       225     315     330              330      185     225    -250              225     555      315      405      445               445       1000        689.9         0         1       3-M-RJr-181      3
Phil Wengrowski     21    M-RJr   194.6    198    0.6447       420     450     480              480      285     305    -325              305     785      500      515      545               545       1330       857.451        0         1       1-M-RJr-198      7      DBB
Jordan Baker        22    M-RJr   195.8    198    0.6428      -420    -440     450              450      240     260    -275              260     710      535      585     -615               585       1295       832.426        0         1       2-M-RJr-198      5
Ryan DeCaires       21    M-RJr   191.2    198    0.6511       375     405     425              425      250     270    -285              270     695      405      440      460               460       1155      752.0205        0         1       3-M-RJr-198      3      DBB
Matt Drolz          23    M-RJr    272     275    0.5714       450     485     520              520      285     300     310              310     830      550      570     -600               570       1400       799.96         0         1       1-M-RJr-275      7
John Kronner        21    M-RJr   285.8    308    0.5659       550    -575    -575              550      365     385    -405              385     935      515     -545     -555               515       1450       820.555        0         1       1-M-RJr-308      7
Tim Sheehan         62    M-RM5   234.2    242    0.5952       385     410    -435              410      285     305     320              320     730      400      435      460               460       1190       708.288    986.64518     1       1-M-RM5-242      7
Matt Brandys        35    M-RO    193.8    198    0.6463       365     385    -405              385      275    -295     295              295     680      455      475     -485               475       1155      746.4765        0         1       1-M-RO-198       7      DBB
Brad Snyder         32    M-RO    193.2    198    0.6475       265     300    -340              300      215     235    -250              235     535      385     -450     -450               385        920        595.7         0         1       2-M-RO-198       5      DBB
JJ Thomas           33    M-RO    219.2    220    0.6101       545     585     615              615      375     400    -415              400    1015      585      615     -650               615       1630       994.463        0         1       1-M-RO-220       7      DBB
Brian Patrick       32    M-RO     218     220    0.6113       500     545     580              580      400     435     445              445    1025      600     -650     -675               600       1625      993.3625        0         1       2-M-RO-220       5      DBB
Dan Cheynoweth      24    M-RO    202.8    220    0.6315       450     495     530              530      350     385    -410              385     915     -500      520      560               560       1475      931.4625        0         1       3-M-RO-220       3
Shane Poole         29    M-RO    236.2    242    0.5935      -570     600     625              625      385     405    -415              405    1030      590     -610      610               610       1640       973.34         0         1       1-M-RO-242       7       DBB
Brandon Dunbar      32    M-RO    235.4    242    0.5941       465    -490    -500              465      375     400     410              410     875      465      505     -520               505       1380       819.858        0         1       2-M-RO-242       5      BOBB
Cody Chaney         26    M-RO     229     242    0.5998      -475             475              475      275    -305    -305              275     750      450      500      525               525       1275       764.745        0         1       3-M-RO-242       3
Will Cowen          32    M-RO    234.8    242    0.5946      -375    375     -405              375      275     305    -320              305     680      405      435      460               460       1140       677.844        0         1       4-M-RO-242       2
Derek Wade          24    M-RO    297.2    308    0.5621       650    700      750              750      450     500    -510              500    1250      650      700     -730               700       1950      1096.095        0         1       1-M-RO-308       7
