    4/19/2008
WkdWbVlYVnNkR1J2YldGcGJueDFjMkZ3YkcxcGMzTnBjM... MSPLClub    Open
                                                      https://doc-00-b0-docsviewer.googleusercontent.com/viewer/secu...
         Powerlifting Results            Bwt    WtCls   Wilks                         Best                        Best   Sub                          Best (1) PL   (2)    Pl
                                 Div                             SQ-1   SQ-2   SQ-3          BP-1   BP-2   BP-3                  DL-1   DL-2   DL-3                            Pl-Div- WtCls-Evt
         Name                            (lb)    (lb)   Coeff                         SQ                          BP     Total                         DL Total Wilks Pts Code
         Caleb Tourres          M-Raw    104     114    1.0916   250    295    315    315    200    215    225    225     540    185    205    -215   205   745   368.884  1   1-M-Raw-114-PL
         Ivan Gray              M-HS     114     114    0.9871   275    310    350    350    105    125    150    150     500    295    -355   400    400   900   402.971  1    1-M-HS-114-PL
         Dylan Pedan            M-HS     114     114    0.9871   245    265    280    280    125    140    155    155     435    285    300    320    320   755   338.048  1    2-M-HS-114-PL
         Christian Wallace      M-HS    121.8    123    0.9225   325    -345   -345   325    170    195    205    205     530    345    -375   375    375   905   378.691  1    1-M-HS-123-PL
         Michael Depriest       M-HS    121.8    123    0.9225   255    265    275    275    165    175    -180   175     450    250    275    300    300   750   313.832  1    2-M-HS-123-PL
         Steven Oswalt          M-HS    123.4    123    0.9108   -250   250    260    260    150    165    -180   165     425    280    300    315    315   740   305.721  1    3-M-HS-123-PL
         Chris Tran              M-O     123     123    0.9137   400    430    450    450    205    -220   225    225     675    400    440    -475   440 1115 462.114     1     1-M-O-123-PL
         Roderick Allen         M-HS    130.2    132    0.8654   345    370    -405   370    150    160    175    175     545    375    495    -525   495 1040 408.245     1    1-M-HS-132-PL
         Eric Renfrow           M-HS    132.2    132    0.8521   -310   330    355    355    160    175    185    185     540    320    335    360    360   900   347.859  1    2-M-HS-132-PL
         Bradley Starling       M-HS    128.2    132    0.878    320    345      0    345    145    155    165    165     510    300    325    -355   325   835   332.546  1    3-M-HS-132-PL
         Floyd Sullivan         M-HS    130.6    132    0.8629   -300   -300   300    300    145    -150   150    150     450    350    385      0    385   835   326.826  1    3-M-HS-132-PL
         Devonta Jackson        M-HS    126.8    132    0.8872   -300   -300   300    300    140    -155   -155   140     440    305    325    -345   325   765   307.860  1    4-M-HS-132-PL
         Daniel Navar           M-Raw   147.8    148    0.7752   315    -325   -325   315    -225   225    245    245     560    385    -425     0    385   945   332.289  1   1-M-Raw-148-PL
         Hunter Ladner          M-HS     136     148    0.8318   -315   315    350    350    -205   -205   205    205     555    345    -365   365    365   920   347.118  1    1-M-HS-148-PL
         Antwain Gray           M-HS    139.8    148    0.8121   305    350    -400   350    125    150    170    170     520    315    355    -405   355   875   322.320  1    2-M-HS-148-PL
         Ryan Savell             M-O     148     148    0.7744   400    440    -455   440    235    265    -280   265     705    410    450    470    470 1175 412.737     1     1-M-O-148-PL
         Jeff Palliser          M-Raw   158.6    165    0.7342   350    385    400    400    245    270    -285   270     670    450    500    -510   500 1170 389.646     1   1-M-Raw-165-PL
         Knute Douglas          M-HS     164     165    0.7166   525    575    600    600    300    -325   -325   300     900    500    550    -600   550 1450 471.319     1    1-M-HS-165-PL
         Keshun Watson          M-HS    165.2    165    0.7124   405    445    480    480    225    245    270    270     750    475    525    550    550 1300 420.085     1    2-M-HS-165-PL
         Jessie Griffith        M-HS    165.2    165    0.7124   405    470    -500   470    200    210    225    225     695    425    490    -530   490 1185 382.924     1    3-M-HS-165-PL
         Phillip Spencer        M-HS    162.4    165    0.7216   350    405    425    425    185    205    225    225     650    350    -405   405    405 1055 345.318     1    4-M-HS-165-PL
         Justin Richardson      M-HS    181.2    181    0.6714   475    -545   555    555    270    290    -320   290     845    475    525    550    550 1395 424.840     1    1-M-HS-181-PL
         Callon Green           M-HS    180.4    181    0.6732   455    485    -515   485    225    250    280    280     765    475    510    560    560 1325 404.604     1    2-M-HS-181-PL
         John Lundahl           M-HS     181     181    0.6719   500    560      0    560    240    255    265    265     825    415    455    -500   455 1280 390.108     1    3-M-HS-181-PL
         Jared Aden             M-HS    177.8    181    0.6792   410    430    460    460    300    -310   -310   300     760    385    440    -455   440 1200 369.700     1    4-M-HS-181-PL
         Antwon Shoto            M-O    181.6    181    0.6705   375    415    445    445    205    225    -240   225     670    465    -530   -555   465 1135 345.195     1     1-M-O-181-PL
         David Benac            M-Raw    192     198    0.6495   315    365    -385   365    240    270    290    290     655    450    500    520    520 1175 346.168     1   1-M-Raw-198-PL
         Tvelle Marion          M-HS     198     198    0.6391   445    485    510    510    235    260    285    285     795    545    605    640    640 1435 415.998     1    1-M-HS-198-PL
         Rico Shumpert          M-HS    197.4    198    0.6401   515    565    -590   565    260    -275   290    290     855    500    535    -570   535 1390 403.583     1    2-M-HS-198-PL
         Jackie Leggett         M-HS    189.4    198    0.6544   405    -465   -465   405    225    -285   295    295     700    465    540    575    575 1275 378.463     1    3-M-HS-198-PL
         Miles Forks            M-HS    194.8    198    0.6445   425    475    -505   475    245    270    -285   270     745    465    495    515    515 1260 368.353     1    4-M-HS-198-PL
         Chris Skinner           M-G     202     220    0.6327   640    680      0    680    360    400      0    400    1080    530    580      0    580 1660 476.405     1     1-M-G-220-PL
         Jack Impastato         M-Raw   216.4    220    0.6132   500    540    -550   540    400    -430   -430   400     940    500    600    -610   600 1540 428.344     1   1-M-Raw-220-PL
         Pat Sutton             M-HS     201     220    0.6343   500    550    600    600    275    315    -345   315     915    425    450    -485   450 1365 392.733     1    1-M-HS-220-PL
         Chris Bridges           M-O     218     220    0.6114   365    415    450    450    270    315    355    355     805    470    500    575    575 1380 382.714     1     1-M-O-220-PL
         Matt Rehan             M-Raw    239     242    0.5912   500    530    560    560    365    415    -440   415     975    455    -475   505    505 1480 396.887     1   1-M-Raw-242-PL
         Erik Frank             M-Raw    235     242    0.5945   500    520    535    535    405    -430   -430   405     940    500    -600   -600   500 1440 388.315     1   2-M-Raw-242-PL
         R.W. Comans            M-HS     222     242    0.6069   515    550    570    570    290    405    -425   405     975    -515   -515   515    515 1490 410.179     1    1-M-HS-242-PL
         Johnny Griffin         M-HS    225.2    242    0.6036   475    515    550    550    230    250    -280   250     800    500    600    -695   600 1400 383.308     1    2-M-HS-242-PL
         Dink Lumley            M-HS    240.4    242    0.5901   -350   350    400    400    275    300    -315   300     700    385    450    -500   450 1150 307.818     1    3-M-HS-242-PL
         Robert Laughlin         M-O     229     242    0.5999   565    605    640    640    -455   -455   455    455    1095    575    625    -660   625 1720 468.034     1     1-M-O-242-PL
         Chris Nelson           M-HS    250.2    275    0.5831   525    585    650    650    265    330    365    365    1015    475    550    585    585 1600 423.188     1    1-M-HS-275-PL
         Greg Harris            M-HS    275.4    275    0.5699   490    510    550    550    250    275    290    290     840    500    550    600    600 1440 372.247     1    2-M-HS-275-PL
         Justin Flanagan        M-HS     274     275    0.5705   -375   385    420    420    235    265    -300   265     685    425    -505   -505   425 1110 287.243     1    3-M-HS-275-PL
         Michael Ingram         M-HS     291    275+    0.5641   525    580    600    600    280    300    325    325     925    475    520    590    590 1515 387.649     1   1-M-HS-275+-PL
         Denzel Scott           M-HS    294.4   275+    0.563    475    -520   535    535    245    280    310    310     845    425    460    505    505 1350 344.756     1   2-M-HS-275+-PL
         Hector Cabral          M-HS    315.8   275+    0.5569   500    -525   535    535    250    275    290    290     825    475    -500   -505   475 1300 328.391     1   3-M-HS-275+-PL
         Ty Westbrook            M-O     333    275+    0.5528   650    715    -750   715    385    415    440    440    1155    495    545    570    570 1725 432.541     1    1-M-O-275+-PL

                                                                                                                                                              (1)
         Bench Press Results            Bwt     WtCls   Wilks                         Best                        Best   Sub                          Best           (2)     Pl
                                 Div                             SQ-1   SQ-2   SQ-3          BP-1   BP-2   BP-3                  DL-1   DL-2   DL-3          Best                Pl-Div- WtCls-Evt
         Name                           (lb)     (lb)   Coeff                         SQ                          BP     Total                         DL         Wilks Pts Code
                                                                                                                                                             BP
         Zach Goins             M-HS    162.2    165    0.7223                               225    245    -255   245                                        245   80.270    1    1-M-HS-165-BP
         Chad McMullin          M-O     220.4    220    0.6087                               -485   -485   485    485                                        485  133.911    1     1-M-O-220-BP




1 of 2                                                                                                                                                                             3/22/13 10:04 AM
WkdWbVlYVnNkR1J2YldGcGJueDFjMkZ3YkcxcGMzTnBjM...                                                        https://doc-00-b0-docsviewer.googleusercontent.com/viewer/secu...
                                                                                                                                       (1)
         Deadlift Results         Bwt     WtCls   Wilks                         Best                        Best   Sub                          Best           (2)     Pl
                            Div                            SQ-1   SQ-2   SQ-3          BP-1   BP-2   BP-3                  DL-1   DL-2   DL-3          Best                Pl-Div- WtCls-Evt
         Name                     (lb)     (lb)   Coeff                         SQ                          BP     Total                         DL         Wilks Pts Code
                                                                                                                                                        DL
         Jeffrey Griffin    M-O   233.4    242    0.5958                                                                   405    455    -470   455    455  122.965    1     1-M-O-242-DL




2 of 2                                                                                                                                                                       3/22/13 10:04 AM
