12 Sort-on Div Wt Cls 0 $b$9:$b$35 Setup!O7:O85 Best Deadlift $BB$1:$BE$1 Deadlift 1 Deadlift 2 Deadlift 3 Deadlift 4 0 0 0 0 0 0 0 0 A 0 
Y18 BEN KIRWIN MOpe-Ra 110 Kg Best Bench $BB$1:$BE$1 Bench 1 Bench 2 Bench 3 Bench 4 B 1 
25 Deadlift 3 240.0 Kg 240 -240 Best Deadlift $BB$1:$BE$1 Deadlift 1 Deadlift 2 Deadlift 3 Deadlift 4 C 2 
18 Place - 3 529.1 Lb Y10 Best Squat $BB$1:$BE$1 Squat 1 Squat 2 Squat 3 Squat 4 D 3 
AA18 PL Total $BB$1:$BM$1 Squat 1 Squat 2 Squat 3 Squat 4 Bench 1 Bench 2 Bench 3 Bench 4 Deadlift 1 Deadlift 2 Deadlift 3 Deadlift 4 E 4 
AA1 automatic 22 Push Pull Total $BB$1:$BI$1 Bench 1 Bench 2 Bench 3 Bench 4 Deadlift 1 Deadlift 2 Deadlift 3 Deadlift 4 F 5 
$C$10:$C$21 35 $AG$9:$AG$35 PL AR10:AR35 AT10:AT35 G 6 
Sort data Flt A Name Age Div BWt (Kg) WtCls (Kg) Wilks Lot # RH Sq Squat 1 Squat 2 Squat 3 Squat 4 Best Squat RH BP Bench 1 Bench 2 Bench 3 Bench 4 Best Bench Sub Total Deadlift 1 Deadlift 2 Deadlift 3 Deadlift 4 Best Deadlift PL Total Coeff Score Age & Coeff Pl code Pl-Div-WtCl Tm Pts Team Events Event check sort # lbs/kg PL Total Push Pull Total M/F valid score? scoring value rank Div wt Div rank place bwt bwt rank abs score H 7 status Squat 1 Squat 2 Squat 3 Squat 4 Best Squat RH BP Bench 1 Bench 2 Bench 3 Bench 4 Best Bench Sub Total Deadlift 1 Deadlift 2 Deadlift 3 Deadlift 4 Best Deadlift 
 0 0 0 0 0 0 0.000 0.000 0 0 DL 0 0 0 0 0 0.000 #N/A 0 #N/A #N/A 0 27 0.000 0 0 0 0 0 0 0 0 0 0 0 0 0 0 0 0 0 
100 A KELLY SPALDING JUN FJun-Ra 58.4 60 1.1386 14 I 60 70 75 -80 75 2 40 42.5 -45 42.5 117.5 100 107.5 -110 107.5 225 256.185 #N/A 1 1-FJun-Ra-60 7 PL 1 0 58.4 225 150 F 1 311016025.000 26 311 26 1 58.4 25 311016025.000 0 1 1 1 -1 0 0 1 1 -1 0 0 0 1 1 -1 0 
120 A CLARE MALONE OP FOpe-SP 55.9 56 1.1783 13 95 102.5 105 -107.5 105 2 65 70 72.5 -75 72.5 177.5 120 122.5 125 -127.5 125 302.5 356.436 #N/A 1 1-FOpe-SP-56 7 PL 1 0 55.9 302.5 197.5 F 1 3112017026.000 3 3112 3 1 55.9 26 3112017026.000 0 1 1 1 -1 0 0 1 1 1 -1 0 0 1 1 1 -1 
140 A LEANNE KIRKLAND JUN FOpe-Ra 67.5 67.5 1.0206 14 110 125 135 -140 135 5 60 75 -80 75 210 140 -160 -160 140 350 357.210 #N/A 1 1-FOpe-Ra-67.5 7 PL 1 0 67.5 350 215 F 1 410019021.000 21 410 21 1 67.5 21 410019021.000 0 1 1 1 -1 0 0 1 1 -1 0 0 0 1 -1 -1 0 
150 A MAARIYAH TAHIR OP FOpe-Ra 60.4 67.5 1.1092 13 115 120 125 127.5 125 5 57.5 60 62.5 62.5 187.5 150 -160 -160 150 337.5 374.355 #N/A 1 2-FOpe-Ra-67.5 7 PL 1 0 60.4 337.5 212.5 F 1 410018024.000 22 410 21 2 60.4 24 410018024.000 0 1 1 1 1 0 0 1 1 1 0 0 0 1 -1 -1 0 
150 A PETRA HOFFMANN OP FOpe-Ra 126.2 SHW 0.7926 14 150 176 180 180 4 65 74 80 80 260 150 160 -165 160 420 332.892 #N/A 1 1-FOpe-Ra-SHW 7 PL 1 0 126.2 420 240 F 1 406020002.000 25 406 25 1 126.2 2 406020002.000 0 1 1 1 0 0 0 1 1 1 0 0 0 1 1 -1 0 
200 A MARTIN COOKE M2 MM-2-Ra 148.1 SHW 0.5543 17 225 240 255 255 5 130 142.5 152.5 152.5 407.5 200 225 240 240 647.5 358.909 #N/A 1 1-MM-2-Ra-SHW 7 PL 1 0 148.1 647.5 392.5 M 1 1904025001.000 7 1904 7 1 148.1 1 1904025001.000 0 1 1 1 0 0 0 1 1 1 0 0 0 1 1 1 0 
200 A OLLIE TIPPET OP MOpe-Ra 109.1 110 0.59 19 I 180 220 240 240 6 160 180 -205 180 420 200 240 260 260 680 401.200 #N/A 1 1-MOpe-Ra-110 7 PL 1 0 109.1 680 440 M 1 1707027010.000 13 1707 13 1 109.1 10 1707027010.000 0 1 1 1 0 0 0 1 1 -1 0 0 0 1 1 1 0 
210 A PETER MALFA M3 MM-3-SP 102.2 110 0.6035 15 215 -240 263 263 5 110 120 -127.5 120 383 210 210 593 357.876 #N/A 1 1-MM-3-SP-110 7 PL 1 0 102.2 593 330 M 1 4707021016.000 2 4707 2 1 102.2 16 4707021016.000 0 1 -1 1 0 0 0 1 1 -1 0 0 0 1 0 0 0 
220 A BEN KIRWIN OP MOpe-Ra 107.8 110 0.5923 19 I 220 -230 -235 220 5 150 162.5 -170 162.5 382.5 220 230 240 240 622.5 368.707 #N/A 1 3-MOpe-Ra-110 7 PL 1 0 107.8 622.5 402.5 M 1 1707022011.000 15 1707 13 3 107.8 11 1707022011.000 0 1 -1 -1 0 0 0 1 1 -1 0 0 0 1 1 1 0 
240 A ADAM MARTYNYSZYN JUN MJun-Ra 102.8 110 0.6021 19 -180 180 200 200 5 140 160 -170 160 360 240 260 270 270 630 379.323 #N/A 1 2-MJun-Ra-110 7 PL 1 0 102.8 630 430 M 1 1607023015.000 20 1607 19 2 102.8 15 1607023015.000 0 -1 1 1 0 0 0 1 1 -1 0 0 0 1 1 1 0 
250 A CHRIS COLLINS JUN MJun-Ra 105.1 110 0.5974 19 215 230 240 240 5 145 155 -165 155 395 250 260 -270 260 655 391.297 #N/A 1 1-MJun-Ra-110 7 PL 1 0 105.1 655 415 M 1 1607026014.000 19 1607 19 1 105.1 14 1607026014.000 0 1 1 1 0 0 0 1 1 -1 0 0 0 1 1 -1 0 
250 A ANTHONY SPALDING OP MOpe-Ra 109.8 110 0.5888 19 200 215 -230 215 5 130 137.5 -142.5 137.5 352.5 250 265 280 280 632.5 372.416 #N/A 1 2-MOpe-Ra-110 7 PL 1 0 109.8 632.5 417.5 M 1 1707024008.000 14 1707 13 2 109.8 8 1707024008.000 0 1 1 -1 0 0 0 1 1 -1 0 0 0 1 1 1 0 
 B JANE STEVENSON OP FOpe-Ra 64.5 67.5 1.0551 0 4 70 75 77.5 80 77.5 0 0 0 0.000 0.000 1 0 0 BP 0 1 64.5 0 0 F 0 410000000.000 23 410 21 3 64.5 22 410000000.000 0 0 0 0 0 0 0 1 1 1 1 0 0 1 1 -1 0 
 B EDWARD WOODWARD OP MOpe-Ra 90.4 100 0.637 0 4 140 155 165 165 0 0 0 0.000 0.000 1 0 0 BP 0 1 90.4 0 0 M 0 1708000000.000 11 1708 11 1 90.4 18 1708000000.000 0 0 0 0 0 0 0 1 1 1 0 0 0 0 0 0 0 
 B JOHN HINTON M1 MM-1-Ra 109.5 110 0.5893 0 5 165 170 -180 170 0 0 0 0.000 0.000 1 0 0 BP 0 1 109.5 0 0 M 0 1807000000.000 8 1807 8 1 109.5 9 1807000000.000 0 0 0 0 0 0 0 1 1 -1 0 0 0 0 0 0 0 
 B KAZ MACKOWSKI OP MOpe-MP 90 90 0.6384 0 5 180 -182.5 182.5 182.5 0 0 0 0.000 0.000 1 0 0 BP 0 1 90 0 0 M 0 7109000000.000 1 7109 1 1 90 19 7109000000.000 0 0 0 0 0 0 0 1 -1 1 0 0 0 0 0 0 0 
 B PAUL EDMONDS 55 MM-3-Ra 122.2 125 0.5726 0 5 190 -200 200 200 0 0 0 0.000 0.000 1 0 0 BP 0 1 122.2 0 0 M 0 2006000000.000 5 2006 5 1 122.2 5 2006000000.000 0 0 0 0 0 0 0 1 -1 1 0 0 0 0 0 0 0 
 B ANTHONY WHEAT M3 MM-3-Ra 124.9 125 0.5699 0 6 195 -207.5 -207.5 195 0 0 0 0.000 0.000 1 0 0 BP 0 1 124.9 0 0 M 0 2006000000.000 5 2006 5 1 124.9 3 2006000000.000 0 0 0 0 0 0 0 1 -1 -1 0 0 0 0 0 0 0 
 B JASON FLETCHER M1 MM-1-Ra 124.1 125 0.5707 0 4 210 -215 215 215 0 0 0 0.000 0.000 1 0 0 BP 0 1 124.1 0 0 M 0 1806000000.000 9 1806 9 1 124.1 4 1806000000.000 0 0 0 0 0 0 0 1 -1 1 0 0 0 0 0 0 0 
 B BEN KIRWIN OP MOpe-Ra 107.8 110 0.5923 0 150 162.5 162.5 0 0 0 0.000 0.000 1 0 0 PL 1 1 107.8 0 0 M 0 1707000000.000 16 1707 13 4 107.8 11 1707000000.000 0 0 0 0 0 0 0 1 1 0 0 0 0 0 0 0 0 
240 C BEN KIRWIN OP MOpe-Ra 107.8 110 0.5923 0 0 0 220 230 240 240 0 0.000 0.000 1 0 0 DL 0 2 107.8 0 0 M 0 1707000000.000 16 1707 13 4 107.8 11 1707000000.000 0 0 0 0 0 0 0 0 0 0 0 0 0 1 0 1 0 
160 C JANE STEVENSON OP FOpe-Ra 64.5 67.5 1.0551 0 0 0 160 170 -175 170 0 0.000 0.000 1 0 0 DL 0 2 64.5 0 0 F 0 410000000.000 23 410 21 3 64.5 22 410000000.000 0 0 0 0 0 0 0 0 0 0 0 0 0 1 1 -1 0 
170 C STEVE JONES MO MOpe-Ra 84.1 90 0.6624 0 0 0 170 180 -190 180 0 0.000 0.000 1 0 0 DL 0 2 84.1 0 0 M 0 1709000000.000 10 1709 10 1 84.1 20 1709000000.000 0 0 0 0 0 0 0 0 0 0 0 0 0 1 1 -1 0 
256 C MARK GRIFFITHS M1 MOpe-Ra 99.1 100 0.6108 0 0 0 256 299 299 0 0.000 0.000 1 0 0 DL 0 2 99.1 0 0 M 0 1708000000.000 11 1708 11 1 99.1 17 1708000000.000 0 0 0 0 0 0 0 0 0 0 0 0 0 0 1 0 0 
270 C COLIN ROBINSON M4 MM-4-Ra 121.6 125 0.5732 19 0 0 0 270 290 300 300 0 0.000 0.000 1 0 0 DL 0 2 121.6 0 0 M 0 2106000000.000 4 2106 4 1 121.6 6 2106000000.000 0 0 0 0 0 0 0 0 0 0 0 0 0 1 1 1 0 
 H WES HALL OP MOpe-Ra 121.4 125 0.5734 20 I 240 250 -260 250 6 -190 -190 -190 0 0 0 0 0.000 0.000 1 0 0 0 7 121.4 0 0 M 0 1706000000.000 18 1706 18 1 121.4 7 1706000000.000 0 1 1 -1 0 0 0 -1 -1 -1 0 0 0 0 0 0 0 
