                                                                     WA State Championships                               Camp Wattle Grove                       9-6-2019
                                                  WtCls                                                Best                           Best Sub                                                Best               Coeff     Age &
Flt A          Name            Age Div    BWT             Glossbrenner   Squat 1   Squat 2   Squat 3         Bench 1 Bench 2 Bench 3             Deadlift 1 Deadlift 2 Deadlift 3 Deadlift 4          PL Total                       Pl-Div-WtCl
                                                   (Lb)                                                Squat                         Bench Total                                             Deadlift            Score     Coeff
 A             Tayla Boros     11   F-T    61.8   67.5      0.9645          60      67.5       70        70     30     32.5      35    35   105     90        97.5       102.5                102.5    207.5     200.134   200.134    1-F-T-67.5
 A           Alison Craven     39   F-O     69     75       0.8853         -90        95      -100       95    52.5     60       65    65   160    100         105        110                  110      270      239.031   239.031     4-F-O-75
 A           Janice Moffat     35   F-O    59.8    60       0.9903          95      -105       110      110     50     -55      -55    50   160    105         115        120                  120      280      277.284   277.284     3-F-O-60
 A          Samantha Tran      27   F-O    55.2    56       1.0561        87.5        95      -100       95   -32.5    37.5     -40   37.5 132.5   105        -115                             105     237.5     250.824   250.824     3-F-O-56
 A              Sian Miller    32   F-O    53.9    56       1.0764         100      -110      -110      100     45      55      62.5  62.5 162.5   110         120       -130                  120     282.5     304.083   304.083     1-F-O-56
 A           Natina Grace      32   F-O    71.8    75       0.8612        -100       100      -110      100     55      60      -65    60   160    110         120       -130                  120      280      241.136   241.136     2-F-O-75
 A               CJ Grant      27   F-O    72.5    75       0.8555          80        90      -100       90     35    -42.5     -45    35   125    115         125        135                  135      260      222.430   222.430     5-F-O-75
 A              Laura Cass     36   F-O    58.5    60       1.0079         100       105       110      110    -50      50      -55    50   160    120         125        130                  130      290      292.291   292.291     2-F-O-60
 A          Erica McKnight     51   F-O    73.4    75      0.84835          60        65       70        70     60      65     -67.5   65   135    120         130        140                  140      275      233.296   267.591     3-F-O-75
 A         Tania Winwood       48   F-O    50.6    52       1.1317        -105      -105      -105        0     45     47.5     -50   47.5   0     125         130        135      142.5       135       0        0.000     0.000          0
 A           Stacey Rosom      34   F-O    65.2   67.5      0.9244          85       -95       95        95     55      60     -62.5   60   155    125         135       -145                  135      290      268.076   268.076    2-F-O-67.5
 A           Giorgia South     24   F-O     56     56       1.0439         100                          100     40      45             45   145    125                                         125      270      281.853   281.853     2-F-O-56
 A           Monica Cook       55   F-O    65.6   67.5     0.91995         110      120       125       125    82.5    87.5     -90   87.5 212.5   135         145      -152.5                 145     357.5     328.882   402.881    1-F-O-67.5
 A      Michelina Weatherall   44   F-O    58.9    60       1.0024          45      70        80         80     55     62.5     -70   62.5 142.5   140         160       -165                  160     302.5     303.226   316.265     1-F-O-60
 A            Alexis Hayto     38   F-O    72.9    75       0.8523         125     132.5      140       140     75      80      82.5  82.5 222.5   145       157.5       162.5                162.5     385      328.136   328.136     1-F-O-75
 A            Lucy Michon      33   F-O    73.9    75      0.84445                                        0     80     -85      -85    80    0                                                  0        0        0.000     0.000          0
 B            Daniel Boros     13   M-T     57     60      0.87645        -85        85       -90        85    42.5   -47.5    -47.5  42.5 127.5   100         115        120      127.5       120     247.5     216.921   216.921     1-M-T-60
 B      Paige Ngarotata-Day    16   F-T    89.1    90       0.7516         90        100      110       110     45    -52.5      55    55   165    100         115        120        130       120      285      214.206   214.206     1-F-T-90
 B              Zo Kruger      30   F-O    80.4   82.5     0.79925       127.5      -135               127.5    55     62.5    -67.5  62.5  190    135         145      -152.5                 145      335      267.749   267.749    3-F-O-82.5
 B       Eugene Mitnovetski    28   M-O     81    82.5     0.65235       112.5     -122.5    -122.5    112.5    85     -90      92.5  92.5  205    135         145        155                  155      360      234.846   234.846   2-M-O-82.5
 B           Owen Dowley       14   M-T    80.8   82.5     0.65345       -125        130       145      145     80      90     -100    90   235    145         155        165       -170       165      400      261.380   261.380   1-M-T-82.5
 B         Kayah Boswood       29   F-O    81.8   82.5      0.7907        125      -132.5    -132.5     125     60     67.5    -72.5  67.5 192.5   155       162.5        170                  170     362.5     286.629   286.629    2-F-O-82.5
 B      Catherine Henderson    39   F-O    80.2   82.5      0.8005        135        145      -150      145     70     -75       75    75   220    155         165        170                  170      390      312.195   312.195    1-F-O-82.5
 B          Steven Charles     38   M-O    87.7    90       0.6209        130        140      -150      140     70     82.5    -87.5  82.5 222.5   160         175        185                  185     407.5     253.017   253.017    5-M-O-90
 B            Reuben May       33   M-O    65.5   67.5     0.76805        140        150       160      160    105    -115     -115   105   265    180         190        195                  195      460      353.303   353.303   1-M-O-67.5
 B         Jatz Rasmussen      31   M-O     75     75      0.68855        185        195      -200      195    110     115    -117.5  115   310    200         210        215                  215      525      361.489   361.489    2-M-O-75
 B              Kat Becker     35   F-O    94.3   SHW      0.73265        220        230       241      241    100    107.5    -115  107.5 348.5   200         215      -232.5                 215     563.5     412.848   412.848   1-F-O-SHW
 B          Jason Budden       36   M-O    81.6   82.5     0.64925        185        205      -215      205    155    -166      166   166   371    225         235       242.5                242.5    613.5     398.315   398.315   1-M-O-82.5
 B            Corey Millar     28   M-O    73.1    75       0.7019        190       202.5      210      210    100    107.5   -112.5 107.5 317.5   230       247.5       -255                 247.5     565      396.574   396.574    1-M-O-75
 B            Jim Ambrose      67   M-O    74.7    75       0.6906       -160       -160      -160        0   -100                      0    0                                                  0        0        0.000     0.000          0
 C              Liam Rock      19   M-T    89.3    90      0.61455        105        115      -120      115     70      75     -77.5   75   190    155         165        175                  175      365      224.311   224.311     2-M-T-90
 C        Jacob Edgecomb       29   M-O    87.6    90      0.62135        120        140      152.5    152.5    80    -92.5    -92.5   80  232.5   175       192.5       202.5                202.5     435      270.287   270.287    4-M-O-90
 C             Aaron Kohn      50   M-O    97.9   100      0.58805        210        220       230      230    120    127.5    -135  127.5 357.5   200         210        220                  220     577.5     339.599   383.747   3-M-O-100
 C              Jakob Parr     19   M-T     89     90       0.6157        200       -220       220      220    97.5   107.5   -112.5 107.5 327.5  192.5      212.5       -220                 212.5     540      332.478   332.478     1-M-T-90
 C          Nathan Parnell     28   M-O   121.8   125      0.54905        220        235      -250      235    125    -135      135   135   370    210         220      -227.5                 220      590      323.940   323.940   3-M-O-125
 C         Garnet Gregory      59   M-O    95.2   100       0.5943        180        190       200      200    120    -130      130   130   330    220         230        235                  235      565      335.780   441.550   4-M-O-100
 C       Kenyon Donaldson      25   M-O    88.8    90      0.61645        180      -187.5    -187.5     180    105    112.5          112.5 292.5   220         240       -250                  240     532.5     328.260   328.260    3-M-O-90
 C         George Napper       46   M-O   109.6   110       0.5631        180       -210       210      210    150     160      165   165   375    230         240        250                  250      625      351.938   375.869   5-M-O-110
 C        Nathan Graham `      35   M-O   125.8   140      0.54455        225        245      252.5    252.5   130    142.5     155   155 407.5 227.5        247.5       252.5                252.5     660      359.403   359.403   1-M-O-140
 C        Ashleigh Hartigan    25   M-O   109.2   110      0.56365        210        225       235      235   132.5   142.5    -150  142.5 377.5   240       252.5        260                  260     637.5     359.327   359.327   4-M-O-110
 C        Kashmir Managh       26   M-O   122.8   125       0.548        237.5      247.5      260      260    165     175      180   180   440   247.5        260        270                  270      710      389.080   389.080   1-M-O-125
 C        Peter Weatherall     49   M-O   109.1   110       0.5638        210        230       240      240    170    182.5    -185  182.5 422.5   250         260        270                  270     692.5     390.432   434.550   2-M-O-110
 C           Jean Pinchard     27   M-O   118.3   125       0.5527        250       -270                250    110     120     -130   120   370    270        -285       -285                  270      640      353.728   353.728   2-M-O-125
 C          Chris Newman       23   M-O    88.6    90       0.6173        240       257.5      265      265    130     145      155   155   420    270        -285        295                  295      715      441.370   441.370    1-M-O-90
 C          Liam McIntyre      26   M-O    95.7   100      0.59285        230       -240       245      245    140    -150            140   385    250         275       -300                  275      660      391.281   391.281   2-M-O-100
 C         Gary McCartan       37   M-O    99.1   100      0.58355        220        245      -270      245    125     135            135   380    250         280        310                  310      690      402.650   402.650   1-M-O-100
 C            Martin Rock      27   M-O   100.9   110      0.58035        240       -260       260      260    160     170     -175   170   430    280         305        315                  315      745      432.361   432.361   1-M-O-110
 C        Braddon Samuels      35   M-O    85.7    90      0.62945       -240        240      -260      240   -145     155    -167.5  155   395    240        -255                             240      635      399.701   399.701    2-M-O-90
 C             Mark Inglis     24   M-O   105.5   110      0.56975        235        250                250    155     165            165   415    235       257.5                            257.5    672.5     383.157   383.157   3-M-O-110
 C         George Okunev       37   M-O   157.3   SHW      0.51775        310        340                340    220     230     -240   230   570    300                                         300      870      450.443   450.443   1-M-O-SHW
 C              Miles Guy      56   M-O    98.2   100      0.58585        220        240      250       250    160     175    -182.5  175   425                                                 0        0        0.000     0.000          0
 C             Jacob Gibbs     21   M-O    99.2   100       0.5833                                        0    120     130     -135   130    0                                                  0        0        0.000     0.000          0
