        6/15/13                                                                                       2013 Badger Open Meet Results
                                   Bwt     WtCls                                                                                           Sub                                          (1) PL       (2)      (3)      Age-  Pl                        USAPL
Powerlifting Results Name   Div
                                   (kg)
                                                   lot#   Age   SQ-1     SQ-2     SQ-3     Best SQ   BP-1     BP-2     BP-3     Best BP           DL-1     DL-2     DL-3     Best DL              Wilks Pts         Wilks   Code   Pl-Div- WtCls-Evt
                                            (kg)                                                                                          Total                                          Total                                                         Number
      Kathrine Bak          F-GL   68.3     75      3     32    -152.5   -152.5    165      165      97.5     102.5    -105      102.5    267.5    190      205     212.5     212.5       480     485.808           0.000    2        1-F-GL-PL

   Brandon Mikulecky        M-O    81.1    82.5    55     22    -190      190     -202.5     190      155     162.5    -167.5    162.5    352.5    190      200      205       205      557.5     377.372       381.145      1      1-M-O-82.5-PL
    Erik Kasabuske          M-O    92.6    100     21     29     340      350      355       355      200      210     -215       210     565      305      320     -330       320       885      557.107           0.000    1      1-M-O-100-PL        7286
     Jordan Mason           M-O    91.9    100     32     17    -152.5   152.5    162.5     162.5     85      92.5      97.5     97.5     260     157.5     170     -177.5     170       430      271.674       293.408      1      2-M-O-100-PL
      Greg Kiriaki          M-O    122.1   125     23     29     290      305     317.5     317.5     115       0        0        115     432.5    285     -300     -300       285      717.5     410.912           0.000    1      1-M-O-125-PL       18337
       Scott Lade           M-O    138.4   125+    25     44    -350      365      380       380     -297.5   -297.5   297.5     297.5    677.5    290      310     -322.5     310      987.5     552.803       576.573      1      1-M-O-125+-PL       7082
      Jim Langer            M-O    131     125+    27     38     255     272.5    287.5     287.5    197.5    -232.5   -232.5    197.5    485      190      210      220       220       705      398.184           0.000    1      2-M-O-125+-PL      92990


      Aaron Phillips        M=R    66.3    67.5    40     28    177.5    187.5    197.5     197.5     120      125      130       130     327.5   202.5    217.5    -232.5    217.5      545      426.353           0.000    1      1-M=R-67.5-PL      92322
        Adam Huff           M=R    65.7    67.5    15     21    107.5    117.5      0       117.5    127.5    -135     -135      127.5    245     177.5    182.5    187.5     187.5     432.5     340.853       347.670      1      2-M=R-67.5-PL
      Bobby Castillo        M=R    71.8     75      6     25    142.5    152.5    157.5     157.5    102.5     110     -112.5     110     267.5   177.5    187.5    192.5     192.5      460      338.192           0.000    1       1-M=R-75-PL
       John Haack           M=R     81     82.5    10     20    -220      230      245       245      135     147.5    -155      147.5    392.5   252.5    267.5     280       280      672.5     455.551       469.218      1      1-M=R-82.5-PL
    Syed Tehami Raza        M=R    79.5    82.5    52     21    -147.5   -157.5   -157.5      0      92.5      100     -102.5     100      0        0        0        0         0         0         0.000           0.000    1           DNF
    Russell Johnston        M=R    88.6     90     20     25     220      230      240       240     142.5    152.5    162.5     162.5    402.5   237.5    252.5    -272.5    252.5      655      421.558           0.000    1       1-M=R-90-PL        3334
    Brendan Johnson         M=R    89.5     90     18     20     205      220     -227.5     220     137.5     145     152.5     152.5    372.5   -240      250     -265       250      622.5     398.525       410.480      1       2-M=R-90-PL       908483
     Troy Torzewski         M=R    86.6     90     34     23    192.5    202.5     215       215     147.5     160     167.5     167.5    382.5   212.5     230     -255       230      612.5     399.044       399.044      1       3-M=R-90-PL
      Jeff Monahos          M=R    89.5     90     35     54    182.5    192.5     205       205      135     142.5    -147.5    142.5    347.5   202.5     215     -225       215      562.5      360.113      433.575      1       4-M=R-90-PL        9492
      Grant Squires         M=R    88.6     90     50     26     165      175     -185       175      125      135     -147.5     135     310      215      225     237.5     237.5     547.5     352.371           0.000    1       5-M=R-90-PL
     Ben Wilkommen          M=R    88.2     90     58     26    142.5    157.5    -167.5    157.5    117.5     130     -137.5     130     287.5    185      195      200       200      487.5     314.486           0.000    1       6-M=R-90-PL       908495
       Jeff Hooper          M=R    87.4     90     14     23    142.5    157.5     160       160     -117.5   -127.5   -127.5      0       0       195     212.5    -227.5    212.5       0         0.000           0.000    1           DNF           102127
      John Battikha         M=R    99.3    100      5     21    177.5     190     197.5     197.5     135     147.5    -155      147.5    345      225      240     -250       240       585      357.026       364.166      1      1-M=R-100-PL       192267
     Jason Johnson          M=R    105     110     19     41     220     232.5      0       232.5     180      190     -195       190     422.5   242.5    257.5    -272.5    257.5      680      406.368       410.432      1      1-M=R-110-PL       10068
     Scott Schubert         M=R    118.8   125     47     28     115      130      140       140     82.5      90       95        95      235      170      180      190       190       425      244.928           0.000    1      1-M=R-125-PL       908506
        Ian Barge           M=R    129.3   125+     4     20     230      250     257.5     257.5     150      170      175       175     432.5    250      265     -275       265      697.5     394.855       406.700      1      1-M=R-125+-PL       8826
      Josh Peterson         M=R    132.4   125+    39     32     230      240     -245       240     142.5    152.5    -157.5    152.5    392.5    230     242.5     250       250      642.5     362.241           0.000    1      2-M=R-125+-PL      100183
        Joe Miller          M=R    171.3   125+    34     26    187.5     195      205       205     122.5     130     137.5     137.5    342.5    215     227.5     235       235      577.5     313.294           0.000    1      3-M=R-125+-PL       6165
     Gage Abrahams          M=R    143.9   125+     1     36    182.5    197.5    -205      197.5     105     112.5    -120      112.5    310     237.5    -250     -250      237.5     547.5     304.738           0.000    1      4-M=R-125+-PL

      Dennis Smits          M-M    89.7     90     49     53    237.5    252.5     260      260      142.5     150       0        150     410      200     -227.5   232.5     232.5     642.5     410.879       486.480      2        1-M-M-PL         193865
       Steve Zahn           M-M    98.9    100     63     51     195      205     -210      205      157.5    162.5    167.5     167.5    372.5    205      215     -225       215      587.5     359.139       411.932      2        2-M-M-PL          9519
     Dennis Roitt Sr.       M-M    78.4    82.5    44     52    -105      110      120      120       100     -110     -112.5     100     220      125      135      140       140       360      248.976       290.057      2        3-M-M-PL         908490


       Vong Xiong           M-T    96.2    100     62     19     275      295      320       320     142.5    -152.5   -152.5    142.5    462.5   237.5    -257.5   262.5     262.5      725      448.485       466.424      2         1-M-T-PL
      Anthony Wolf          M-T    88.3     90     60     17     230      240     -252.5     240     -145     147.5    152.5     152.5    392.5   232.5     240     -245       240      632.5     407.773       440.395      2         2-M-T-PL         5850
   James Lampshire IV       M-T    82.5    82.5    26     17     200     212.5    222.5     222.5     120      130     -132.5     130     352.5    210     -222.5   -222.5     210      562.5     376.819       406.964      2         3-M-T-PL        16630
      Jason Hanson          M-T    78.6    82.5    11     16    192.5    197.5    212.5     212.5    102.5     110      -115      110     322.5   192.5     210     -227.5     210      532.5     367.691       415.491      2         4-M-T-PL        102241
    Tanner Hutchings        M-T    65.4    67.5    16     14     115     122.5    -127.5    122.5    -57.5    62.5      70        70      192.5    120     132.5    142.5     142.5      335      265.019       325.973      2         5-M-T-PL
    Louis Wulterkens        M-T    63.9    67.5    61     16     115     -125     -125       115     62.5      65       70        70      185      135     -142.5   -142.5     135       320      258.144       291.703      2         6-M-T-PL
      Dalton Staller        M-T    77.9    82.5    51     14    -130     132.5    -135      132.5     60       65       67.5     67.5     200      125      135     142.5     142.5     342.5     237.866       292.575      2         7-M-T-PL
       Nathan King          M-T    86.9     90     22     17     195      205     217.5     217.5     95      -100      100       100     317.5   -207.5   -227.5   -227.5      0         0         0.000           0.000    2


    Paige Hinzmann          F-O    52.7     56     13     17     100      110      115       115      40       45      -47.5      45      160     102.5     110      120       120       280      345.464       373.101      1       1-F-O-56-PL       16541


    Jordanne Panton         F-R    58.4     60     38     14    62.5     72.5      -85      72.5     47.5      50       55        55      127.5   102.5    112.5    137.5     137.5      265      301.729       371.127      1       1-F-R-60-PL
     Erin Walterman         F-R    66.7    67.5    56     25    112.5    122.5    127.5     127.5    62.5       0        0       62.5     190     137.5     150     162.5     162.5     352.5     362.863           0.000    1      1-F-R-67.5-PL      14448
      Courtney Mikl         F-R    62.1    67.5    33     25     65      77.5     87.5      87.5     -42.5     45       55        55      142.5    100      110     117.5     117.5      260      282.308           0.000    1      2-F-R-67.5-PL      102269
     Jennifer Flemal        F-R    80.3    82.5     8     29    87.5      100      110       110     42.5      45       50        50      160      140     142.5    157.5     157.5     317.5     289.909           0.000    1      1-F-R-82.5-PL
   Rebecca Abrahams         F-R     81     82.5     2     34    102.5    107.5    -115      107.5    62.5     67.5      70        70      177.5    125      130     137.5     137.5      315      286.272           0.000    1      2-F-R-82.5-PL
     Andrea Shaffer         F-R    87.3     90     48     33     100      115     -125       115      50       55       62.5     62.5     177.5    100      120     142.5     142.5      320      280.160           0.000    1       1-F-R-90-PL
      Sara Rodock           F-R    104.3   90+     43     31     115     122.5    -127.5    122.5     70      77.5     -82.5     77.5     200      110      120      130       130       330      271.623           0.000    1      1-F-R-90+-PL       908453


       Joni Mach            F-M    59.8     60     30     47     120      130     -137.5    130       50       55       57.5     57.5     187.5    110      120     127.5     127.5      315      352.107       380.980      2         1-F-M-PL        15790


   Tristyn Hutchings        F-T    48.8     52     17     16    107.5    -115      115       115     -57.5    57.5     -62.5     57.5     172.5    105      120      125       125      297.5     389.219       439.818      2         1-F-T-PL        908029
   Stephanie Ratunde        F-T    41.2     44     42     15    92.5      100     -112.5     100     42.5     47.5     -52.5     47.5     147.5   -105     112.5    -122.5    112.5      260      381.706       450.413      2         2-F-T-PL        11808
     Lacey Winters          F-T    77.8    82.5    59     16    132.5     140      145       145      60      67.5      -75      67.5     212.5   162.5     175     182.5     182.5      395      367.232       414.972      2         3-F-T-PL        14196
      Nicole Lynch          F-T    74.4     75     28     17     140     147.5    -150      147.5    62.5     67.5      70        70      217.5    145      155      165       165      382.5     365.479       394.717      2         4-F-T-PL        93954
    Autumn Herried          F-T     60      60     12     17     105      115     117.5     117.5    52.5     57.5      60        60      177.5    105      120     137.5     137.5      315      351.193       379.289      2         5-F-T-PL
     Taylor Podboy          F-T    80.4    82.5    41     18    -135      135     137.5     137.5    57.5     62.5      65        65      202.5   162.5     175     177.5     177.5      380      346.750       367.555      2         6-F-T-PL         2037
    Rhiannon Mach           F-T    51.9     52     29     14    102.5    107.5     110       110      40      42.5      -45      42.5     152.5   97.5      105     -110       105      257.5     321.489       395.431      2         7-F-T-PL        907712
       Sam Kroll            F-T    57.1     60     24     15    -122.5   -122.5   -122.5      0       65       70      -72.5      70       0       90       100      105       105        0         0.000           0.000    2                         907699


                                   Bwt     WtCls                                                                                           Sub                                         (1) Best      (2)      (3)      Age-  Pl                        USAPL
Bench Press Results Name    Div
                                   (kg)
                                                   lot#   Age   SQ-1     SQ-2     SQ-3     Best SQ   BP-1     BP-2     BP-3     Best BP           DL-1     DL-2     DL-3     Best DL              Wilks Pts         Wilks   Code   Pl-Div- WtCls-Evt
                                            (kg)                                                                                          Total                                           BP                                                           Number
       Pete Nees            M-B1   98.5     100    36     28                                         197.5    207.5    -215      207.5                                                   207.5    127.052           0.000    2        1-M-B1-BP         4139
     Chris Eastman          M-B1   96.9     100     7     43                                          145      155      165       165                                                     165     101.739       104.893      2        2-M-B1-BP

      Lauren Webb           F-B1   105.9    90+    57     33                                         57.5      60       65        65                                                     65        53.300           0.000    2        1-F-B1-BP
