                                               GPC - WORLD CHAMPIONSHIPS
                                                                          POWERLIFTING
                                                             Calgary - 22 - 27 October 2007 - CANADA

                                                    Body
                                                                     SQUAT               BENCH PRESS                     DEAD LIFT




                                                                                                                                                                Rechel
                                                                                                                                                       Reshel
                                                                                                                                              TOTAL
                                    Age    Body




                                                                                                                                                       Points



                                                                                                                                                                Coëf.
                       CTRY
                                                    Weight




                                                                                                                                              END
                                    Cat    Weight
                                                     Cat       1.    2.     3.     4.    1.     2.     3.     4.    1.     2.     3.     4.
women
Toews, Lauren         CAN     F   18-19     64,80   67,5     120,0 135,0 140,0           55,0   60,0   65,0        122,5 130,0 140,0          340,0    573,24    1,686
Sohier, Kelly         BEL     F   junior    64,50   67,5     160,0 160,0 170,0           70,0   75,0   75,0        145,0 145,0 150,0          380,0    645,24    1,698
Michiels, Wendi       BEL     F   OPEN      59,15   60,0     180,0 190,0 200,0          105,0 110,0 115,0 120,0 160,0 170,0 180,0 190,0       475,0    858,80    1,808
Leverett, Ann         USA     F   OPEN      47,95   48,0     120,0 120,0 130,0           75,0   80,0   85,0        135,0 142,5    -           352,5    821,68    2,331
Herbeptin, Natacha    FRA     F   OPEN      55,25   56,0     145,0 150,0 150,0           75,0   82,5   90,0        145,0 150,0 160,0          390,0    753,48    1,932
Hartnett, Shannon     USA     F   OPEN      67,35   67,5     245,0 265,0 272,5          120,0 120,0 120,0          235,0 245,0 251,0          630,0   1035,09    1,643
Baldwin, Sonji        USA     F   OPEN      67,15   67,5     227,5 227,5 250,0          160,0 172,5 172,5          202,5 212,5 215,0          602,5    992,32    1,647
McDougall, Andrea     CAN     F   OPEN      61,20   67,5      75,0   82,0   90,0         47,5   52,5   52,5         75,0   87,5 100,0         234,5    415,07    1,770

Stumpfova, Petra      IRE     F   OPEN      75,70   82,5     230,0 250,0 264,0          125,0 140,0 150,0          180,0 195,0 210,0          622,5    958,03    1,539

Senger, Michelle      CAN     F   40-44     55,20   56,0      95,0   95,0 115,0          52,5   60,0   70,0         97,5 105,0 112,5          267,5    519,49    1,942
Hinds, Terry          CAN     F   40-44     58,00   60,0      60,0   62,5   65,0         40,0   45,0   47,5         60,0   70,0   80,0        192,5    353,82    1,838
Sparango, Monica      USA     F   40-44     66,10   67,5     140,0 150,0 167,5          107,5 120,0 120,0          155,0 170,0 180,0          455,0    757,12    1,664
Packer, Kim           USA     F   45-49     81,90   82,5     192,5 207,5 220,0 227,5 110,0 112,5 115,0 117,5 165,0 182,5 190,0                505,0    747,91    1,481
Nefjodova, Svetlana   LAT     F   50-54     50,00   52,0     100,0 105,0 105,0           55,0   60,0   60,0        125,0 135,0 146,0          295,0    624,81    2,118
Greco, Lora           CAN     F   50-54     55,70   56,0     105,0 130,0 135,0 135,0     60,0   70,0   80,0        125,0 137,5 148,5 153,5    357,5    752,54    2,105
                                              GPC - WORLD CHAMPIONSHIPS
                                                                        POWERLIFTING
                                                            Calgary - 22 - 27 October 2007 - CANADA

                                                   Body
                                                                   SQUAT              BENCH PRESS                    DEAD LIFT




                                                                                                                                                         Rechel
                                                                                                                                                Reshel
                                                                                                                                        TOTAL
                                   Age    Body




                                                                                                                                                Points



                                                                                                                                                         Coëf.
                       CTRY
                                                   Weight




                                                                                                                                        END
                                   Cat    Weight
                                                    Cat       1.   2.     3.    4.    1.     2.    3.     4.    1.     2.    3.    4.
Men
Conant, Brad          USA     M   18-19    74,65   75,0     235,0 250,0 250,0         95,0 155,5 155,5         167,5 185,0 192,5        515,0   578,86    1,124
McNamara, Gerry       IRE     M   OPEN     67,35   67,5     320,0 335,0 342,5        160,0 167,5 175,0         240,0 250,0 250,0        760,0   943,92    1,242
Lang, Todd            CAN     M   OPEN     65,35   67,5     132,5 132,5 132,5         67,5   92,5 102,5        132,5 150,0 160,0        OUT
Dowdell, Ronald       USA     M   OPEN     74,30   75,0     200,0 220,0 220,0        130,0 145,0 147,5         185,0 205,0 217,5        547,5   617,58    1,128
Greenbaum, Ben        CAN     M   OPEN     73,45   75,0     140,0 145,0 170,0         65,0   75,0 100,0        140,0 165,0 170,0        385,0   440,06    1,143
Hansjurg, Kalin       CH      M   OPEN     82,50   82,5     240,0 255,0 270,0        140,0 150,0 155,0         260,0 282,5 307,5        732,5   753,74    1,029
Phillips, Matt        CAN     M   OPEN     80,80   82,5     287,5 287,5 310,0        165,0 187,5 200,0         242,5 255,0 270,0        730,0   763,58    1,046
Brooks, Adam          GB      M   OPEN     82,50   82,5     287,5 287,5 287,5        167,5 172,5 177,5         250,0 267,5 275,0        727,5   748,60    1,029
Sparango, Leon        USA     M   OPEN     80,05   82,5     215,0 235,0 250,0        155,0 170,0 175,0         200,0 217,5 237,5        627,5   661,39    1,054
Overbay, Jeremy       USA     M   OPEN     89,50   90,0     217,5 230,0 237,5        152,5 160,0 167,5         210,0 217,5 217,5        615,0   597,78    0,972
Moore, Robert         USA     M   OPEN     89,35   90,0     322,5 322,5 322,5        230,0 250,0 260,0         230,0 255,0 272,5        OUT
Kratochvil, Jaromir   CZR     M   OPEN     98,60 100,0      320,0 340,0 350,0        190,0 200,0 210,0         250,0 265,0   -          805,0   741,41    0,921
Weiss, Frank          FRA     M   OPEN     98,50 100,0      270,0 285,0 290,0        180,0 180,0 190,0         260,0 275,0 285,0        740,0   681,54    0,921
Ville, Rautio         FIN     M   OPEN     98,90 100,0      310,0 310,0 310,0                                                           OUT
Hook, Larry           USA     M   OPEN     99,40 100,0      385,0 385,0 385,0                                                           OUT
Kosnar, Martin        CHZ     M   OPEN    109,55 110,0      370,0 385,0   -          250,0 265,0 270,0         280,0 300,0 320,0        975,0   863,85    0,886
Middleton, Steven     GB      M   OPEN    108,15 110,0      340,0 360,0 380,0        215,0 230,0 240,0         280,0 300,0 325,0        925,0   823,25    0,890
Vauls, Kyle           GB      M   OPEN    102,95 110,0      320,0 340,0 355,0        220,0 235,0 235,0         270,0 285,0 295,0        870,0   787,35    0,905
Zimmerman, Jeremy     CAN     M   OPEN    103,90 110,0      275,0 305,0 315,0        255,0 275,0 277,5         280,0 310,0 310,0        870,0   784,74    0,902
Merrill, Mike         CAN     M   OPEN    107,50 110,0      272,5 280,0 327,5        150,0 185,0 195,0         265,0 277,5 277,5        787,5   701,66    0,891
Simek, Bohuslav       CHZ     M   OPEN    100,75 110,0      200,0 220,0 240,0        150,0 190,0 202,5         190,0 220,0 240,0        650,0   592,80    0,912
Kousa, Antti          FIN     M   OPEN    107,80 110,0      350,0 350,0 350,0                                                           OUT
Ville, Rautio         FIN     M   OPEN    102,70 110,0      300,0 310,0 310,0                                                           OUT
                                            GPC - WORLD CHAMPIONSHIPS
                                                                      POWERLIFTING
                                                          Calgary - 22 - 27 October 2007 - CANADA

                                                 Body
                                                                 SQUAT              BENCH PRESS                     DEAD LIFT




                                                                                                                                                          Rechel
                                                                                                                                                 Reshel
                                                                                                                                         TOTAL
                                 Age    Body




                                                                                                                                                 Points



                                                                                                                                                          Coëf.
                     CTRY
                                                 Weight




                                                                                                                                         END
                                 Cat    Weight
                                                  Cat       1.   2.     3.    4.    1.     2.     3.     4.    1.     2.   3.     4.
Men
Schrott, Michael    GER     M   OPEN    118,50 125,0      410,0 410,0 410,0        170,0 245,0 255,0          300,0 312,5 320,0          985,0   853,01    0,866
Ihalainen, Jani     FIN     M   OPEN    119,25 125,0       85,0 135,0   -          255,0 280,0 280,0          155,0 175,0 205,0          620,0   536,30    0,865
Leavins, Corey      CAN     M   OPEN    112,20 125,0      230,0 250,0 250,0        117,5 250,0 250,0          200,0 217,5 235,0          585,0   514,22    0,879
Bailey, Charles     USA     M   OPEN    123,55 125,0      455,0 455,0 462,5                                                             OUT
Stutes, Craig       USA     M   OPEN    133,30 140,0      410,0 410,0 477,5        300,0 320,0 320,0          285,0 300,0 310,0         1030,0   873,44    0,848
Piattelli, Mario    CAN     M   OPEN    135,35 140,0      350,0 372,5 385,0        262,5 320,0 320,0          275,0 300,0 350,0          992,5   839,66    0,846
Crets, Philippe     BEL     M   OPEN    138,95 140,0      350,0 370,0 370,0        235,0 240,0 265,0          325,0 350,0 360,0          950,0   799,90    0,842
De Vadder, Gunnar   BEL     M   OPEN    140,05 +140       320,0 320,0 330,0        215,0 220,0 220,0          240,0 250,0 260,0          805,0   676,20    0,840
Triangle, Rudy      BEL     M   40-44    66,10   67,5     130,0 140,0 150,0         80,0   87,5   92,5        130,0 140,0 150,0          382,5   485,01    1,268
Graham, Vince       CAN     M   40-44    81,00   82,5     260,0 282,5 282,5        137,5 155,0    -           230,0 245,0 255,0          675,0   704,70    1,044
Johnston, Brian     CAN     M   40-44    89,30   90,0     300,0 335,0 335,0 382,5 145,0 165,0 175,0           232,5 277,5 320,0          777,5   757,29    0,974
Fisher, Andy        CAN     M   40-44    88,80   90,0     227,5 227,5 250,0        140,0 157,5 157,5          250,0 272,5 272,5          617,5   603,92    0,978
Vrba, Jan           CHZ     M   40-44    92,25 100,0      220,0 270,0 300,0        130,0 170,0    -           170,0 200,0 220,0          640,0   609,28    0,952
Boulton, Gary       GB      M   40-44   121,80 125,0      310,0 340,0 355,0        120,0 135,0 155,0          265,0 280,0 287,5          770,0   662,97    0,861
Tilson, Rocky       USA     M   40-44   118,15 125,0      292,5 312,5 312,5        182,5 197,5 197,5          230,0 250,0 265,0          755,0   654,59    0,867
Dunn, JJ            IRE     M   45-49    81,80   82,5     220,0 240,0 160,0        155,0 162,5 168,5          240,0 265,0 281,0          672,5   696,71    1,036
Toews, Phil         CAN     M   45-49    80,70   82,5     142,5 142,5 182,5         82,5   95,0 100,0         157,5 182,5 185,0         OUT
Caplan, Marc        USA     M   45-49    88,15   90,0     310,0 310,0 342,5        185,0 215,0 230,0          230,0 255,0 272,5          795,0   781,49    0,983
Overbay, Danny      USA     M   45-49    89,40   90,0     217,5 227,5 227,5        132,5 137,5 137,5          200,0 215,0 220,0          575,0   560,05    0,974
Graham, Sam         GB      M   45-49    98,05 100,0      280,0 310,0   -          180,0 190,0 190,0          220,0 260,0 280,0          780,0   719,94    0,923
Slyk, James         CAN     M   45-49    93,90 100,0      107,5 110,0   -           75,0   80,0 107,5         130,0   -     -            317,5   299,72    0,944
Marshall, Lee       GB      M   45-49   115,90 125,0      340,0 370,0 385,0 400,0 190,0 200,0 205,0           300,0 330,0 350,0 370,0    935,0   814,39    0,871
Damminga, Greg      USA     M   45-49   128,30 140,0      355,0 355,0 367,5        155,0 212,5 220,0          300,0 320,0 327,5          915,0   781,41    0,854
                                             GPC - WORLD CHAMPIONSHIPS
                                                                        POWERLIFTING
                                                           Calgary - 22 - 27 October 2007 - CANADA

                                                  Body
                                                                   SQUAT             BENCH PRESS                    DEAD LIFT




                                                                                                                                                        Rechel
                                                                                                                                               Reshel
                                                                                                                                       TOTAL
                                  Age    Body




                                                                                                                                               Points



                                                                                                                                                        Coëf.
                      CTRY
                                                  Weight




                                                                                                                                       END
                                  Cat    Weight
                                                   Cat       1.    2.    3.    4.    1.     2.     3.   4.     1.     2.    3.    4.
Men
Brown, Gary          USA     M   50-54    74,15   75,0     182,5 185,0 185,0        125,0 142,5 145,0         160,0 182,5 185,0        512,5   580,15    1,132
Bowman, Thomas       USA     M   50-54   109,40 110,0      305,0 322,5 337,5        192,5 195,0 220,0         280,0 292,5 292,5        797,5   707,38    0,887
Bobrovitz, Gary      CAN     M   55-59    65,35   67,5     165,0 182,5 182,5 185,0 120,0 127,5 132,5 135,0 150,0 180,0 185,0 200,5     495,0   635,58    1,284
Lovelace, Robert     USA     M   55-59    79,50   82,5     197,5 210,0 210,0        135,0 145,0 150,0         190,0 210,0 215,0        575,0   609,50    1,060
Dunn, Louis          CAN     M   55-59    99,40 100,0      260,0 260,0 275,0        100,0 140,0 145,0         250,0 280,0 300,0        720,0   660,96    0,918
Pereira, Birchmans   CAN     M   60-64    81,85   82,5     217,5 222,5 228,0         42,5   47,5   -          230,0 235,0 240,0        510,0   528,36    1,036
Meek, Brian          USA     M   60-64   123,15 125,0      312,5   -     -          215,0 237,5    -          227,5 255,0   -          805,0   692,30    0,860
Hogg, Konrad         AUS     M   65-69    74,10   75,0      60,0   -     -          140,0 150,5 160,0 165,0    80,0   -     -          300,0   339,60    1,132

Martin, Dan          USA     M   65-69    81,70   82,5     222,5 230,5 230,5 237,5 107,5 112,5 132,5          200,0 207,5 220,0        550,0   571,45    1,039
                                              GPC - WORLD CHAMPIONSHIPS
                                                                         POWERLIFTING
                                                            Calgary - 22 - 27 October 2007 - CANADA

                                                   Body
                                                                    SQUAT              BENCH PRESS                     DEAD LIFT




                                                                                                                                                             Rechel
                                                                                                                                                    Reshel
                                                                                                                                            TOTAL
                                   Age    Body




                                                                                                                                                    Points



                                                                                                                                                             Coëf.
                       CTRY
                                                   Weight




                                                                                                                                            END
                                   Cat    Weight
                                                    Cat       1.    2.     3.     4.   1.     2.     3.     4.    1.     2.     3.     4.
Special Olympics
Cooke, Heather        CAN     F   OPEN     77,00   82,5      35,0   40,0   45,0        37,5   40,0   42,5         50,0   55,0   60,0        147,5   224,79    1,524
McDonald, Linda       CAN     F   OPEN     76,75   82,5      32,5   35,0   40,0        27,5   27,5   30,0         55,0   60,0   67,5        132,5   202,20    1,526
Sullivan, Christine   CAN     F   40-44    86,85   90,0      55,0   60,0   65,0        47,5   47,5   50,0         77,5   80,0   90,0        205,0   295,20    1,440
Duckett, Matthew      CAN     M   OPEN     52,00   52,0      57,5   65,0   70,0        50,0   60,0   65,0         60,0   65,0   72,5        207,5   195,26    0,941
Piche, Pierre         CAN     M   OPEN     54,60   56,0      30,0   35,0   42,5        45,0   47,5   52,5         72,5   77,5   82,5        177,5   322,70    1,818
Hurley, Bill          CAN     M   OPEN     59,90   60,0      60,0   70,0   85,0        50,0   62,5   67,5         60,0   72,5   82,5        235,0   391,75    1,667
Hale, Colin           CAN     M   18-19    59,85   60,0      55,0   60,0   65,0        60,0   55,0   60,0         80,0   87,5   95,0        220,0   315,04    1,432
Luyendyk, Peter       CAN     M   OPEN     72,70   75,0      75,0   80,0   87,5        60,0   65,0   72,5         82,5 100,0 110,0          270,0   386,64    1,432
Ricardo, George       CAN     M   40-44    81,75   82,5      92,5 100,0 107,5          55,0   60,0   67,5        102,5 112,5 125,0          300,0   272,70    0,909
Smith, Scott          CAN     M   OPEN     94,25 100,0       35,0   37,5   40,0        32,5   35,0   42,5         50,0   55,0   52,5        135,0   155,93    1,155
Gray, Andrew          CAN     M   40-44   101,90 110,0       75,0   82,5   87,5        60,0   65,0   70,0         85,0   92,5 102,5         260,0   230,88    0,888
Harding, Andrew       CAN     M   OPEN    108,75 110,0       60,0   72,5 110,0         60,0   77,5 100,0          85,0 100,0 115,0          325,0   336,70    1,036
Russel, Harold        CAN     M   OPEN    107,25 110,0       85,0   85,0 100,0         65,0   80,0   97,5        110,0 130,0 145,0          327,5   292,13    0,892
