16/07/2016                                                                    Kent & Surrey Championships
                            Bwt     WtCls                                     Best                              Best    Sub                              Best
Name                 Team                   Age      SQ-1   SQ-2     SQ-3             BP-1    BP-2     BP-3                     DL-1    DL-2    DL-3             Total   Wilks        Placing
                            (kg)     (kg)                                      SQ                                BP     Total                             DL

Elizabeth Pipe        SE    55.7     57      U23      70     -75      80       80     37.5     40       -45      40     120     110     120     -127.5   120     240     283.584    1-57-U23-PL

Charlotte Tulloch     SE    56.7     57     Senior    90    -100     -100      90     42.5    -47.5    -47.5    42.5    132.5   100     110      120     120     252.5   294.213    1-57-Sen-PL

Kate Cox              SE    52.1     57      M1       90     95       100     100      45     47.5      50       50     150     110     115     117.5    117.5   267.5   332.984    1-57-M1-PL

Gursharon Shergill    SE    60.7     63      U23      85     90      92.5     92.5     45     47.5      -50     47.5    140     127.5   132.5   -135     132.5   272.5   301.085    1-63-U23-PL

Joanne Annett         SE    62.2     63      M1       80     85       90       90     47.5     50      -52.5     50     140     100     110      115     115     255     276.522    1-63-M1-PL

Kelly Whiting         SE     70      72     Senior    85    92.5     -100     92.5    47.5     50      52.5     52.5    145     100     107.5   117.5    117.5   262.5   261.135    1-72-Sen-PL

Julie Briggs          SE    70.5     72      M2                                0      37.5    42.5     47.5     47.5      0                               0        0      0.000     1-72-M2-BP

Kathryn Trevor        SE    73.8     84      U23     -100    100      105     105     47.5     50      52.5     52.5    157.5   135     145      155     155     312.5   300.125    1-84-U23-PL

Charlie Connor        SE    83.7     84     Senior   -120   -120      120     120      60     62.5      65       65     185     155     165     -170     165     350     312.655    1-84-Sen-PL

Nichole McCulloch     SE    72.8     84     Senior   -110    110      120     120      55      -60      -60      55     175     110     120      125     125     300     290.670    1-84-Sen-PL

Laura Warren          SE     92      84+    Senior   110    -117.5   117.5    117.5    60      65       -70      65     182.5   130     140     -150     140     322.5   276.221   1-84+-Sen-PL

Ralph Atkinson        SE    58.2     59      U18     120     130     142.5    142.5    70      85       95       95     237.5   150     170      180     180     417.5   366.273    1-59-U18-PL

Lucas Sedgwick        SE    65.5     66      U18     97.5   102.5    -105     102.5   62.5     65       -70      65     167.5   115     125     -132.5   125     292.5   231.104    1-66-U18-PL

Andrew Dawes          SE     66      66     Senior   175     185     192.5    192.5   110     117.5    122.5    122.5   315     200     212.5   217.5    217.5   532.5   418.119    1-66-Sen-PL

Jed Casco             SE    65.9     66     Senior   160    172.5    177.5    177.5   92.5    97.5     -102.5   97.5    275     170     180     -185     180     455     357.721    2-66-Sen-PL

Anthony Ramsbottom    SE    70.4     74      U18     140     145     -150     145      85     92.5     -97.5    92.5    237.5   185     -200    -200     185     422.5   315.227    1-74-U18-PL

Harrison Wall         SE    69.9     74      U18     115     120      125     125      75      80       -85      80     205     135     145      150     150     355     266.321    2-74-U18-PL

Luke Wilkinson        SE    67.5     74      U23     165    172.5     180     180     102.5   107.5     110     110     290     190     200      210     210     500     385.500    1-74-U23-PL

Ben Kyriakou          SE    71.6     74     Senior 162.5     170      175     175      95      100      105     105     280     180     195     -205     195     475     349.932    1-74-Sen-PL

Charlie Gregory       SE    81.6     83      U18     120     130      135     135      75     82.5      -90     82.5    217.5   160     167.5   -175     167.5   385     259.644    1-83-U18-PL

Garunesh Maudhoo      SE    80.7     83      U18     120    127.5    -135     127.5   -67.5   67.5      70       70     197.5   155     167.5    175     175     372.5   252.928    2-83-U18-PL

Adam Jones            SE    80.8     83      U23     150     160      165     165     105     -110     -110     105     270     200     205      210     210     480     325.680    1-83-U23-PL

Dan Champion          SE    81.7     83     Senior   175    182.5    -187.5   182.5   120      125     -130     125     307.5   215     225     -240     225     532.5   358.852    1-83-Sen-PL

Lee Gray              SE    82.8     83     Senior   180    -190     -190     180     -120    -120      120     120     300     180     190      205     205     505     337.593    2-83-Sen-PL

Oliver Helm           SE    78.9     83     Senior   175     185     187.5    187.5   100     107.5    -115     107.5   295     190     200     -210     200     495     340.956    3-83-Sen-PL

Luke Taylor           SE    85.1     93      U18     190     205      215     215     120     127.5     135     135     350     205     220      230     230     580     381.582    1-93-U18-PL

Edwin Lord            SE    90.8     93      U18     140     150      160     160     105      115     -125     115     275     210     225      240     240     515     327.334    2-93-U18-PL

Harry Turansky        SE    83.8     93      U18     -100   -100      100     100      -80     80      87.5     87.5    187.5   160     170      180     180     367.5   243.910    3-93-U18-PL

Alastair Woodward     SE     91      93      U23     170     180      190     190     130     137.5    -142.5   137.5   327.5   220     235      245     245     572.5   363.480    1-93-U23-PL

Hendrick Famutimi     SE    91.3     93     Senior   230    242.5    -250     242.5   155     -162.5   162.5    162.5   405     290     -305      0      290     695     440.491    1-93-Sen-PL

Ross McGown           SE    89.7     93     Senior   200    212.5    222.5    222.5   135     -147.5   147.5    147.5   370     235     245     -260     245     615     393.293    2-93-Sen-PL

Mark Thorne           SE     90      93     Senior   200     210      220     220     130     -132.5   -132.5   130     350     240     250      255     255     605     386.232    3-93-Sen-PL

Drew Blackman         SE    91.4     93     Senior   190     205      215     215     130     142.5    -150     142.5   357.5   200     220      230     230     587.5   372.181    4-93-Sen-PL

Joe Van Der Toorn     SE     90      93     Senior   180     195      210     210     110      120     -125     120     330     220     235     -250     235     565     360.696    5-93-Sen-PL

David Cole            SE    91.2     93     Senior   130     140     152.5    152.5   110      120      125     125     277.5   170     185      200     200     477.5   302.830    6-93-Sen-PL

Michael Woodford      SE    92.4     93     Senior   145    157.5    -167.5   157.5    85     92.5      95       95     252.5   150     170      185     185     437.5   275.669    7-93-Sen-PL

Callum James Wood     SE    101.6    105     U18     140     150      155     155     100     -110     -110     100     255     190     200     -205     200     455     275.184   1-105-U18-PL

Edwin Bree-Martin     SE    102.2    105     U23     230    -240      240     240     135     142.5    -147.5   142.5   382.5   -250    250      260     260     642.5   387.749   1-105-U23-PL

Ben Glasscock         SE    102.9    105     U23     170     185      200     200     92.5     100     -105     100     300     200     215     227.5    227.5   527.5   317.502   2-105-U23-PL

George Souter         SE    102.6    105    Senior   200     205      215     215     165     -170.5   -170.5   165     380     240     250      255     255     635     382.651   1-105-Sen-PL

Liam Tye              SE     97      105    Senior   -190    190      200     200     115     -120      120     120     320     200     210      220     220     540     332.802   2-105-Sen-PL

Omar Suleyman         SE    103.3    105    Senior 122.5     130      140     140     82.5    87.5     -92.5    87.5    227.5   150     160     172.5    172.5   400     240.440   3-105-Sen-PL

Justin Jakubait       SE    97.5     105     M1      185     195     -205     195     125     -130      130     130     325     180     190      200     200     525     322.875   1-105-M1-PL

James Gordon          SE    104.1    105     M1      160     170     -175     170     125     132.5    -137.5   132.5   302.5   190     210     -215     210     512.5   307.192   2-105-M1-PL

Steve Blackwell       SE    103      105     M2      210     220              220     150     -155       0      150     370     250     270              270     640     385.088   1-105-M2-PL

Joey Watson           SE    110.7    120     U23     210     220              220     160      165     -170     165     385     260     270     272.5    272.5   657.5   386.216   1-120-U23-PL

Daniel Fletcher       SE    118.8    120     U23     180     190      200     200     125     132.5    -137.5   132.5   332.5   220     235     -250     235     567.5   327.050   2-120-U23-PL

Harry O'Neilly        SE    108.9    120    Senior   200    212.5     220     220     175      185     -190     185     405     245     -260    -260     245     650     383.695   1-120-Sen-PL

Joseph Buckton        SE    106.4    120    Senior   185    202.5     205     205     130     -142.5   -142.5   130     335     185     205     212.5    212.5   547.5   325.653   2-120-Sen-PL

George Fisher         SE    110.4    120    Senior   170     180      190     190     102.5   -110     -110     102.5   292.5   205     215      225     225     517.5   304.187   3-120-Sen-PL

Diddy Cridland        SE    132.9   120+     U23     190     200      205     205     130      135      140     140     345     205                      205     550     309.870   1-120+-U23-PL

Oliver Millen         SE    138.4   120+ Senior      170     180      190     190     130     137.5    142.5    142.5   332.5   215     230      240     240     572.5   320.486   1-120+-Sen-PL
