      02/04/2016                                 North Midlands Four Counties Championship 2016
                                  Bwt     WtCls                                 Best                             Best    Sub                              Best    (1) PL      (2)
Name                      Team                  Age SQ-1       SQ-2    SQ-3             BP-1    BP-2    BP-3                     DL-1    DL-2    DL-3
                                  (kg)     (kg)                                 SQ                                BP     Total                             DL      Total   Wilks Pts

Dianne Hextall             NM     46.8     47    M2     35      40     42.5     42.5    27.5     30     32.5     32.5     75      70     77.5     80       80      155     209.095

Annabel Hunt               NM     50.4     52    Snr    65      70     -72.5     70      35     37.5     -40     37.5    107.5   100     105      110     110     217.5    277.726
Holly Clarke               NM     50.3     52    Snr    55     57.5     60       60     27.5     30     -32.5     30      90      80      85      90       90      180     230.184

Laura Franklin             NM     54.6     57    Snr    75      80      85       85      45     47.5     50       50     135      95     100      105     105      240     288.048
Elizabeth Fish             NM     56.7     57    Snr   77.5     80     -82.5     80      35     37.5     40       40     120     -105    105     -110     105      225     262.170

Sarah Stanhope             NM     61.9     63    Jnr   120     127.5   -130     127.5    55     57.5     60       60     187.5   112.5   122.5   -130     122.5    310     337.404
Michelle Franklin          NM     61.9     63    M2     95     100     102.5    102.5   52.5    57.5     60       60     162.5   127.5   135      140     140     302.5    329.241
Becky Harrison             NM     62.7     63    Snr   87.5    92.5    97.5     97.5     45     47.5     -50     47.5    145     107.5   115      120     120      265     285.644
Holly Cox                  NM     61.9     63    Snr    85      90      -95      90      45     47.5     -50     47.5    137.5   110     115      120     120     257.5    280.263
Diana Clarke               NM     61.7     63    M1     60      65     67.5     67.5     35     37.5     40       40     107.5   100     105      110     110     217.5    237.314
Evie Ireland               NM     59.2     63    Jnr   42.5    47.5    52.5     52.5    27.5     30     32.5     32.5     85     72.5    77.5    82.5     82.5    167.5    188.706

Lucy Glover                NM     70.6     72    Snr   110     115     -121     115      60      65      70       70     185     125     135      140     140      325     321.425
Claire Lilley              NM     67.5     72    Jnr    85      95      105     105      50      55      60       60     165     120     130     145.5    145.5   310.5    316.896
Alexandra Jackson          NM     70.8     72    SJ     90     100      105     105      45      50     -52.5     50     155     125     135.5    146     146      301     297.117
Helen peers                NM      72      72    Snr    85     92.5     100     100      45     47.5     50       50     150      90     100      105     105      255     248.880
Frankie Pagram             NM     70.8     72    Snr    85     92.5    -100     92.5     45     47.5     -50     47.5    140     100     -105      0      100      240     236.904
Joyce Baumber              NM     66.8     72    Snr    50      55      60       60     27.5     30     -32.5     30      90      75      85      -95      85      175     179.953
Nikki Silver               NM     68.7     72    M1     55      60     62.5     62.5    27.5     30     32.5     32.5     95      65      70      75       75      170     171.343

Stacey Reid                NM      83      84    Snr   115     120     122.5    122.5   52.5    57.5     60       60     182.5   132.5   140      145     145     327.5    293.833
Magdalena Augustynowicz    NM     77.1     84    Snr   115     120     -122.5   120      45      50     52.5     52.5    172.5   127.5   135      140     140     312.5    292.094
Laura Clark                NM     83.1     84    Snr   102.5   110     -115     110      50     52.5     55       55     165     122.5   130      135     135      300     268.980
Emma Harris                NM     78.6     84    Snr    85      -95     -95      85     42.5     -45     -45     42.5    127.5   107.5   115      120     120     247.5    228.739
Carla Nicholson            NM     77.1     84    Snr    75      80      85       85     37.5     40     -42.5     40     125     100     107.5   112.5    112.5   237.5    221.991
Julie Rose                 NM     78.1     84    M1     75      80      -85      80      40     42.5     45       45     125      95     100      105     105      230     213.348
Rebecca Worsley            NM     76.8     84    Snr    55      60     62.5     62.5    27.5     30     32.5     32.5     95      90      95      100     100      195     182.696
Eve Johnson                NM     82.4     84    Snr    60      65     67.5     67.5    32.5     35     37.5     37.5    105     72.5    77.5    82.5     82.5    187.5    168.844

Sarah Bouskill             NM     102     84+    Snr   117.5   125      131     131      65      70     72.5     72.5    203.5   155     162.5    168     168     371.5    307.565
Ali Wright                 NM     94.1    84+    Snr   100     105     107.5    107.5    55      60     62.5     62.5    170     142.5   150      155     155      325     276.023
Natasha Johnson            NM      99     84+    Snr   117.5   125     130.5    130.5    50      55     57.5     57.5    188     117.5   125      130     130      318     265.562
Sarah Johnson              NM     101.5   84+    Snr    95     102.5   107.5    107.5   42.5     45     47.5     47.5    155     122.5   130      135     135      290     240.439
Roger Powell               NM      66      66    M4     90     100      105     105      55      60      65       65     170     130     135       0      135      305     239.486

Jack Sellars               NM     72.2     74    Snr   175     185      195     195     110      120    -130     120     315     200     215      225     225      540     395.388
Kyran O'Neil               NM     71.6     74    Jnr   162.5   170      176     176     100     -107.5 107.5     107.5   283.5   155     170      180     180     463.5    341.460
William MacDonald          NM     69.6     74    Snr   140     150     -160     150     100     -110    -110     100     250     170     185     -200     185      435     327.424

David Scott                NM     82.1     83    Snr   195     210     -220     210     130      135    -140     135     345     230     240     -250     240      585     393.061
James Phillips             NM     78.6     83    Snr   172.5   185      200     200     115      120    -125     120     320     230     240     -247.5 247.5      560     391.859
Declan Challoner           NM     82.4     83    Jnr   175     -185     185     185     107.5   112.5 -117.5 112.5       297.5   210     225     232.5    232.5    530     355.312
Ash Holderness             NM     82.9     83    Snr   145     150       0      150      95      100    -107.5   100     250     170     182.5   -190     182.5   432.5    288.910
Mick Cliffe                NM     79.8     83    M3    120     130      140     130      90      95       0       95     235     120     140       0      140      375     249.587
Michael Coupe              NM     82.5     83    Snr    60      70      75       75      65     72.5     -80     72.5    147.5   130     142.5    155     155     302.5    202.645

Kahlon Hodson              NM     89.5     93    Snr   185     192.5    200     200     122.5   127.5   -130     127.5   327.5   190     210     222.5    222.5    550     352.110
Thomas Gee                 NM     86.7     93    Jnr   160     170      180     180     120      130     135     135     315     220     230     -250     230      545     354.849

Orin Hipkin                NM     103.2    105   Snr   180     195      210     210     125      135    142.5    142.5   352.5   230     250     -270     250     602.5    362.283
Darren lloyd               NM     103.8    105   M1    -150    -150     150     150     130      145    -152.5   145     295     180     200      210     210      505     303.000

Chris Farrow               NM     115.4    120   Snr   215     227.5    235     235     142.5   147.5   152.5    152.5   387.5   250     270     -282.5   270     657.5    381.679
Nathan Turner              NM     115.4    120   Snr   210     222.5    230     230     150      160     165     165     395     220     230      240     240      635     368.618
Callum Sidebottom          NM     110.8    120   Jnr   180     190      200     200     -110    -110     110     110     310     180     200     -210     200      510     299.472
Ian Ryan                   NM     118.2    120   M1    175     -190     190     190     125      135    -145     135     325     175     185     -200     185      510     294.270
Grant Peck                 NM     119.1    120   Snr   150     155     -160     155     100     107.5   -110     107.5   262.5   170     185     -190     185     447.5    257.715

Aaron Thompson             NM     146.2   120+   Snr   280     300      305     305     170      175    -180     175     480     290     -300    -300     290      770     427.581
James Brincat-Smith        NM     175.8   120+   M1    220     230      240     240     120     127.5   -130     127.5   367.5   240     255     -270     255     622.5    336.274

Ruta Lendraitene          Guest    70      72    Snr   120     127.5    135     135     82.5    87.5     -90     87.5    222.5   140     150      160     160     382.5    380.511
Devon Blackwood           Guest    92      93    Snr   240     250      260     250     155     162.5   -170     162.5   422.5   250     270     -277.5   270     692.5    437.310
Alex Purden               Guest   90.2     93    Snr   170     182.5   -185     182.5   105     112.5   -115     112.5   295     205     220     -227.5   220      515     328.416
Shaun Hayes (EQ)          Guest   82.9     83    M1    220      0        0      220     175       0       0      175     395     220      0        0      220      615     410.820
