Location: Greater Philadelphia Expo Center                                                                                                                                                         Date: December 7 , 2013




                                                  12th Annual USAPL American Open Championships
Powerlifting Results       Team      Div     Bwt WtCls Wilk Ag SQ-1 SQ-2 SQ-3 Best BP-1 BP-2 BP-3 Best Sub DL-1 DL-2 DL-3                                     Best    (1) PL     (2)     Pl-Div- WtCls-Evt
Sarah Cruz-Ortiz            PA      F-Col     47  48   1.35 19 87.5 92.5  95   95   50  52.5  55   55  150 102.5 110 120                                      120      270     364.797     1-F-Col-48-PL

Karen Poyner                 VA     FR-M2    48    48   1.33 57    72.5    80    -85      80      50     55    -57.5   55     135     110     115     -118    115      250     333.15     1-FR-M2-48-PL

Joanna Welsh                 NY     FR-O     47    48   1.34 41 75         85     90      90     52.5    57.5 -60 57.5 147.5 112.5 125                130     130     277.5    370.934    1-FR-O-48-PL
Leah DeCesare                NY     FR-O     47    48   1.35 24 -72.5     72.5   87.5    87.5     50    -52.5 -52.5 50 137.5 75    82.5               87.5    87.5     225     303.997    2-FR-O-48-PL

Miranda Chambers             PA     FR-Y1    51    52   1.27 13    85     97.5   -103    97.5    -55     55    -60     55     152.5   105     112.5   125     125     277.5    351.149    1-FR-Y1-52-PL

Kate Cohen                   NJ     FR-Col   50    52   1.28 21 -97.5     97.5   -108    97.5    -62.5 -62.5 -62.5      0      0      -133 137.5 142.5 142.5            0        0

Kate Cohen                   NJ      FR-J    50    52   1.28 21 -97.5     97.5   -108    97.5    -62.5 -62.5 -62.5      0      0      -133 137.5 142.5 142.5            0        0

Tammy Cutrona                NJ     F-M1     52    52   0.99 47    -110   -110   110     110     -70    -70     70     70     180     115     122.5 -133      122.5   302.5    299.263     1-F-M1-56-PL

Christina Velez              NV     FR-O     52    52   1.25 39    55      65    -75      65     32.5   37.5   -42.5 37.5 102.5 72.5          82.5    92.5    92.5     195     244.549    1-FR-O-52-PL

Tammy Cutrona                NJ      F-O     52    52   1.25 47    -110   -110   110     110     -70    -70     70    70   180  115 122.5 -133                122.5   302.5    379.365     1-F-O-52-PL
Christina Velez              NV      F-O     52    52   1.25 39     55     65    -75      65     32.5   37.5   -42.5 37.5 102.5 72.5 82.5 92.5                92.5     195     244.549     2-F-O-52-PL

Alexsey Bennington           PA     FR-T1    54    56   1.21 15    67.5   72.5   -82.5   72.5     45    -50    -50     45     117.5 97.5 102.5 -110           102.5    220     267.102    1-FR-T1-56-PL

Emily Hutcheson              VA      F-T2    56    56   1.18 16    35     57.5    65      65      35    -40    -40     35     100     87.5    97.5    -113    97.5    197.5    234.018     1-F-T2-56-PL

Kristi Polizzano             PA     FR-Col   55    56   1.19 21    105    112.5 -120 112.5 62.5          65    -67.5   65     177.5   115     127.5 -138      127.5    305     362.95     1-FR-Col-56-PL

Melissa Forbis              NY      FR-M1    56    56   1.18   47 70      75     77.5    77.5      40   42.5 -45 42.5 120             87.5  90   97.5 97.5            217.5    257.346    1-FR-M1-56-PL
Arlene Cardi                PA      FR-M1    56    56   1.18   49 -57.5 -57.5    57.5    57.5     37.5   40 -42.5 40 97.5              85   95    100   100           197.5    233.682    2-FR-M1-56-PL
Heather Rockhill            MD      FR-M1    54    56   1.21   40 60     -70      70      70      -45   -50   -50  0   0               80   90    100   100             0         0
Jenny Campano               NJ      FR-M1    55    56   1.2    41 -97.5 -97.5    97.5    97.5    -57.5 -57.5 -57.5 0   0              -118 117.5 127.5 127.5            0         0

Karen Blessington           MA      F-M2     55    56   1.19 53    -85     85    -95      85      60     65    -70     65     150     120     130     132.5 132.5     282.5    337.107     1-F-M2-56-PL

Alyssa Haveson               PA     FR-O     55    56   1.19   25 102.5 110 112.5        112.5   -62.5 62.5 -65 62.5 175 142.5 -160                   -160    142.5   317.5    378.333    1-FR-O-56-PL
Kristi Polizzano             PA     FR-O     55    56   1.19   21 105 112.5 -120         112.5    62.5   65 -67.5 65 177.5 115 127.5                  -138    127.5    305     362.95     2-FR-O-56-PL
Michelle McCabe              NJ     FR-O     55    56   1.19   29 90      95   97.5      97.5      60   -65   -65   60 157.5 102.5 107.5              -110    107.5    265     316.225    3-FR-O-56-PL
Stefani Polifrone            NJ     FR-O     54    56   1.21   23 75     82.5 -85        82.5     42.5 -47.5 47.5 47.5 130     120 127.5              -130    127.5   257.5    310.828    4-FR-O-56-PL
Theresa Rasmussen            NJ     FR-O     55    56   1.2    32 77.5    85   -90        85      52.5 57.5 -62.5 57.5 142.5 105 -115                  115     115    257.5    308.15     5-FR-O-56-PL
Lauren Harrison              NJ     FR-O     55    56   1.19   28 70      75 -77.5        75       50   52.5 -57.5 52.5 127.5 110 117.5               -120    117.5    245     291.55     6-FR-O-56-PL
Betsey Sayre                 PA     FR-O     56    56   1.18   27 67.5    75    85        85      32.5 37.5 -42.5 37.5 122.5 75     90                 100     100    222.5    261.793    7-FR-O-56-PL
Ashley Napolitano            NJ     FR-O     55    56   1.19   28 60     62.5 -67.5      62.5     42.5 47.5 -50 47.5 110 102.5 107.5                  -110    107.5   217.5    259.543    8-FR-O-56-PL
Jenny Campano                NJ     FR-O     55    56   1.2    41 -97.5 -97.5 97.5       97.5    -57.5 -57.5 -57.5 0      0   -118 117.5              127.5   127.5     0         0

Kelly Cooly-Hennigan         PA     FR-T1    60    60   1.11 15 77.5 82.5         90      90     52.5    55     56      56    146     87.5   95    110         110     256     285.414    1-FR-T1-60-PL
Madison Hendricks            PA     FR-T1    58    60   1.14 0 -72.5 -72.5                 0     37.5   -40    -40     37.5    0      132.5 137.5 -148        137.5     0         0

Amanda Cruz-Ortiz            PA     FR-Col   59    60   1.13   22 70     72.5 77.5       77.5     50    -52.5 52.5 52.5 130    125   130 132.5 132.5                  262.5    296.888    1-FR-Col-60-PL
Jeanette Cohen               PA     FR-Col   60    60   1.12   20 87.5    95  97.5       97.5     50     52.5 -57.5 52.5 150    95 102.5 110    110                    260     290.628    2-FR-Col-60-PL
Chelsea Gant                 PA     FR-Col   60    60   1.12   20 -82.5 -82.5 82.5       82.5    47.5    -50    50   50 132.5 112.5 117.5 125   125                   257.5    287.447    3-FR-Col-60-PL
Nina Melito                  PA     FR-Col   59    60   1.13   23 75     82.5 -90        82.5     45     47.5   50   50 132.5 112.5 -133 -133 112.5                    245     276.728    4-FR-Col-60-PL
Renee Frohnert               PA     FR-Col   58    60   1.14   20 72.5 77.5 -82.5        77.5     55     -61   -61   55 132.5 87.5 100    110   110                   242.5    276.11     5-FR-Col-60-PL

Renee Frohnert               PA      FR-J    58    60   1.14 20    72.5   77.5   -82.5   77.5     55    -61    -61     55     132.5 87.5      100     110     110     242.5    276.11      1-FR-J-60-PL

Janel Brown                  PA     FR-M1    60    60   1.11 40 107.5     115    120     120      55     60     0      60     180     142.5   153     -160    153      333     371.262    1-FR-M1-60-PL
Location: Greater Philadelphia Expo Center                                                                                                                                                    Date: December 7 , 2013




Judy Drenth                 MN      FR-M2    59   60     1.14 55    -85    85    92.5    92.5   57.5   62.5    -65     62.5   155   120     130     135    135     290     329.295   1-FR-M2-60-PL

Helen "Kathie" White         NJ     FR-M3    60   60     1.12 68    80    -82.5 -82.5    80     55     57.5    -60     57.5 137.5 107.5     115     120    120     257.5   288.58    1-FR-M3-60-PL

Janel Brown                 PA      FR-O     60   60     1.11   40 107.5 115      120    120     55     60        0   60  180 142.5 153             -160   153      333    371.262    1-FR-O-60-PL
Lindsey Pogson              PA      FR-O     59   60     1.13   24 100   110      115    115     50     55      -60   55  170 112.5 120             127.5 127.5    297.5   336.473    2-FR-O-60-PL
Karen Backentose            PA      FR-O     58   60     1.15   37 85    92.5     97.5   97.5    55    57.5       0  57.5 155  100   110             115   115      270    311.175    3-FR-O-60-PL
Roxanne L. Kirstner         PA      FR-O     59   60     1.14   37 82.5   90      92.5   92.5    55     60     -62.5 60 152.5 100    110            117.5 117.5     270    307.017    4-FR-O-60-PL
Kori Harris                 NY      FR-O     60   60     1.11   37 -75    75     -87.5    75    47.5   52.5      55   55  130  115 122.5             130   130      260    289.874    5-FR-O-60-PL
Rebecca McPeak              MD      FR-O     59   60     1.13   34 -55 62.5        70     70    47.5   52.5      55   55  125 82.5 92.5             97.5 97.5      222.5   251.314    6-FR-O-60-PL
Julia Famiglietti           NJ      FR-O     58   60     1.15   26 90    100      105    105    -60    -60      -60    0   0  137.5 147.5            155   155       0        0

Caitlyn Gant                 PA     FR-T1    67   67.5   1.02 15    100   105    107.5 107.5    50     -52.5   -55     50     157.5 127.5   140     142.5 142.5    300      307.5    1-FR-T1-67.5-PL

Emily Chang                  NJ     FR-T3    63   67.5   1.08 19   82.5   92.5   97.5    97.5   32.5   37.5    -42.5 37.5     135   82.5    92.5    97.5   97.5    232.5   250.286   1-FR-T3-67.5-PL

Haley Kavelak                DE     FR-Col   67   67.5   1.02   23 110 127.5 135    135 62.5           67.5      70   70  205  155 172.5 -183 172.5                377.5   386.522   1-FR-Col-67.5-PL
Eliraz Katz                  PA     FR-Col   67   67.5   1.03   24 112.5 -120 -120 112.5 60            62.5    -67.5 62.5 175  140 147.5 152.5 152.5               327.5   336.048   2-FR-Col-67.5-PL
Brionna Paltan               NJ     FR-Col   63   67.5   1.07   18 82.5   85  87.5 87.5 57.5            60     -62.5 60 147.5 97.5 102.5 107.5 107.5                255    272.875   3-FR-Col-67.5-PL
Amanda Herrmann              PA     FR-Col   66   67.5   1.04   20 37.5 42.5 47.5 47.5   -30            30      32.5 32.5 80   47.5 52.5 62.5 62.5                 142.5   147.986   4-FR-Col-67.5-PL
Brionna Paltan               NJ     FR-Col   63   67.5   1.07   18 82.5              0   57.5                          0   0  -97.5              0                   0        0

Christina Pollick            PA     F-Col    64   67.5   1.06 20    145   155    -163    155    77.5   82.5    87.5 87.5 242.5      130     140     147.5 147.5    390     414.882   1-F-Col-67.5-PL

Haley Kavelak               DE       FR-J    67   67.5   1.02 0    110 127.5 135         135    62.5   67.5      70   70      205   155     172.5 -183 172.5       377.5   386.522    1-FR-J-67.5-PL
Alice Zheng                 NJ       FR-J    67   67.5   1.03 21   125 -135 135          135     60     65      -70   65      200   145      155 -170   155         355    364.266    2-FR-J-67.5-PL
Melanie Merryman            MD       FR-J    60   67.5   1.11 22   67.5 72.5 -77.5       72.5   52.5   -55     -57.5 52.5     125   110      115 117.5 117.5       242.5   268.981    2-FR-J-67.5-PL

Victoria Tasher              PA     FR-M1    67   67.5   1.02 40 120 -130         135    120    60     -65      65    65   185      140     145     -153   145     330     337.161   1-FR-M1-67.5-PL
Debbie Nahas                 PA     FR-M1    66   67.5   1.04 45 102.5 110       -118    110    50     52.5    -57.5 52.5 162.5     115     125     127.5 127.5    290     301.513   2-FR-M1-67.5-PL

Joanne Craig                 PA     FR-M2    62   67.5   1.08 52 102.5 112.5 117.5 117.5 52.5          -57.5 -57.5 52.5       170   112.5 117.5 122.5 122.5        292.5   317.187   1-FR-M2-67.5-PL
Lynne Renshaw                PA     FR-M2    66   67.5   1.04 56 45      0     0    45   67.5           75 -77.5 75           120   62.5    0     0   62.5         182.5   188.906   2-FR-M2-67.5-PL

Ann-Marie Kemmerer           PA     FR-M3    63   67.5   1.08 60    -80    80    82.5    82.5   57.5   -60     -60     57.5   140   120     127.5    0     127.5   267.5   287.964   1-FR-M3-67.5-PL

Jeanne Layman                NJ     FR-O     68   67.5   1.02   24 122.5 132.5 137.5 137.5 75            80    -82.5 80 217.5 167.5 177.5 -185 177.5                395    403.137   1-FR-O-67.5-PL
Haley Kavelak                DE     FR-O     67   67.5   1.02   23 110 127.5 135      135 62.5          67.5     70   70  205  155 172.5 -183 172.5                377.5   386.522   2-FR-O-67.5-PL
Ariana Reif                  NJ     FR-O     66   67.5   1.04   27 100    105   110   110   75           80    -82.5 80   190 102.5 112.5 120    120                310    323.392   3-FR-O-67.5-PL
Davina Cohen                 NY     FR-O     61   67.5   1.1    33 92.5 97.5 -100 97.5 72.5             -75     -75 72.5 170 117.5 122.5 127.5 127.5               297.5   326.655   4-FR-O-67.5-PL
Joanne Craig                 PA     FR-O     62   67.5   1.08   52 102.5 112.5 117.5 117.5 52.5        -57.5   -57.5 52.5 170 112.5 117.5 122.5 122.5              292.5   317.187   5-FR-O-67.5-PL
Jessica Swanson              NJ     FR-O     62   67.5   1.08   28 -80 -82.5 82.5 82.5 47.5             52.5   -57.5 52.5 135 117.5 127.5 -138 127.5               262.5   284.655   6-FR-O-67.5-PL
Lynne Renshaw                PA     FR-O     66   67.5   1.04   56 45      0     0     45  67.5          75    -77.5 75   120 62.5    0     0   62.5               182.5   188.906   7-FR-O-67.5-PL

Heather Crocker             MA       F-O     64   67.5   1.06 24    170   -183 182.5 182.5 92.5        100     105     105 287.5 172.5 182.5        190    190     477.5   506.771    1-F-O-67.5-PL

Mary Coombs                 MD      FR-PF    67   67.5   1.03 29   -105   -105   105     105    60      65      70     70     175   127.5 137.5      0     137.5   312.5   321.687   1-FR-PF-67.5-PL

Treanna Hackney              PA     FR-T1    68   75     1.01 15    -70   -70     70     70     35      40     -42.5   40     110   100     105     110    110     220     222.882    1-FR-T1-75-PL

Logan Himich                 PA     FR-Col   73   75     0.97 20    100   105    112.5 112.5 52.5      -57.5 -57.5 52.5       165   137.5   145     150    150     315     304.132   1-FR-Col-75-PL

Mary Ann Wieckowski          PA     FR-M1    74   75     0.96 49   92.5   97.5   -110    97.5    75    -80     -80      75 172.5 115        125     -130   125     297.5   285.213   1-FR-M1-75-PL
Beth Zellen                  NY     FR-M1    73   75     0.97 40    80    -85     85      85    57.5   62.5    -65     62.5 147.5 122.5     130     132.5 132.5     280    271.544   2-FR-M1-75-PL

Karen Carey                  PA     F-M1     74   75     0.96 44    60    -75    -75     60     42.5   -47.5   -50     42.5 102.5    70     77.5    -90    77.5    180     172.728    1-F-M1-75-PL
Location: Greater Philadelphia Expo Center                                                                                                                                                      Date: December 7 , 2013



Sara Ann Cichorek            NY     FR-O     73    75     0.97   23   135  145 -153 145      70 -72.5      0   70   215 167.5 175 -180     175                        390    376.857    1-FR-O-75-PL
Kristen Richardson           NJ     FR-O     74    75     0.96   22    95 102.5 110    110   60 -67.5 -67.5 60      170 127.5 132.5 137.5 137.5                      307.5   295.323    2-FR-O-75-PL
Anne Hayward                 PA     FR-O     74    75     0.96   28   100 107.5 112.5 112.5 45     47.5   50   50 162.5 107.5 115 122.5 122.5                         285    272.773    3-FR-O-75-PL
Brandi Eberly                PA     FR-O     71    75     0.99   37   72.5  80   -85    80   45     50   52.5 52.5 132.5 100   110   115   115                       247.5   243.837    4-FR-O-75-PL
Alyssa Alveraz               NJ     FR-O     69    75     1.01   23    80  -85    85    85  -57.5 -57.5 -57.5 0      0    75  92.5 115     115                         0        0

Karen Nace                   PA     FR-M1    79    82.5   0.92 44     82.5    87.5   92.5   92.5    60    67.5   -70     67.5   160     105   112.5   120    120     280     257.46    1-FR-M1-82.5-PL

Debbie Zeigler               PA     FR-O     80    82.5   0.91   28 152.5 -160 160          160     77.5 -82.5 -82.5 77.5 237.5 142.5 152.5 -160 152.5                390    356.616   1-FR-O-82.5-PL
Jamie Hardy                  NY     FR-O     77    82.5   0.94   34 100 107.5 110           110    -52.5 52.5 -55 52.5 162.5 130       135   140  140                302.5   284.078   2-FR-O-82.5-PL
Debbie Morris                PA     FR-O     78    82.5   0.93   41 60    67.5 72.5         72.5     50    55   -60   55 127.5 102.5 110 117.5 117.5                  245    226.943   3-FR-O-82.5-PL
Stephanie Tracy              NY     FR-O     79    82.5   0.92   34 75     80  -85           80      45   52.5 -55 52.5 132.5 97.5 105 112.5 112.5                    245    225.131   4-FR-O-82.5-PL
Cara Gibson                  NJ     FR-O     81    82.5   0.91   24 65     70  72.5         72.5     35   -40   -40   35 107.5 107.5 112.5 125    125                232.5   211.435   5-FR-O-82.5-PL
Debbie Zeigler               PA     FR-O     80    82.5   0.91   28 152.5                     0     77.5               0    0   -143               0                   0        0

Chloe Gant                   PA     FR-Y1    83    90     0.9    13   97.5    -103   -103   97.5    45    50     52.5 52.5      150     100   117.5 127.5 127.5      277.5   249.112    1-FR-Y1-90-PL

Sequora Johnston             PA     FR-HS    85    90     0.89 15 102.5       110    -120   110     60    -65     65     65     175     127.5 -143    -143   127.5   302.5   268.953    1-FR-HS-90-PL

Sequora Johnston             PA     FR-T1    85    90     0.89 15 102.5       110    -120   110     60    -65     65     65     175     127.5 -143    -143   127.5   302.5   268.953    1-FR-T1-90-PL

Lindsay Blystone             PA     FR-Col   88    90     0.87 22 112.5 117.5        120    120     50    52.5    55     55     175     117.5 122.5   130    130     305     265.838    1-FR-Col-90-PL

Sherry Weaver                PA     FR-M1    110   90+    0.81 49      65     72.5    75    75     62.5   70     -72.5   70     145     92.5 102.5    105    105     250     203.425   1-FR-M1-90+-PL

Courtney Lynch              PA      FR-O     114   90+    0.81   27 140   150   160  160 67.5              72.5  75   75  235   150  160              170    170      405    326.835    1-FR-O-90+-PL
Amanda Koslow               MD      FR-O      92   90+    0.86   27 112.5 120 127.5 127.5 82.5            -87.5 87.5 87.5 215 127.5 135               145    145      360    308.592    2-FR-O-90+-PL
Michelle Grapel             NY      FR-O      96   90+    0.84   32 97.5 102.5 -108 102.5 55               -60  -60   55 157.5 112.5 120              125    125     282.5   238.345    3-FR-O-90+-PL
Sherry Weaver               PA      FR-O     110   90+    0.81   49 65    72.5   75   75  62.5              70 -72.5 70   145 92.5 102.5              105    105      250    203.425    4-FR-O-90+-PL

Madeline Thompson            NY      F-O     94    90+    0.85 34      90     97.5 102.5 102.5      50    52.5    55     55     157.5   130   135     -140   135     292.5   248.801    1-F-O-90+-PL

Daniel Reinhold              PA     MR-T1    49    52     1.04 14      75      80    82.5   82.5    50    52.5   -57.5 52.5     135      95   105     -108   105     240     248.808    1-MR-T1-52-PL

Chase Fettes                 PA     MR-T2    51    52     0.99 16 102.5 107.5 112.5 112.5 57.5            62.5   -65     62.5   175     135   142.5   150    150     325     322.823    1-MR-T2-52-PL

Lee Fredicks                         M-G     60    60     0.86        157.5   160    162.5 162.5   115    -120   -120    115 277.5      205   -228    -228   205     482.5   414.033     1-M-G-60-PL

David Blanchard              PA     MR-T1    66    67.5   0.78 14 102.5 107.5 -110 107.5            60    65     67.5 67.5      175     120   132.5 137.5 137.5      312.5   244.469   2-MR-T1-67.5-PL

Nate Salemno                 PA     MR-T2    66    67.5   0.78 15     110     120    -135   120     95    -103   -103    95     215     142.5 152.5   165    165     380     296.894   1-MR-T1-67.5-PL

Paul Cataldi                PA     MR-Col    65    67.5   0.8 18      130      145 152.5 152.5      75    87.5    -95 87.5 240          170   182.5 192.5 192.5      432.5   344.832   1-MR-Col-67.5-PL
Zach Appelbaum              MD     MR-Col    62    67.5   0.83 18     125     132.5 -135 132.5     100    105    -108 105 237.5         185   -200 -210    185       422.5   349.872   2-MR-Col-67.5-PL

Joe Cassaro                 MA      M-Col    66    67.5   0.78 22     180      190 -193 190    110        -115 -115 110         300     170   182.5 -190 182.5       482.5   377.894   1-M-Col-67.5-PL
Mitchell Gruver             PA      M-Col    67    67.5   0.78 20     155     162.5 -168 162.5 92.5        100 107.5 108        270     145   157.5 167.5 167.5      437.5   339.763   2-M-Col-67.5-PL

Denver Chisom                PA     MR-J     66    67.5   0.79 23     155     162.5 167.5 167.5 132.5 -138       -138    133 300        200    210 -220    210        510    400.452   1-MR-J-67.5-PL
Miguel Mendez                NY     MR-J     65    67.5   0.8 20      100     122.5 137.5 137.5 67.5   80         -85     80 217.5      115   142.5 172.5 172.5       390    310.128   2-MR-J-67.5-PL
Steve Brennan                PA     MR-J     65    67.5   0.8 23       85     102.5 120    120 62.5    70         -85     70  190       115   142.5 167.5 167.5      357.5   284.284   3-MR-J-67.5-PL

Bao - Khang Luu              NY     MR-O     64    67.5   0.8 35      175      180   -185   180     95    -103   -105 95    275   190         200     207.5 207.5    482.5   386.676   1-MR-O-67.5-PL
Edward Cai                   NY     MR-O     66    67.5   0.79 25     155     -170    170   170     85    92.5   -100 92.5 262.5 -168         180     192.5 192.5     455    358.176   2-MR-O-67.5-PL

Steven Blanchard             PA     MR-T1    74    75     0.72 15 102.5 112.5 117.5 117.5 82.5            87.5    -90 87.5 205 142.5 -153             -158   142.5   347.5   249.019    1-MR-T1-75-PL
Rob Tomkinson                PA     MR-T1    72    75     0.73 14 62.5   65   82.5 82.5 62.5               70    -82.5 70 152.5 142.5 150              160    160    312.5   229.062    2-MR-T1-75-PL
Location: Greater Philadelphia Expo Center                                                                                                                                                     Date: December 7 , 2013



Bryan Walkley                NJ     MR-T2    73   75     0.73 17     125    152.5 -165 152.5 102.5 -108         -108    103   255     197.5   210    -228   210     465     338.102    1-MR-T2-75-PL

Tyler Storm Posavec          PA     M-T2     71   75     0.74 16     120    -125   130    130     80     87.5   -95     87.5 217.5    155     160    165    165     382.5   283.586    1-M-T2-75-PL

Steven Faris                 PA     MR-T3    73   75     0.73 19     100    112.5 -120 112.5 92.5        100    105     105 217.5     140     145    152.5 152.5    370     269.286    1-MR-T3-75-PL

Adam Elsieidy                PA    MR-Col    74   75     0.72 19     140     150   155   155  100        115    -118    115 270       185     192.5 197.5 197.5     467.5   335.618   1-MR-Col-75-PL
Matthew Doutt                PA    MR-Col    74   75     0.72 21     110    117.5 122.5 122.5 77.5       82.5    85      85 207.5     165      170   185   185      392.5   283.699   2-MR-Col-75-PL

Ibraheem "Izzie" Shahadat    NY    MR-Col    73   75     0.73 21     105    110    115    115     70      75     80     80    195     125     130    135    135     330     240.405   3-MR-Col-75-PL

Ian MacPherson              MA      M-Col    74   75     0.72 19     -218 227.5 -240 227.5 132.5 140            145     145 372.5 200 217.5 227.5 227.5             600     432.84     1-M-Col-75-PL
Samuel Barrett              PA      M-Col    72   75     0.74 21      160 -170 -170 160 -103 -105               105     105 265 142.5 155    170   170              435     320.813    2-M-Col-75-PL

Chris DiPietrantonio         PA     MR-J     74   75     0.72   22 167.5 172.5 177.5 177.5 137.5 147.5 152.5            153 330 227.5 240   250   250                580    418.818    1-MR-J-75-PL
John Shulik                  PA     MR-J     74   75     0.72   21 -183 182.5 -193 182.5 -138 137.5 -145                138 320 227.5 240 -245    240                560    401.688    2-MR-J-75-PL
Clinton Monroe               CT     MR-J     74   75     0.72   23 145    160 172.5 172.5 120     130 -140              130 302.5 205  220 -228   220               522.5   376.932    3-MR-J-75-PL
John Finazzo                 CT     MR-J     71   75     0.74   23 112.5 122.5 127.5 127.5 92.5 102.5 -108              103 230   145 -153 157.5 157.5              387.5   286.982    4-MR-J-75-PL

Gerald Furgione              NJ      M-J     73   75     0.73   23   -190 190 -205 190 97.5 107.5 115                   115 305 197.5 210 222.5 222.5               527.5   383.545     1-M-J-75-PL
Ethan Hetzler                IN      M-J     74   75     0.72   21    160 172.5 187.5 187.5 115 130 -145                130 317.5 -193 192.5  0  192.5               510    365.823     2-M-J-75-PL
Thomas Ferris                PA      M-J     71   75     0.74   23    160 -163 162.5 162.5 -115 115  120                120 282.5 162.5 165  170  170               452.5   336.207     3-M-J-75-PL
Joe Pergolese                PA      M-J     73   75     0.73   20   -130 -145 -145     0    75  80  -85                 80   0   -130 130 -168   130                 0        0

Michael Macri                NY    MR-M1     75   75     0.71 44     -170   170    -183   170    92.5    -97.5 -97.5 92.5 262.5       170     182.5 192.5 192.5     455     324.825   1-MR-M1-75-PL

Mike Rosenwald               NJ     M-M3     72   75     0.74 65 127.5 -138 137.5 137.5           80      85    -87.5   85    222.5 132.5 142.5 152.5 152.5         375      276       1-M-M3-75-PL

Frank Stamboolian            PA    MR-M4     74   75     0.72 75     -85     90    97.5   97.5    85      95    -97.5   95    192.5   125     140    145    145     337.5   242.764   1-MR-M4-75-PL

Andrew Watson                PA     MR-O     70   75     0.75   25 -200 205 -210 205        135   140 142.5             143 347.5 240   250 -258             250    597.5   446.273    1-MR-O-75-PL
Chris DiPietrantonio         PA     MR-O     74   75     0.72   22 167.5 172.5 177.5 177.5 137.5 147.5 152.5            153 330 227.5 240     250            250     580    418.818    2-MR-O-75-PL
Paul Dalessandro             PA     MR-O     74   75     0.72   25 185 -198 -198 185 -103 110 -118                      110 295    215 227.5 -240           227.5   522.5   375.468    3-MR-O-75-PL
Daniel Ghebretzadick         NY     MR-O     74   75     0.72   30 140    155 162.5 162.5 115     120   125             125 287.5 187.5 200   210            210    497.5   356.509    4-MR-O-75-PL
Nick Phillips                PA     MR-O     73   75     0.72   21 -155 162.5 172.5 172.5 107.5 122.5 -133              123 295    185 192.5 -203           192.5   487.5   353.048    5-MR-O-75-PL
Anthony Perna                NJ     MR-O     74   75     0.72   24 122.5 -130 -138 122.5 -120 -123 122.5                123 245 127.5 175     195            195     440    317.724    6-MR-O-75-PL

Ted Rasmussen                NJ      M-O     73   75     0.73 33 197.5 -208        -215 197.5 -125       125    127.5 128     325     202.5   215    -225   215     540     392.634     1-M-O-75-PL

Michael Tsamutalis           PA     MR-T2    80   82.5   0.68 17 147.5      165    -173   165     95     102.5 -110     103 267.5     165     180    192.5 192.5    460     314.042   1-MR-T2-82.5-PL

Henry Meng                   NJ     MR-T3    78   82.5   0.69 18 167.5 180  185   185 -110 117.5 125 125 310                          185     205     225   225      535    370.327   1-MR-T3-82.5-PL
Phillip Herndon              PA     MR-T3    81   82.5   0.68 18 175 182.5 187.5 187.5 105 112.5 117.5 118 305                        215     220    -223   220      525    355.373   2-MR-T3-82.5-PL
Austin Hoffman               PA     MR-T3    81   82.5   0.68 18 145 -165 165     165 102.5 -113 -113 103 267.5                       195     205     220   220     487.5   329.989   3-MR-T3-82.5-PL

Tyler Caparoni               PA     M-T3     81   82.5   0.68 19 192.5      205    -215   205    102.5   115    -120    115   320     245     -258   -258   245     565     383.352    1-M-T3-82.5-PL

Stephen Teeters              PA    MR-Col    81   82.5   0.68   22 210 222.5       -228 222.5 150   160         -165    160 382.5 237.5 252.5 260            260    642.5   435.229   1-MR-Col-82.5-PL
Andrew Scavicchio            PA    MR-Col    79   82.5   0.69   18 197.5 207.5     -213 207.5 102.5 115          125    125 332.5 182.5 192.5 210            210    542.5   373.674   2-MR-Col-82.5-PL
Thomas Ferrick               NJ    MR-Col    80   82.5   0.68   22 155    170      -183 170 -125 125            -135    125 295    200   215 -228            215     510    348.177   3-MR-Col-82.5-PL
Shayan Noor                  VA    MR-Col    80   82.5   0.68   25 145    155       160  160   100 -110         -125    100 260    180 187.5 195             195     455    309.901   4-MR-Col-82.5-PL
Nicholas McDonald            PA    MR-Col    79   82.5   0.69   24 125 -138        -143 125    -70  -70          -70     0    0    125 142.5 -155           142.5     0        0

Joshua Mink                 PA      MR-J     81   82.5   0.68 22 182.5 200          210   210    132.5   140    -143    140   350     222.5 -240     240    240     590     398.781   1-MR-J-82.5-PL
Keith Schneider             OH      MR-J     80   82.5   0.68 21 200 -213          -213   200    112.5   120    -128    120   320     242.5 257.5    260    260     580     395.038   2-MR-J-82.5-PL

Dominic Pergolese            PA      M-J     79   82.5   0.69 23      150 152.5 -160 152.5 102.5 107.5 -110             108   260      155    165    182.5 182.5    442.5   303.776    1-M-J-82.5-PL
Nick Skursky                 PA      M-J     81   82.5   0.68 21     -185 -185 -185    0   -135    0                     0     0      -205     0             0        0        0
Location: Greater Philadelphia Expo Center                                                                                                                                                     Date: December 7 , 2013




Matt Kovacs                  NJ    MR-M1     82   82.5   0.67   45    160 167.5 -183 167.5 137.5 142.5 147.5 148                 315    200  210     -215   210     525     353.01    1-MR-M1-82.5-PL
Ryan Manville                NJ    MR-M1     81   82.5   0.68   41   -175 -175 175    175   110   120   125 125                  300   207.5 215     -228   215     515     348.861   2-MR-M1-82.5-PL
Frank Mintz                  NY    MR-M1     82   82.5   0.67   46    115  130   145  145    80    85   -90   85                 230    160 -180       0    160     390     263.016   3-MR-M1-82.5-PL
Michael Henry                NY    MR-M1     81   82.5   0.68   43   -175 -185 -185    0   -110     0    0     0                  0    -220                  0       0         0

Edju Gasinowski             MA      M-M1     82   82.5   0.67 41     -205    215 -228 215     125 132.5 137.5 138 352.5                205      215 227.5 227.5     580     390.282   1-M-M1-82.5-PL
Luca Fornari                NY      M-M1     81   82.5   0.68 49      170   -178 182.5 182.5 -92.5 -97.5 97.5 97.5 280                 180     -188 190    190      470      319.6    2-M-M1-82.5-PL

Frank Caine                  NJ     M-M3     82   82.5   0.67 60 212.5 227.5        235    235    115     127.5   135     135    370   165     182.5 -190   182.5   552.5   372.882   1-M-M3-82.5-PL

Tito Bastianelli             NJ    MR-M4     81   82.5   0.68 79     -128 127.5 137.5 137.5 77.5           -85     -85    77.5   215   162.5   185   -188   185     400     270.76    1-MR-M4-82.5-PL

Jorge Unigarro               NY     MR-O     81   82.5   0.68   31 195    205 -210 205     145  155               -160    155     360  250   265 -273        265     625    422.437   1-MR-O-82.5-PL
Ray Padilla                  NY     MR-O     82   82.5   0.67   33 217.5 230 -235 230 122.5 -128                    0     123    352.5 260 -275 -275         260    612.5   412.764   2-MR-O-82.5-PL
Peter Coppa                  PA     MR-O     81   82.5   0.68   24 200 -215 -215 200       120 132.5              -138    133    332.5 240 252.5 -265       252.5    585    396.922   3-MR-O-82.5-PL
Keith Schneider                     MR-O     80   82.5   0.68    0 200 -213 -213 200 112.5 120                    -128    120     320 242.5 257.5 260        260     580    395.038   4-MR-O-82.5-PL
Matt Kovacs                  NJ     MR-O     82   82.5   0.67   45 160 167.5 -183 167.5 137.5 142.5               147.5   148     315  200   210 -215        210     525    353.01    6-MR-O-82.5-PL
Steven Smith                 NJ     MR-O     81   82.5   0.68   27 160    165 172.5 172.5 110 -120                 120    120    292.5 210   220 -225        220    512.5   346.655   7-MR-O-82.5-PL
Brett Battle                 PA     MR-O     81   82.5   0.68   26 142.5 150 157.5 157.5 117.5 -128               -128    118     275  195 212.5 222.5      222.5   497.5   337.255   8-MR-O-82.5-PL
Robert Kim                   PA     MR-O     78   82.5   0.7    24 165 167.5 -175 167.5 107.5 110                 -115    110    277.5 210   215 -220        215    492.5   342.632   9-MR-O-82.5-PL
Benjamin Sayer               PA     MR-O     80   82.5   0.68   27 122.5 132.5 142.5 142.5 82.5 92.5              102.5   103     245  165 177.5 192.5      192.5   437.5   298.463   10-MR-O-82.5-PL
Corey Zaleski                PA     MR-O     81   82.5   0.68   29 -125 125 137.5 137.5 82.5 87.5                  -95    87.5    225  170 177.5 -188       177.5   402.5   272.452   11-MR-O-82.5-PL

Paul Kelly                   NJ      M-O     82   82.5   0.67 28 210    220 227.5 227.5 132.5 -143                -143    133 360    210   215 -220  215            575     386.918    1-M-O-82.5-PL
Ozzie Hyppolite              NY      M-O     80   82.5   0.68 33 172.5 -183 182.5 172.5 140    145                 150    150 322.5 197.5 210 217.5 217.5           540     367.524    2-M-O-82.5-PL
Ryan Wood                    VA      M-O     82   82.5   0.67 26 157.5 167.5 185   185 112.5 -125                 -125    113 297.5 152.5 167.5  0  167.5           465     312.899    3-M-O-82.5-PL

Ozzie Hyppolite              NY     M-PF     80   82.5   0.68 33 172.5 -183 182.5 172.5           140     145     150     150 322.5 197.5      210   217.5 217.5    540     367.524   1-M-PF-82.5-PL

Anthony Scolaro              NY      M-G     83   90      0     32 227.5 -255       -255 227.5     0       0       0       0      0    -265                  0       0        0

Alex Fielder                 PA     MR-T2    89   90     0.64 16     170    177.5 187.5 187.5 102.5 112.5 117.5 118 305 215 222.5 -230                      222.5   527.5   338.708   1-MR-T2-90-PL
Garrett Steinmetz            NJ     MR-T2    89   90     0.64 17     165    -178 177.5 177.5 102.5 -105 105 105 282.5 202.5 222.5 230                        230    512.5   329.64    2-MR-T2-90-PL

Nicolas Moffa                       MR-T3    88   90     0.65        -145   145     157.5 157.5   120     127.5 132.5 133        290   187.5 -198 197.5 197.5       487.5   315.461   1-MR-T3-90-PL

Wares Farighi                PA     M-T3     87   90     0.65 18      0      0              0     105     -110    -110    105     0    167.5 182.5 -200     182.5    0        0

Mike Brown                         MR-Col    88   90     0.65 0 170 182.5           -188 182.5 130 142.5 -150 143 325 207.5                    222.5 227.5 227.5    552.5   357.302   1-MR-Col-90-PL
Brian Berg                  PA     MR-Col    88   90     0.64 23 175 182.5          187.5 187.5 102.5 110 115 115 302.5 205                    -220 220     220     522.5   336.699   2-MR-Col-90-PL
Tanner Bish                 PA     MR-Col    86   90     0.65 0 167.5 175           -183 175     130  140 145 145 320   170                    192.5 -210 192.5     512.5   334.304   1-MR-Col-90-PL
Bill Buckley                MA     MR-Col    89   90     0.64 21 147.5 157.5        -165 157.5 90 -97.5 -97.5 90 247.5 192.5                   212.5 -228 212.5      460    295.182   3-MR-Col-90-PL

Chrstian Baldoni             PA     M-Col    87   90     0.65 20     205     220    235    235    142.5   150     -160    150    385   185      195   210    210     595    386.453    1-M-Col-90-PL
Drew Krause                  PA     M-Col    90   90     0.64 26     165    -180    180    180     105    115      120    120    300   185     202.5 -220   202.5   502.5   321.349    2-M-Col-90-PL

Christopher Saitta          CT      MR-J     90   90     0.64   23   195    -208    -208 195    140 142.5 -148 143 337.5 267.5 280                   -288   280     617.5   394.891    1-MR-J-90-PL
Evan Miller                 OH      MR-J     90   90     0.64   23   175    -185     185  185   175  185 -203 185 370     200  220                   -240   220      590    377.305    2-MR-J-90-PL
Nat Margolis                PA      MR-J     88   90     0.65   21   170    187.5    195  195 117.5 130 -133 130 325      200 217.5                  227.5 227.5    552.5   357.081    3-MR-J-90-PL
Ben Dodsonn                 PA      MR-J     86   90     0.65   23   180    -190    -190 180    135  140 -148 140 320     200 207.5                  -210 207.5     527.5   344.352    4-MR-J-90-PL
Lucas Silveri-Hiller        PA      MR-J     89   90     0.64   22   140    147.5   -160 147.5 -125 135 -145 135 282.5 182.5 195                     -210   195     477.5   307.51     5-MR-J-90-PL
Alex Pinlak                 PA      MR-J     85   90     0.66   22   125    -130     130  130 92.5 97.5 -100 97.5 227.5 -193 192.5                    195   195     422.5   278.892    6-MR-J-90-PL
Steve Ray                   PA      MR-J     88   90     0.64   23   170     180    -185 180 -130 -130      0   0    0     0                                 0        0        0

Josh Myers                  PA       M-J     89   90     0.64 22     275    290     -300   290    -183 -183 182.5 183 472.5 222.5 237.5 -250 237.5                  710     455.891     1-M-J-90-PL
Sean Healy                  WV       M-J     89   90     0.64 23     165    180     -188   180    122.5 -133 -135 123 302.5 207.5 220 227.5 227.5                   530     339.889     2-M-J-90-PL
Location: Greater Philadelphia Expo Center                                                                                                                                                            Date: December 7 , 2013



Gene Santomartino           MD     MR-M1     89    90    0.64 49 142.5       150     157.5 157.5 127.5       135     -143 135 292.5 190             205     220    220     512.5   328.871   1-MR-M1-90-PL
Darren Nemow                NJ     MR-M1     87    90    0.65 39 207.5       215     -230 215     125        135     137.5 138 352.5 -248          -248    -248     0        0        0

Jim Van Allen                NY    MR-M3     88    90    0.65 60      170 192.5 205          205     150      160 167.5 160 365     205 227.5 240                   240    605     390.528   1-MR-M3-90-PL
Bruce Barry                  PA    MR-M3     89    90    0.64 61     -185 185 -198           185     92.5    -97.5 97.5 97.5 282.5 192.5 -210 -210                 192.5   475     304.618   2-MR-M3-90-PL

Rip Stahura                  NY    MR-M4     87    90    0.65 70      90     100     -105    100     42.5    -47.5 -47.5 42.5 142.5         95     105     115     115     257.5   167.452   1-MR-M4-90-PL

Michael Loncharich          PA      MR-O     89    90    0.64   24    215    -230     240     240    167.5   177.5   -183    178   417.5    275     290     300     300    717.5   460.922   1-MR-O-90-PL
Kristopher Hunt             IN      MR-O     90    90    0.64   31    250    -265    277.5   277.5    140    147.5   -155    148    425    257.5   272.5   -285    272.5   697.5   446.261   2-MR-O-90-PL
Jeff Sykora                 PA      MR-O     89    90    0.64   29    215    -228    -228     215    137.5   142.5   -148    143   357.5    285    -293    -293     285    642.5   412.999   3-MR-O-90-PL
Corey Joyal                 MD      MR-O     89    90    0.64   37    230     245    -255     245     135     145    -155    145    390     230     245     250     250     640    409.984   4-MR-O-90-PL
James Klemick               PA      MR-O     87    90    0.65   24    210     220    -230     220    147.5    155     160    160    380    222.5   237.5    250     250     630    410.445   5-MR-O-90-PL
Mike Scheffel               MD      MR-O     89    90    0.64   28   192.5    205    -215     205     140    -150    -150    140    345    237.5    255    -263     255     600     386.4    1-MR-O-90-PL
Evan Miller                 OH      MR-O     90    90    0.64   23    175    -185     185     185     175     185    -203    185    370     200     220    -240     220     590    377.305   6-MR-O-90-PL
Michael Abramson            IL      MR-O     90    90    0.64   32    205     220    -228     220    132.5   -138    -138    133   352.5    205    -218    222.5   222.5    575    367.08    7-MR-O-90-PL
Eliott White                VA      MR-O     86    90    0.65   27    170     180     190     190     125    -133    132.5   133   322.5    205    217.5   227.5   227.5    550    359.975   8-MR-O-90-PL
Jesse DiStefano             NJ      MR-O     89    90    0.64   30    170    182.5   192.5   192.5   137.5   147.5   -155    148    340    187.5    195     200     200     540    347.112   9-MR-O-90-PL
Bryan Wehman                VT      MR-O     88    90    0.65   24    170    177.5   -185    177.5   127.5   132.5   -138    133    310     185     190     200     200     510    330.225   10-MR-O-90-PL
Matthew Berger              PA      MR-O     87    90    0.65   36   172.5   -183    -183    172.5   -130     130    -135    130   302.5    180    -188      0      180    482.5   313.77    11-MR-O-90-PL
Lucas Silveri-Hiller        PA      MR-O     89    90    0.64   22    140    147.5   -160    147.5   -125     135    -145    135   282.5   182.5    195    -210     195    477.5   307.51    12-MR-O-90-PL
Francesco Vigorito          NY      MR-O     88    90    0.65   29   142.5    160    162.5   162.5   107.5   117.5   122.5   123    285     165     175    -185     175     460    297.482   13-MR-O-90-PL
Jeff Martin                 PA      MR-O     89    90    0.64   34    140    147.5   152.5   152.5   97.5    102.5   -108    103    255     180     190     200     200     455    292.838   14-MR-O-90-PL
Peter Smiley                NY      MR-O     89    90    0.64   31    110     130     140     140     100     110    122.5   123   262.5    120     150    172.5   172.5    435    280.14    15-MR-O-90-PL
Darren Nemow                NJ      MR-O     87    90    0.65   39   207.5    215    -230     215     125     135    137.5   138   352.5   -248    -248    -248      0       0        0
Steven Sala                 NJ      MR-O     90    90    0.64   24   -250    -250    -250      0     -145      0       0      0      0       0       0       0       0       0        0
Mark Agatone                PA      MR-O     88    90    0.65   38   -155    -175    -175      0     -115     115    -128    115     0      160    172.5   -185    172.5     0        0
Nicholas Hornberger         MD      MR-O     89    90    0.64   25   -125    -125    -125      0     -103    -103      0      0      0      165    177.5   -183    177.5     0        0
Keron Wilson                NJ      MR-O     88    90    0.64   27   -168    -168    -168      0     147.5   152.5   -160    153     0     -228    -228    -228      0       0        0

Jerry Dally                 NJ       M-O     90    90    0.64   53 215 -233          232.5   232.5 122.5 130         -138    130 362.5     215      240 -253       240     602.5   385.721    1-M-O-90-PL
Matthew Stafford            DC       M-O     88    90    0.64   30 162.5 172.5       177.5   177.5 105    110        -113    110 287.5     175      190  205       205     492.5   317.367    2-M-O-90-PL
Joe Uphoff                  PA       M-O     88    90    0.65   39 -153 -153         152.5   152.5 105    110         115    115 267.5     155      165  170       170     437.5   282.406    3-M-O-90-PL
Sean Galvin                 VA       M-O     89    90    0.64   32 102.5 -105        -105    102.5 102.5 -110        -110    103 205       150     152.5 165       165      370    237.577    4-M-O-90-PL

Nick Cataldi                 PA     MR-T1    92    100   0.63 15 165    175 182.5 182.5 92.5 102.5 -115                      103 285 192.5 200 -208     200                485     305.938   1-MR-T1-100-PL
Nixlot Edens Dameus          PA     MR-T1    96    100   0.62 15 102.5 -145 -175 102.5 102.5 125    140                      140 242.5 145 202.5 207.5 207.5               450       279     2-MR-T1-100-PL

Jake Brown                   PA     MR-T2    91    100   0.64 16     105     112.5 -125 112.5         60     62.5     65     65    177.5 132.5 137.5 142.5 142.5           320     203.488   1-MR-T2-100-PL

Taylor Harris                PA    MR-Col    99    100   0.61   22 180 192.5 205     205  130   140  145 145 350    215  230                               247.5 247.5     597.5   365.132   1-MR-Col-100-PL
Joseph Damis                 PA    MR-Col    95    100   0.62   19 150    155   160  160 97.5 102.5 107.5 108 267.5 175 197.5                              212.5 212.5      480    299.28    2-MR-Col-100-PL
Daniel Pace                  CT    MR-Col    96    100   0.62   20 142.5 152.5 -160 152.5 105   110  115 115 267.5 197.5 205                               -210   205      472.5   293.233   3-MR-Col-100-PL
Grant Senft                  PA    MR-Col    98    100   0.61   18 150 157.5 165     165 -92.5 -100 100 100 265     165 187.5                              -208 187.5      452.5   278.152   4-MR-Col-100-PL

Ed Schreiner                 PA     M-Col    99    100   0.61 23      225    235     242.5 242.5 165          170     175    175 417.5 200    210   225   225              642.5   392.439   1-M-Col-100-PL
Anthony Fodel                PA     M-Col    94    100   0.62 20     -205    205     -220 205    140         -150    -150    140 345    180   210 -225    210               555    346.542   2-M-Col-100-PL
Connor Senft                 PA     M-Col    96    100   0.62 20      245    260     -273 260 -185           -185    -185     0    0   192.5 202.5 217.5 217.5               0        0

Joe Hardy                   DE      MR-J     99    100   0.61   22 227.5 237.5 247.5 247.5 182.5 192.5 200                   200 447.5 272.5 -285          -293    272.5    720    439.632   1-MR-J-100-PL
David Squiller              MD      MR-J     96    100   0.62   23 172.5 182.5 192.5 192.5 125 132.5 140                     140 332.5 192.5 205            215     215    547.5   339.45    2-MR-J-100-PL
Dominick Louda              PA      MR-J     97    100   0.62   22 160 162.5 182.5 182.5 -105 112.5 120                      120 302.5 205    225           240     240    542.5   334.831   3-MR-J-100-PL
Kyle Schuster               PA      MR-J     97    100   0.62   20 195    210 227.5 227.5 -155 -160 -160                      0    0    225   240           250     250      0        0

Ron Falcone                  NJ     M-M2     95    100   0.62 52 220         235     -243    235     122.5 132.5 142.5 143 377.5           190     207.5 220       220     597.5   372.362   1-M-M2-100-PL
John Lachawiel               NJ     M-M2     97    100   0.62 0 117.5        130      140    140     72.5 92.5 -100 92.5 232.5             170      185 -195       185     417.5   256.846   1-M-M2-100-PL

Michael Stumpf               NJ     MR-O     100   100   0.61 23 227.5 -235          235     235     152.5   160     -170    160   395     260     267.5 -270      267.5   662.5   403.992   1-MR-O-100-PL
Location: Greater Philadelphia Expo Center                                                                                                                                                             Date: December 7 , 2013



Chris DeGeorge              NJ      MR-O      99   100   0.61   25   212.5   227.5    235     235     145     155     160    160     395     240     250    -268     250     645    394.933   2-MR-O-100-PL
Jesse Jeffers               NJ      MR-O      96   100   0.62   29    190    197.5    205     205     145    -148    -148    145     350     240     250    272.5   272.5   622.5   385.39    3-MR-O-100-PL
Ty Wagerle                  PA      MR-O      95   100   0.62   37   187.5   -210    -210    187.5    130    137.5    140    140    327.5    230     255    -260     255    582.5   361.791   4-MR-O-100-PL
Daniel Rinehimer            PA      MR-O      95   100   0.62   30   182.5    190    202.5   202.5    120    -125            120    322.5    225    237.5    250     250    572.5   356.954   5-MR-O-100-PL
Timothy Friel               PA      MR-O      96   100   0.62   33    165     180    187.5   187.5   142.5    155    -165    155    342.5   182.5    200    -215     200    542.5   335.699   6-MR-O-100-PL
Jose Velez                  NY      MR-O      99   100   0.61   38    145     165     175     175     100    112.5   -118    113    287.5   222.5   237.5   242.5   242.5    530    324.413   7-MR-O-100-PL
Raymond Kwok                NJ      MR-O      98   100   0.61   29   167.5   -183    -190    167.5   147.5   -160    -160    148     315     185     205    -215     205     520    318.812   8-MR-O-100-PL
Raymond McPeak              MD      MR-O      97   100   0.62   38    145     150     155     155     100    107.5   112.5   113    267.5   197.5   207.5   212.5   212.5    480    296.256   9-MR-O-100-PL
Kyle Cross                  VA      MR-O      99   100   0.61   30    155     175     180     180     105     115    -125    115     295     165     175     185     185     480    293.904   10-MR-O-100-PL
Ravi Shah                   NY      MR-O      96   100   0.62   26   127.5   142.5   -150    142.5   92.5    -103    -103    92.5    235     165    177.5    185     185     420    260.022   11-MR-O-100-PL
Christopher Martz           PA      MR-O      94   100   0.63   50   112.5    120     125     125    87.5      95    97.5    97.5   222.5   142.5    160    167.5   167.5    390    244.257   12-MR-O-100-PL
Jonathan Noble              MD      MR-O     100   100   0.61   25   -148    -148    -148      0      110     115    -125    115      0      180     190    -198     190      0        0
Stephen Brindle             PA      MR-O      99   100   0.61   30   -220     220    -233     220    -160    -168    -168     0       0      260    -273    -273     260      0        0

Jason Auschwitz              NV      M-O     100   100   0.61         230    260     -275    260     137.5 167.5 -185        168 427.5 230 252.5 -268               252.5    680    414.528    1-M-O-100-PL
Andrew Elkin                 PA      M-O      93   100   0.63 28     -215    215     -228    215      155   160 -170         160 375 252.5 -270    0                252.5   627.5    395.2     1-M-O-100-PL

Timothy Friel                PA     MR-PF    96    100   0.62 33     165     180     187.5 187.5 142.5       155     -165    155 342.5 182.5        200     -215    200     542.5   335.699   1-MR-PF-100-PL

William Clooney              PA     MR-T3    106   110   0.6         162.5   175     182.5 182.5 107.5       115     -123    115 297.5 207.5 222.5 -233             222.5   520     310.232   1-MR-T3-110-PL

Erik Golabek                 PA    MR-Col    107   110   0.59 20     185      195 202.5 202.5        130     -140    -140    130 332.5      220     230     235     235     567.5   337.265   1-MR-Col-110-PL
Mark Matthews                NJ    MR-Col    107   110   0.59 19     135     -145 145    145         125      130    -138    130 275        180     195     205     205      480    284.784   2-MR-Col-110-PL

Paul Kemper                  PA     M-Col    103   110   0.6    19 247.5     260     272.5 272.5 157.5 167.5 -173            168    440     235     240     255     255     695     418.32    1-M-Col-110-PL

Anthony Petrucci             PA     MR-J     106   110   0.6    21 250 262.5 272.5 272.5 160    170 -175                     170 442.5 287.5 302.5 -313 302.5                745    443.722   1-MR-J-110-PL
David K. Johnson             NY     MR-J     106   110   0.6    23 -178 195     205   205 -175 182.5 -198                    183 387.5 262.5 272.5 295   295                682.5   406.77    2-MR-J-110-PL
Chris Beach                  PA     MR-J     107   110   0.59   22 192.5 202.5 217.5 217.5 145  155   160                    160 377.5 227.5 250 267.5 267.5                 645    383.194   3-MR-J-110-PL
Zachary Riley                PA     MR-J     108   110   0.59   23 215    240 -245 240     125 -143 -143                     125 365 227.5 -273 -273 227.5                  592.5   350.286   4-MR-J-110-PL

Sean O'Brien                MD       M-J     105   110   0.6 22      -220 220 227.5 227.5            145     152.5 160       160 387.5 227.5        245      255    255     642.5   384.472    1-M-J-110-PL
John B. Coleman             NJ       M-J     107   110   0.59 22     -165 165    180  180            125     -138 -138       125 305    220         240     -245    240      545    323.784    2-M-J-110-PL
Michael Schaefer            PA       M-J     109   110   0.59 20     -178 177.5 -185 177.5           130     -140 -140       130 307.5 225          235     -238    235     542.5   320.184    3-M-J-110-PL

Tim Durrett                  VA    MR-M1     104   110   0.6    40 280 287.5 -295 287.5 202.5 -210                   -210    203    490     252.5   262.5 272.5 272.5       762.5   457.652   1-MR-M1-110-PL
Patrick Chambers             PA    MR-M1     108   110   0.59   43 192.5 207.5 220 220   175 -180                    -180    175    395      250    277.5   0   277.5       672.5   397.582   1-MR-M1-110-PL
Jeffrey Van Dyke             PA    MR-M1     104   110   0.6    46 167.5 177.5 185 185   110   115                   -118    115    300      205    217.5 230    230         530    317.47    2-MR-M1-110-PL
Matthew Berstein             NJ    MR-M1     105   110   0.6    40 137.5 145   150 150    90    95                    105    105    255      180    202.5 -215 202.5        457.5   273.585   3-MR-M1-110-PL

Frank Panaro                 NY    MR-M3     108   110   0.59 62 187.5 227.5 0   227.5 125 -138 137.5 138                           365     230     -273 -273   230          595    351.883   1-MR-M3-110-PL
Gerald W. Burke              PA    MR-M3     108   110   0.59 69 147.5 160 167.5 167.5 137.5 145 147.5 148                          315     145      155 167.5 167.5        482.5   285.833   2-MR-M3-110-PL

Anthony Petrucci            PA      MR-O     106   110   0.6    21 250       262.5   272.5   272.5    160     170    -175    170    442.5   287.5   302.5   -313    302.5    745    443.722   1-MR-O-110-PL
Douglas Bowen               PA      MR-O     105   110   0.6    22 255        270     290     290     150    152.5   -168    153    442.5    255     270    -290     270    712.5   425.933   2-MR-O-110-PL
Edward Christie             PA      MR-O     109   110   0.59   39 222.5     -233    232.5   232.5   147.5    155      0     155    387.5    290     305    -310     305    692.5   408.714   3-MR-O-110-PL
Phillip Roundtree           PA      MR-O     107   110   0.59       190       195     200     200    -155    -158    157.5   158    357.5    285     295    307.5   307.5    665    395.343   4-MR-O-110-PL
Samuel Caivano              NJ      MR-O     109   110   0.59   20 232.5     -248    247.5   247.5    140     155    -163    155    402.5   227.5   237.5   247.5   247.5    650    383.825   5-MR-O-110-PL
Sam Whitney                 PA      MR-O     110   110   0.59   27 210        220     230     230    -143     150    -158    150     380     230     240    252.5   252.5   632.5   372.669   6-MR-O-110-PL
Aaron Lundgaard             MI      MR-O     106   110   0.6    39 190        200     210     210     150    -160     160    160     370     210     235    -243     235     605    360.217   7-MR-O-110-PL
Joshua Ruth                 PA      MR-O     107   110   0.59   32 185        195    -208     195     145     150    -155    150     345     230    237.5    245     245     590    350.047   8-MR-O-110-PL
Vincent Cifani              OH      MR-O     105   110   0.6        190       205    -215     205     125    -130    -130    125     330     230     245    -250     245     575    343.62    9-MR-O-110-PL
Chad Looker                 NJ      MR-O     106   110   0.6    29 177.5      185     195     195     125    132.5   -140    133    327.5    220    232.5    245     245    572.5   340.981   10-MR-O-110-PL
Daniel Hammond              NJ      MR-O     108   110   0.59   28 145        160     175     175     130    142.5    150    150     325     175     205    222.5   222.5   547.5   324.284   11-MR-O-110-PL
Paul Berube                 MA      MR-O     101   110   0.61   27 165        170     185     185     -85      95     100    100     285    202.5    220     230     230     515    311.73    12-MR-O-110-PL
Jason Lockspeiser           NY      MR-O     105   110   0.6    35 -175       185    187.5   187.5   97.5    -103    -103    97.5    285    187.5   192.5    205     205     490    293.314   13-MR-O-110-PL
Greg Friedman               MD      MR-O     105   110   0.6    35 -130       130     150     150    -125     125     140    140     290     170     185     200     200     490    292.628   14-MR-O-110-PL
Dimitri Karvounis           NY      MR-O     108   110   0.59   31 -163      172.5   -183    172.5   102.5   -108    -108    103     275     200     210      0      210     485    287.411   15-MR-O-110-PL
Location: Greater Philadelphia Expo Center                                                                                                                                                    Date: December 7 , 2013



Alex Banks                   PA     MR-O     109   110    0.59 23      150 162.5 170         170      100   -108   -108   100   270   192.5 210     -220   210     480     283.68    16-MR-O-110-PL
David K. Moore               NJ     MR-O     101   110    0.61 36      170 -190 190          190     -143   -143   -150    0     0    -190 -190       0     0       0        0
Elliott McNamee              IL     MR-O     104   110    0.6 26      -210 -220 -220          0        0                   0     0      0                   0       0        0

Anthony Stavenski            PA      M-O     108   110    0.59   34 262.5 275   280   280 -273 272.5 -278                 273 552.5 235    245 -255    245         797.5   472.758    1-M-O-110-PL
Tim Durrett                  VA      M-O     104   110    0.6    40 280 287.5 -295 287.5 202.5 -210 -210                  203 490 252.5 262.5 272.5 272.5          762.5   457.652    2-M-O-110-PL
Rob Eckhart                  PA      M-O     109   110    0.59   41 255    275 -280 275 212.5 -233 -243                   213 487.5 245 -268      0    245         732.5   431.809    3-M-O-110-PL
Samuel Caivano               NJ      M-O     109   110    0.59   20 232.5 -248 247.5 247.5 140  155 -163                  155 402.5 227.5 237.5 247.5 247.5         650    383.825    1-M-O-110-PL

Michael Shirey               PA     M-PF     107   110    0.59 49     230     252.5   275    275     150    160    165    165   440   230   250     280    280     720     427.896    1-M-PF-110-PL

Zachary Strouse              PA     MR-T2    123   125    0.57 16 237.5       250     -260   250     130    137.5 -143    138 387.5 267.5 287.5 -295       287.5   675     385.965   1-MR-T2-125-PL

Alex Conover                 NJ     M-T3     121   125    0.57 19 247.5 -275          -275 247.5     150    160    -170   160 407.5 247.5   260     270    270     677.5   388.885    1-M-T3-125-PL

Dan Sarmina                  PA    MR-Col    121   125    0.57 25     215     237.5 -250 237.5       145    152.5 -160    153   390   272.5 -295    -295   272.5   662.5   379.878   1-MR-Col-125-PL

Cody Hardison                NJ     MR-J     113   125    0.58 20     200     215     -228   215     160    172.5 -183    173 387.5 227.5   240     252.5 252.5    640     373.504    1-MR-J-125-PL

Levi Perillo                 PA      M-J     114   125    0.58 23 -230 237.5 -245 237.5 117.5 177.5 -188                  178   415    240 247.5 -260      247.5   662.5   386.039     1-M-J-125-PL
Hubert Wojnar                PA      M-J     121   125    0.57 23 182.5 185 -190 185 -150 -158 -158                        0     0    -248 -248 -248         0       0        0

Matthew Clark                NJ     M-M1     116   125    0.58 48     -288    -288 287.5 287.5        0      0      0      0     0     0     0       0      0       0        0

Jeff Sperber                 NJ    MR-M2     118   125    0.58 53 202.5 -223 222.5 222.5 147.5              160    -175   160 382.5   215   240     252.5 252.5    635     366.84    1-MR-M2-125-PL

Dom Fonio                    PA     M-M2     125   125    0.57 51     -228 227.5       0     227.5   140    150    157.5 158    385   227.5 237.5 -250     237.5   622.5   354.95     1-M-M2-125-PL

Ronald Scott Yard           PA      MR-O     124   125    0.57   31   267.5    295     300   300   200 -220 -220 200             500 282.5 307.5 320    320         820    467.892    1-MR-O-125-PL
Mike Hedlesky               MD      MR-O     117   125    0.58   28    255    272.5    285   285 172.5 -178     0   173         457.5 327.5 342.5 -365 342.5        800     463.2     2-MR-O-125-PL
Joseph Visconti             VA      MR-O     113   125    0.58   34   192.5    205    212.5 212.5 182.5 192.5 202.5 203          415   245 262.5 272.5 272.5       687.5   401.569    3-MR-O-125-PL
Jeff Sperber                NJ      MR-O     118   125    0.58   53   202.5   -223    222.5 222.5 147.5 160 -175 160            382.5 215    240 252.5 252.5        635    366.84     4-MR-O-125-PL
Brandon Graham              PA      MR-O     125   125    0.57   22    185    -208    217.5 217.5 125    135 142.5 143           360   220   250 272.5 272.5       632.5   360.399    5-MR-O-125-PL
Kemal Carmen                NC      MR-O     120   125    0.57   31    200    -218    -218 200 152.5 157.5 -163 158             357.5 245    260 -265   260        617.5   354.754    6-MR-O-125-PL
Corey Dawson                DE      MR-O     124   125    0.57   28   207.5    220    -230 220     120   130 137.5 138          357.5 225 237.5 255     255        612.5   349.737    7-MR-O-125-PL
Brian Sheehan               DE      MR-O     119   125    0.58   29   177.5    190    -195 190 132.5 147.5 155 155               345   220   240   245  245         590    340.135    8-MR-O-125-PL

Ryan Gill                   PA       M-O     123   125    0.57   36    205 282.5 290   290   145            230    235    235 525     265   285     292.5 292.5    817.5   467.446    1-M-O-125-PL
Bill McCarthy               MD       M-O     124   125    0.57   32    305  315 322.5 322.5 -210            210    215    215 537.5   260   270      280   280     817.5   466.302    2-M-O-125-PL
Erick Aguiar                NJ       M-O     115   125    0.58   28    305 -330 330    330    75            170    185    185 515      75   255     272.5 272.5    787.5   457.774    3-M-O-125-PL
Matthew Clark               NJ       M-O     116   125    0.58   48   -288 -288 287.5 287.5    0             0      0      0    0       0    0        0     0        0        0

Justin Foster                PA     MR-PF    122   125    0.57 29 182.5       195     212.5 212.5 -158      170    -185   170 382.5   230   252.5 -265     252.5   635     363.601   1-MR-PF-125-PL

Brad Newhard                 PA    MR-Col    138 125+     0.56 22 207.5       230     237.5 237.5 127.5 140    145 145 382.5 227.5 -250              255   255     637.5   357.191   1-MR-Col-125+-PL
Michael Pietrowski           PA    MR-Col    143 125+     0.56 19 -225        235      260   260   125 -140 147.5 148 407.5 200     215             -230   215     622.5   346.919   2-MR-Col-125+-PL
Tyler Borelly                PA    MR-Col    152 125+     0.55 20 180         190     197.5 197.5 147.5 157.5 167.5 168 365 237.5 250                255   255      620    342.55    3-MR-Col-125+-PL

Paul Steinman                NY    MR-M1     137 125+     0.56 43 202.5 -215          -215 202.5 127.5 132.5 -140         133   335   250   260     275    275     610     342.027   1-MR-M1-125+-PL

Luke Badaracco              CT      MR-O     133   125+   0.56   25 -260 -275 275    275              215 -228     -228   215 490    300 -320    0          300     790    445.244   1-MR-O-125+-PL
Jason Lachawiec             NJ      MR-O     134   125+   0.56   31 240    255  260  260             167.5 182.5   -185   183 442.5 277.5 285   300         300    742.5   417.582   2-MR-O-125+-PL
Damon Smith                 PA      MR-O     146   125+   0.56   39 175    195  205  205             142.5 165      175   175 380    220 232.5 -250        232.5   612.5   340.183   3-MR-O-125+-PL
Paul Steinman               NY      MR-O     137   125+   0.56   43 202.5 -215 -215 202.5            127.5 132.5   -140   133 335    250  260   275         275     610    342.027   4-MR-O-125+-PL
Sean Redmond                MD      MR-O     133   125+   0.56   29 160 162.5 -175 162.5             -130 130      -140   130 292.5 -225 225 -275           225    517.5   291.559   5-MR-O-125+-PL

Michael Tompkinson           PA      M-O     139 125+     0.56 39     175     192.5   205    205     157.5 -180    -180   158 362.5   225   232.5   240    240     602.5   337.099    1-M-O-125+-PL
Location: Greater Philadelphia Expo Center                                                                                                                                   Date: December 7 , 2013




                                                       Wilk
                                             Bwt WtCls s     Ag               Best              Best Sub                            Best    (1) PP        (2)
Push Pull Results Name     Team      Div     (kg) (kg) Coeff e SQ-1 SQ-2 SQ-3 SQ BP-1 BP-2 BP-3 BP Total DL-1 DL-2 DL-3              DL      Total     Wilks Pts   Pl-Div- WtCls-Evt
Kelsey Reed                 VA      FR-O      49   52   1.3 26                     45  50 -52.5 50       105 107.5  0               107.5    157.5      205.43       1-FR-O-52-PP

Melissa Forbis               NY     FR-M1    56    56     1.18 47                 40     42.5   -45     42.5   87.5    90    97.5   97.5     157.5     205.427      1-FR-M1-56-PP

Faith Evans                 MD      FR-O     63    67.5   1.08 26                 75     -80    -80     75     107.5 117.5   120    120       195      210.698      1-FR-O-67.5-PP

Paulette Diva Richards       NJ     FR-O     75    75     0.95 35                -67.5   72.5   -77.5 72.5     147.5 157.5 167.5 167.5        240      228.144       1-FR-O-75-PP

Paulette Diva Richards       NJ     FR-O     75    75     0.95 35                -67.5   72.5   -77.5 72.5     147.5 157.5 167.5 167.5        240      228.144       1-FR-O-75-PP

Wendy Tracey                 PA     FR-PF    73    75     0.97 54                 65     67.5   -70     67.5   87.5    97.5 102.5 102.5       170       164.42       1-FR-PF-75-PP

Michael Tanzer               NJ     MR-O     80    82.5   0.68 25                 125    -140   -148    125    205     220   227.5 227.5     352.5     240.828      1-MR-O-82.5-PP

Lawrence Melillo             NJ      M-G     84    90     0.66 20                 170    -180   -180    170    220     235   -245   235       405      268.798       1-M-G-90-PP

David Amici                 MD      MR-T3    88    90     0.64 19                 140    -145 -145      140     155 162.5    170    170       310      199.857      1-MR-T3-90-PP
Matthew Rosenberg           VA      MR-T3    89    90     0.64 18                  95    102.5 -110     103    147.5 155     165    165      267.5     171.842      2-MR-T3-90-PP

Mark Jones                   PA     MR-J     89    90     0.64 22                137.5   145    150     150    205     220   -228   220       370       237.17       1-MR-J-90-PP

Gene Santomartino           MD     MR-M1     89    90     0.64 49                127.5   135    -143    135    190     205   220    220       355       227.8       1-MR-M1-90-PP

Andrew DiCecco               PA     MR-O     91    100    0.63 24                132.5 142.5    145     145    227.5   245   -253   245       390      247.338      1-MR-O-100-PP

Douglas McMillen            MD      MR-PF    105   110    0.6    34               150    172.5 -185     173    247.5   275   -280   275      447.5     267.873      1-MR-PF-110-PP


                                                       Wilk
Bench Press Results                          Bwt WtCls s     Ag               Best              Best Sub                            Best    (1) Best      (2)
Name                       Team      Div     (kg) (kg) Coeff e SQ-1 SQ-2 SQ-3 SQ BP-1 BP-2 BP-3 BP Total DL-1 DL-2 DL-3              DL        BP      Wilks Pts   Pl-Div- WtCls-Evt
Elizabeth L. Bondurant      NJ      F-M2      77 82.5 0.94 55                      80  85 -87.5 85                                             85       79.824      1-F-M2-82.5-BP

Elizabeth L. Bondurant       NJ      F-PF    77    82.5   0.94 55                 80      85    -87.5   85                                    85        79.824      1-F-PF-82.5-BP

Elizabeth L. Bondurant       NJ    F-PFM2    77    82.5   0.94 55                 80      85    -87.5   85                                    85        79.824     1-F-PFM2-82.5-BP

Elizabeth L. Bondurant       NJ     FR-O     77    82.5   0.94 55                 80      85    -87.5   85                                    85        79.824      1-FR-O-82.5-BP


Elizabeth L. Bondurant       NJ   FR-PFM2 77       82.5   0.94 55                 80      85    -87.5   85                                    85        79.824     1-FR-PFM2-82.5-BP

Ethan Greenberg              NJ     M-T2     56    56     0.92 17                 90     -95.5 -95.5    90                                    90        82.512       1-M-T2-56-BP

Nathanial Soto               PA     MR-J     70    75     0.75 21                -125 132.5 -138        133                                  132.5      99.083       1-MR-J-75-BP

Conrad Mann                  VA     M-M3     73    75     0.73 65                 90      95    -97.5   95                                    95        69.284       1-M-M3-75-BP

Brian Gander                 PA     MR-O     68    75     0.76 30                 95     100    -108    100                                   100       76.47        1-MR-O-75-BP

Ozzie Hyppolite              NY     MR-O     80    82.5   0.68 33                 140     145    150    150                                   150      102.09       1-MR-O-82.5-BP
Dominic Ambrosano            PA     MR-O     78    82.5   0.69 35                 145    -158   -158    145                                   145      100.282      2-MR-O-82.5-BP

Eric Kisielowski             PA    MR-Col    84    90     0.66   0               122.5   130    -133    130                                   130       86.281      1-MR-Col-90-BP
Location: Greater Philadelphia Expo Center                                                                                                                                  Date: December 7 , 2013




Howard Aaron                 PA    MR-M3     87    90     0.65 60                 150    -153 152.5 150                                      150       97.785      1-MR-M3-90-BP

Shamari Williams             PA      M-O     89    90                            -130    -130   -130   0                                      0

Jeff McDaniel                PA     MR-O     89    90     0.64 32                182.5 -193 192.5 183                                       182.5     117.457       1-MR-O-90-BP

Jeff McDaniel                PA     MR-O     89    90     0.64 32                182.5 -193 192.5 183                                       182.5     117.457       1-MR-O-90-BP

Ron Zsido                    PA      M-O     98    100    0.61   0               212.5   225    227.5 228                                   227.5     139.844       1-M-O-100-BP

Al Fortunato                 NY    MR-M2     98    100    0.62 50                -153 152.5 -160       153                                  152.5      93.788      1-MR-M2-100-BP

Ed Cywinski                  PA     MR-O     96    100    0.62 29                 160    -170   -170   160                                   160       98.88       1-MR-O-100-BP

Tim Durrett                  VA    MR-M1     104   110    0.6    40              202.5 -210     -210   203                                  202.5      121.54      1-MR-M1-110-BP


David Mullen                 PA   MR-PFM1 111      125    0.59 43                 150    155    -158   155                                   155       90.939     1-MR-PFM1-125-BP

Alvin Belfield               VA      M-O     132 125+     0.56 50                 230    -238 237.5 238                                     237.5     133.926      1-M-O-125+-BP

Tom Murray                   PA     MR-O     168 125+     0.54 25                227.5 242.5 -250      243                                  242.5      131.92      1-MR-O-125+-BP

Richard Malmed               PA     M-M4     78    82.5   0.69 72                132.5 -143     -143   133                                  132.5      91.637      1-M-M4-82.5-BP


                                                       Wilk
                                             Bwt WtCls s     Ag               Best              Best Sub                           Best    (1) Best      (2)
Deadlift Results Name      Team     Div      (kg) (kg) Coeff e SQ-1 SQ-2 SQ-3 SQ BP-1 BP-2 BP-3 BP Total DL-1 DL-2 DL-3             DL        DL      Wilks Pts   Pl-Div- WtCls-Evt
William Green               PA     MR-M1      73   75  0.73 40                                           190  200  215             215       215      156.176      1-MR-M1-75-DL

Ryan Ceccarelli              NJ     MR-O     73    75     0.73 23                                            177.5   195    205    205       205      148.912       1-MR-O-75-DL

Chris D'Amato                PA      M-O     75    75     0.71 23                                            -165    165    187.5 187.5     187.5      133.61       1-M-O-75-DL

Dominic Ambrosano            PA     MR-O     78    82.5   0.69 35                                            -150    150    157.5 157.5     157.5     108.927      1-MR-O-82.5-DL

Gene Santomartino           MD     MR-M1     89    90     0.64 49                                            190     205    220    220       220      141.174      1-MR-M1-90-DL

Dave Yarnell                 PA     M-M2     98    100    0.61   0                                           220     -240   240    240       240      147.528      1-M-M2-100-DL

Frank Panaro                 NY    MR-M3     108   110    0.59 62                                            230     -273   -273   230       230      136.022      1-MR-M3-110-DL

Cary Soloyna                 NY     MR-O     103   110    0.6    32                                          250     267.5 -280    267.5    267.5     160.794      1-MR-O-110-DL
Location: Greater Philadelphia Expo Center   Date: December 7 , 2013
Location: Greater Philadelphia Expo Center   Date: December 7 , 2013
Location: Greater Philadelphia Expo Center   Date: December 7 , 2013
Location: Greater Philadelphia Expo Center   Date: December 7 , 2013
Location: Greater Philadelphia Expo Center   Date: December 7 , 2013
Location: Greater Philadelphia Expo Center   Date: December 7 , 2013
Location: Greater Philadelphia Expo Center   Date: December 7 , 2013
Location: Greater Philadelphia Expo Center   Date: December 7 , 2013
Location: Greater Philadelphia Expo Center   Date: December 7 , 2013
Location: Greater Philadelphia Expo Center   Date: December 7 , 2013
