                                                                                                                                               CPF National Pro Raw/Equipped
  2-Jun-12
                                        BWt                                 Lot                                                                                                                                                                                               Best                               Age &
          Name             Age   Div            WtCls (Kg)   Glossbrenner         RH Sq   Squat 1   Squat 2   Squat 3   Squat 4   Best Squat   RH BP    Bench 1   Bench 2   Bench 3   Bench 4   Best Bench   Sub Total   Deadlift 1   Deadlift 2   Deadlift 3   Deadlift 4              PL Total   Coeff Score            Pl-Div-WtCl   Events
                                        (Kg)                                 #                                                                                                                                                                                               Deadlift                            Coeff

    Camille Tremblay       14    F15R   73.8        75          0.8453             KO      120       135       142.5                142.5        2        52.5     62.5      -67.5                 62.5        205          125          140         147.5        -155        147.5      352.5       297.95      366.48     1-F15R       PL
     Gwen Sheridan         16    F17R   55.4        56          1.0530             GO      52.5      58.5       60                    60         0        50        -55       -55                   50         110          90          97.5          105          115         105       215.0       226.40      255.83     1-F17R       PL
      Stacey Jensen        22    FJR    64.4       67.5         0.9335             FO      170       182.5     -190                 182.5        1        100       110      -115                  110         292.5        160          170                                   170       462.5       431.72      436.04     1-FJR        PL
       Alyssa Smith        20    FJRR    81        82.5         0.7956             JO      150       160       167.5    -172.5      167.5        2        85        90       -92.5                  90         257.5       192.5         200         -205                      200       457.5       363.96      374.88     1-FJRR       PL
    Courtney Doucette      23    FJRR   67.5       67.5         0.9000             GO       60       67.5      -72.5                 67.5        2        37.5     42.5       -45                  42.5        110          -60          60                                              170.0       152.99      152.99     2-FJRR       PL
     Nancy Bouchard        26    FOR    55.8        56          1.0469             HI      82.5      97.5      -105                  97.5        1        37.5     62.5      67.5                  67.5        165          110          120         132.5                    132.5      297.5       311.45                 1-FOR        PL
      Olga Kidanov         29    FOR    82.6        90          0.7860             GO      -110      115       125                   125         2        -65       70       72.5                  72.5        197.5       112.5         125        -137.5                     125       322.5       253.47      253.47     2-FOR        PL
     Deja Blagojevic       33    FOR    72.4        75          0.8563             GO     -142.5                                                 2        70        80       82.5                  82.5                     155         162.5        167.5                    167.5                                                      PL
   Alexandre Tremblay      17    M17R   72.3        75          0.7079             LO      157.5     170      -182.5                 170         2       112.5     122.5    -132.5                122.5        292.5        180          201        -207.5                     201       493.5       349.35      377.30     1-M17R       PL
        Wei Seah           19    M19R   76.4       82.5         0.6793             LO      170       182.5     -190                 182.5        3       102.5      110     -112.5                 110         292.5        215         227.5         235         242.5        235       527.5       358.33      372.66     1-M19R       PL
       John Marsh          19    M19R   54.7        56          0.9148             LO       90       100       -110                  100         2        55        60        -65                   60         160          135         -145         147.5                    147.5      307.5       281.30      292.55     2-M19R       PL
       Artem Konyk         22    MJR    81.8       82.5         0.6482             EO      330       -350      350                   350         2        205      217.5      228      -230        228         578          250          270         -290                      270       848.0       549.67      555.17     1-MJR        PL
     Simon Boudreau        22    MJRR   115.7      125          0.5555             QO      260       270       -282                  270         4        185      192.5    -207.5                192.5        462.5        340          355         -365                      355       817.5       454.08      458.62    1-MJRR        PL
     Guillame Voyer        21    MJRR   89.4        90          0.6142             KO      215       225       231       235         231         2        185     -202.5    -202.5                 185         416          245          265        -272.5                     265       681.0       418.24      426.60    2-MJRR        PL
       David Snow          23    MJRR   89.7        90          0.6130             MO      200       215       230                   230         4        125       140      -150                  140         370         252.5        272.5       -287.5                    272.5      642.5       393.85      393.85    3-MJRR        PL
      Robert Meade         21    MJRR   74.9        75          0.6928             KO      160       170       175                   175         2        -100      110     -117.5                 110         285          200          210          215                      215       500.0       346.38      353.30    4-MJRR        PL
    Robert Brownrigg       21    MJRR   112.2      125          0.5595             NO      190       207.5     227.5                227.5        3        125     -137.5     137.5                137.5        365         227.5         250                                   250       615.0       344.09      350.97    5-MJRR        PL
    Stephane Cossette      22    MJRR   89.8        90          0.6126             NO      192.5     212.5     -220                 212.5        3        110      -125      -125                  110         322.5        205          230         -240                      230       552.5       338.46      341.85    6-MJRR        PL
      Liam McBirnie        22    MJRR   92.6       100          0.6027             NO      175       185       192.5                192.5        3        90        95       102.5                102.5        295          200         -230         232.5                    232.5      527.5       317.90      321.08    7-MJRR        PL
      Jack O'Rourke        20    MJRR   80.1       82.5         0.6573             NO      107.5     117.5     127.5                127.5        3        105      -115      -115                  105         232.5       142.5         155          170                      170       402.5       264.56      272.50    8-MJRR        PL
   Keenan Hollingsworth    22    MJRR    96        100          0.5920             NO     -227.5     227.5     -245                 227.5        2       -137.5                                                                                                                                                                          PL
       Tom Hayes           47    MM2    99.4       100          0.5828             KO      145       155      -167.5                 155         3        110      117.5     122.5                122.5        277.5        200         212.5       -227.5                     200       477.5       278.29      301.11     1-MM2        PL
       Derek Tiller        54    MM3R    97        100          0.5891              II     -190      -190      190                   190         2        130     -132.5    -137.5                 130         320         237.5         250         -255                      250       570.0       335.79      404.29    1-MM3R        PL
      Gary Bobrovitz       60    MM5    59.9        60          0.8414             EO      167.5     185       -190                  185         2        125       135      -140                  135         320          165         -180         -180                      165       485.0       408.08      546.83     1-MM5        PL
        Matt Geisa         24    MO     89.5        90          0.6138             KO      -300      300       -310                  300         3        -185      185      -195                  185         485          250         -260                                   250       735.0       451.11      451.11      1-MO        PL
        Matt Brass         28    MO     96.2       100          0.5914             KI      260      -272.5    -272.5                 260         3        175     -182.5     182.5                182.5        442.5        210         227.5        -235                     227.5      670.0       396.24      396.24      2-MO        PL
      Shane Church         28    MO     109        110          0.5640              II     -410      -410      -455                              2       252.5    -272.5    -272.5                252.5                                                                                                                                  PL
      Joel Boulianne       27    MOR     90         90          0.6119             LI      262.5     277      -287.5                 277         3        200       215                            215         492          300         -333         -333                      300       792.0       484.59      484.59     1-MOR        PL
       Jason Argue         31    MOR    101.3      110          0.5783             PI      235       262.5     275                   275         3        150      167.5     -175                 167.5        442.5        270          295          310                      310       752.5       435.13      435.13     2-MOR        PL
     Jonathon Gilbert      29    MOR    89.9        90          0.6143             LO      230       -240                            230         3       172.5    -182.5                          172.5        402.5        250         272.5                                 272.5      675.0       414.62      414.62     3-MOR        PL
   Jean-Phillipe Leblanc   24    MOR    98.4       100          0.5854             LI     -227.5     247.5     -255                 247.5        3       -142.5     155     -167.5                 155         402.5       247.5        262.5        272.5                    272.5      675.0       395.11      395.11     4-MOR        PL
       Dain Wallis         28    MOR    72.4        75          0.7071             KO      145       165       175                   175         2       112.5      125      -130                  125         300          230          245        -272.5                     245       545.0       385.37      385.37     5-MOR        PL
     Lawson Stratford      34    MOR    72.1        75          0.7095             JO      162.5    -177.5    -177.5                162.5        2        97.5     -100       100                  100         262.5       227.5        -235                                  227.5      490.0       347.63      347.63     6-MOR        PL
        Caleb Cox          27    MOR    100        100          0.5813             OO      182.5     200       207.5                207.5        3       132.5     137.5     142.5                142.5        350          230          240         -255                      240       590.0       342.97      342.97     7-MOR        PL
     Alex Hoplyakov        29    MOR    87.6        90          0.6214             OO      140       150       -155                  150         3        120      127.5      130                  130         280          175         -185         -185                      175       455.0       282.71      282.71     8-MOR        PL
       Thom Lamb           38    MOR    149.3     SHW           0.5237             NI      260       275       -290                  275         3        160      -175                            160         435         -320                                                                                                          PL
    Jordan Williamson      22    MJRR   98.3       100          0.5856                                                                           3        170      177.5      185      -197.5      185                                                                                   185.0       108.34      108.34    1-MJRR        BP
       David Snow          23    MJRR   89.7        90          0.6130                                                                           4        125       140                            140                                                                                   140.0        85.82      85.82     2-MJRR        BP
     Michael Krause        43    MM1R   79.4       82.5         0.6612                                                                           2       147.5      160      -165                  160                                                                                   160.0       105.79      109.07    1-MM1R        BP
       Derek Tiller        54    MM3R    97        100          0.5891                                                                           2        130                                      130                                                                                   130.0        76.58      92.21     1-MM3R        BP
      Gary Bobrovitz       60    MM5    59.9        60          0.8414                                                                           2        125       135     -137.5                 135                      245                                                          135.0       113.59      152.21     1-MM5        BP
       Curtis Page         37    MOR    108        110          0.5655                                                                           3       -187.5   -187.5     187.5                187.5                                                                                  187.5       106.03      106.03     1-MOR        BP
      Richard Brown        36    MSM    138.3      140          0.5326                                                                           3       -262.5    262.5     -275                 262.5                                                                                  262.5       139.79      139.79     1-MSM        BP
        Clark Yeo          38    MSM    83.7        90          0.6387                                                                           0        100      -110      -110                  100                                                                                   100.0        63.87      64.87      2-MSM        BP
      Daoud Yaqoob         38    MSMR    82        82.5         0.6472                                                                           2        155       160       165                  165                                                                                   165.0       106.78      106.78    1-MSMR        BP




Chief Referee                                                                                                                                                 Side Referee                                                                                                                                                       Side Referee
________________________                                                                                                                               ________________________                                                                                                                                    ________________________
________________________                                                                                                                               ________________________                                                                                                                                    ________________________
