                                                                                                        CAPO AUSTRALIAN POWERLIFTING
                                                                                                                (Affiliated to World Powerlifting Congress)
                                                                                                                         SCORE SHEET

                       EVENT:                                    State Titles                                   VENUE:       Healthworks West End                                                    DATE:                        9.05.15
                NAME            Age   Cat.      R, RP    BWT       Wt.                      SQUAT                              BENCHPRESS                     Sub                      DEADLIFT                Total     Glossbrenner              Master          Over All
                                               SP, MP              Div        1         2           3       4        1           2        3           4       Total      1         2         3        4                  No.      Total      No.         Total      Place

Coralie Weir                    53     M3           R    51.9       52      105.00    -110.00   110.00               80.00         85.00    -87.50            195.00    145.00   152.50     157.50   -160.00   352.50   1.1093      391.03                  0.00


Chantel Coleman                 36     SM           RP   54.6       56      107.50    115.00    125.00               50.00        -57.50    -57.50            175.00    110.00   122.50     130.00             305.00   1.0653      324.92                  0.00


Jade Harling                    29         S        R    59.5       60       90.00     95.00        97.50            57.50         61.00    -62.50            157.50    127.50   135.00     140.00             297.50 0.99425       295.79                  0.00


Pippa Chaill                    30         S        R    68.5       75       -60.00    -60.00       60.00            40.00        -42.50    42.50             102.50     80.00    90.00      95.00             197.50 0.88985       175.75                  0.00


Andy Kao                        20         J        R    67.5      67.5     145.00    152.50    160.00              105.00       -115.00   115.00             275.00    220.00   235.00    -247.50             510.00   0.748       381.48                  0.00


Steven Ho                       22         J        R    75.5      82.5     160.00    170.00    -175.00             110.00        120.00   -130.00            290.00    180.00   200.00     220.00             510.00   0.68515     349.43                  0.00


Andrew Dennet                   20         J        RP   80.1      82.5     195.00    -205.00   205.00              115.00       -120.00   -122.50            320.00    245.00   257.50     267.50             587.50 0.652625      383.42                  0.00


Nich Wirth                      27         S        R    81.0      82.5     180.00    190.00    192.50              100.00        110.00   -112.50            302.50    220.00   230.00     235.00             537.50 0.62563       336.28                  0.00


Sunny Manning                   18     T3           R    76.9      82.5     110.00    117.50    125.00              110.00       -112.50                      235.00    170.00   180.00     187.50             422.50    0.6761     285.65                  0.00


Nick Evans                      43     M1           R    88.8       90      -160.00   -180.00   -180.00              90.00        110.00   -120.00             -50.00   160.00   200.00     215.00             165.00 0.61645       101.71                  0.00


                                                                                                                                                                0.00                                             0.00                 0.00                  0.00


Jeff Lam                               SM           RP   89.6       90      180.00    200.00                        160.00        180.00   -190.00            380.00    240.00   260.00     272.50             652.50 0.61335       400.21                  0.00


Jamie Cougan                    27         S        R    89.9       90      162.5     167.50    175.00              122.00        127.50   130.00             305.00    215.00   232.50                        537.50 0.61225       329.08                  0.00


Nick Dimakis                    24         S        RP   92.3      100      185.00    205.00    -225.00             145.00       -155.00                      350.00    240.00   255.00                        605.00 0.60365       365.21                  0.00

Neil Newwan                     34.00 SM       RP         95.90    100.00   210.00    225.00    235.00             -150.00        160.00   165.00             400.00    250.00   275.00     290.00             690.00 0.59225       408.65                  0.00


Tai La                          17     T2           R    96.0      100      145.00    155.00    165.00              110.00        120.00   -125.00            285.00    195.00   210.00    -225.00             495.00 0.59195       293.02                  0.00


Julien Tresch                   37     SM           R    98.7      100      205.00    225.00    235.00              130.00        140.00   -150.00            375.00    280.00   300.00     312.50             687.50 0.58455       401.88                  0.00


Neill Cahill                    33     SM           R    98.9      100      -180.00   180.00    -200.00             120.00        130.00   -135.00            310.00    230.00   -252.50   -252.50             540.00 0.58405       315.39                  0.00


Samuel Gray                     21         J        R    100.0     100      200.00    215.00    220.00              140.00        150.00   -160.00            370.00    250.00   275.00    -280.00             645.00   0.5813      374.94                  0.00


Daniel Shaw                     18     T3           R    100.0     100      150.00    160.00    170.00              110.00       -120.00   -120.00            280.00    195.00   205.00    -215.00             485.00   0.5813      281.93                  0.00


Matthew Collins                 37     SM           R    101.8     110                                             -202.50       -212.50   220.00                                                              220.00   0.5772      126.98


Chris Brown                     50     M3           RP   107.0     110      180.00    210.00    -225.00             130.00        140.00   -150.00                      200.00   220.00     230.00             580.00   0.5671      328.92


Darcy Stevens                   34     SM           R    108.6     110                                              180.00        190.00   200.00    205.00                                                    200.00 0.56455       112.91

Daniel Cann                     41.00 M1       R         114.70    125.00   250.00    270.00                        140.00        150.00   160.00             430.00    280.00   290.00     300.00             730.00 0.55655       406.28                  0.00
