17-Dec-16 UPA Winter Rack Attack
                                 BWt    WtCls   Schwartz/   Squat   Squat    Squat   Squat   Best Bench      Bench    Bench    Bench    Best   Sub Deadlift Deadlift Deadlift Best                  Coeff
      Name          Age    Div                               1       2        3       4             1          2        3        4                   1        2        3     Deadlift
                                                                                                                                                                                      PL Total                Pl-Div-WtCl
                                 (Kg)    (Kg)    Malone                                      Squat                                     Bench   Total                                                Score

Danelle Warner      35    FM2R 67       67.5     0.731      154.3 -170.9 170.9        0      170.9   77.16   99.21 -132.3        0     99.21   270.1   176.4 192.9    226       226     496.035 164.4075 1-FM2R-67.5
Courtney Jewell     34    FM2R 90        90      0.585      137.8 159.8 209.4         0      209.4   137.8   159.8 -192.9        0     159.8   369.3   187.4   237    259       259     628.311 166.8105 1-FM2R-90
Dee Parsons         49    FM2R 85.2      90      0.606      -303.1 -303.1 -303.1      0        0     132.3   -137.8 -137.8       0     132.3     0     -303.1 -303.1 -303.1      0         0       0          0

Tanye Lacombe       56    FM4R 113      125      0.533      220.5    -248     248    264.6    248    143.3   154.3 159.8 -165.3        159.8   407.9   275.6   281.1   -308.6   281.1 688.9375 166.6875 1-FM4R-125
Erica Wagner        17    FT2R  63      67.5     0.774      115.7   -132.3   148.8     0     148.8   77.16   -88.18 -93.7  0           77.16    226    181.9   187.4   203.9    203.9 429.897 150.9495 1-FT2R-67.5
Tana Sinarski       23     FJR 59.5      60       0.82      330.7   -347.2   347.2     0     347.2   187.4   -198.4 -198.4 0           187.4   534.6   358.2   380.3   -391.3   380.3 914.909 340.2585 1-FJR-60
                                                                                                                                                                                               280.5302
Ashley Petro        22    FJR    58.9    60      0.844      270.1   -297.6   297.6    0      297.6   132.3   -148.8 -165.3       0     132.3   429.9   264.6   286.6   303.1    303.1 733.0295    5      2-FJR-60
                                                                                                                                                                                                   237.4792
Samantha Clark      22    FJR    73.7    75      0.674      297.6   325.2    341.7    0      325.2   132.3   154.3    -165.3     0     154.3   479.5   275.6   286.6   297.6    297.6 777.1215                 1-FJR-75
                                                                                                                                                                                                       5
Jessica Jancewicz   29 FOR 54.6          56        0.9       -226    226 231.5        0      231.5   121.3 126.8      137.8      0     137.8   369.3   270.1 286.6     308.6    308.6   677.9145   276.6885    1-FOR-56
Jodie Burford       25 FOR 58.8          60       0.83      418.9   -463  -463        0      418.9   181.9 192.9      198.4      0     198.4   617.3   402.3 429.9     -435.4   429.9   1047.185   394.2975    1-FOR-60
Ashley Martin       30 FOR 65.6         67.5     0.745      170.9 198.4 -209.4        0      198.4    93.7  104.7     110.2      0     110.2   308.6   253.5 286.6     297.6    297.6    606.265    204.875   1-FOR-67.5
Emma Jarman         30 FOR 80.7         82.5     0.629      347.2 -385.8 -385.8       0      347.2   192.9 214.9       -226      0     214.9   562.2   374.8 424.4     -440.9   424.4   986.5585   281.4775   1-FOR-82.5
Casey Gaspari       29 FOR 89.8          90      0.586      -352.7 352.7 -374.8       0      352.7   209.4   226      -231.5     0      226    578.7   314.2 330.7     -352.7   330.7   909.3975   241.7662    1-FOR-90
Alex Gall           24 FOR 89.7          90      0.587      -253.5 253.5 292.1        0      292.1   170.9 187.4      -192.9     0     187.4   479.5   303.1 341.7     369.3    369.3    848.771   225.8025    2-FOR-90
Alexis Lesniak      22 FOR 97.2         100      0.561      203.9 231.5 264.6         0      264.6   115.7 143.3      -159.8     0     143.3   407.9   270.1 319.7     358.2    358.2   766.0985   195.0517   1-FOR-100
Daniel Woost        33 MOSM 108         110      0.539      -755.1 755.1 -777.1       0      755.1   -556.7 -556.7    -556.7     0       0       0     -622.8 -622.8   -622.8     0         0          0           0
Kaydn Joseph        14 MT2R 54.7         56      0.898      148.8 154.3 -159.8        0      154.3    93.7  99.21     104.7    110.2   104.7    259     237    259     281.1    281.1    540.127   219.9855   1-MT2R-56

Matthew West        43    MM1R   121     125     0.526      402.3 451.9   463         0       463    275.6   303.1    -314.2     0     303.1   766.1   501.5 534.6 -540.1       534.6   1300.714    310.576   1-MM1R-125
Skyler Sommers      22     MJR   74.3    75      0.669      451.9 501.5 -507.1        0      501.5   231.5   -253.5   -253.5     0     231.5    733    440.9 -501.5 -501.5      440.9   1173.949   356.4555    1-MJR-75
Grant McDaniel      20     MJR   81.1   82.5     0.627      363.8 402.3 -435.4        0      402.3   231.5   253.5     259       0      259    661.4   402.3   463    485        485    1146.392    325.936   1-MJR-82.5
Nicholas Mersinas   23     MJR    80    82.5     0.633      341.7 363.8 -385.8        0      363.8     248   -264.6   264.6      0     264.6   628.3   424.4   463   -485        463    1091.277   313.2855   2-MJR-82.5
Nicholas Torian     23     MJR   87.8    90      0.594      407.9 446.4   474         0       474      237   253.5    -275.6     0     253.5   727.5   407.9 457.5    485        485     1212.53    326.865    1-MJR-90
Kyle Burke          21     MJR   95.5    100     0.566      363.8 385.8 407.9         0      407.9   209.4   231.5    242.5      0     242.5   650.4   374.8 407.9 429.9        429.9   1080.254    277.487   1-MJR-100
Dan McLeod          33    MSMR   121     125     0.526      358.2 380.3 402.3         0      402.3   270.1   286.6    303.1      0     303.1   705.5   407.9 429.9 446.4        446.4   1151.903   274.7827   1-MSMR-125
Josh Manley         36    MSMR   152    SHW      0.492      424.4 -457.5  474         0       474    264.6   286.6    -303.1     0     286.6   760.6   429.9   463    485        485    1245.599     277.98   1-MSMR-SHW
Dave Smiley         47    MM2R   109     110     0.538      617.3 644.8 -672.4        0      644.8   413.4   429.9    -446.4     0     429.9   1075    595.2 -600.8 -600.8      595.2   1669.984   407.3077   1-MM2R-110
Jesse Augenstein    39     MO     99     100     0.557      -821.2 821.2 -859.8       0      821.2   573.2   -600.8   -600.8     0     573.2   1394    -672.4 672.4 -677.9      672.4   2066.812   521.7187   1-MO -100
Chris Leskiw        28    MOR    65.7   67.5     0.744      347.2 -358.2 -363.8       0      347.2    -237    237     -242.5     0      237    584.2   418.9 435.4 -446.4       435.4   1019.627   344.0537   1-MOR-67.5
Michael George      21    MOR    65.5   67.5     0.746      352.7 380.3 -391.3        0      380.3     226   -253.5   -253.5     0      226    606.3   385.8 -418.9 -418.9      385.8     992.07     335.7    2-MOR-67.5


Ivan Bercian        30    MOR    64.6   67.5     0.756      292.1   314.2    341.7    0      341.7   170.9   198.4    -220.5     0     198.4   540.1   297.6   314.2   330.7    330.7   870.817 298.5015 3-MOR-67.5
Justin Caputo        38   MOR   74.3    75    0.669   567.7    589.7   -611.8    0      589.7   231.5    248      259     0    259    848.8   562.2   -589.7   -595.2   562.2   1410.944 428.416 1-MOR-75
Johnny Difrancesco   23   MOR   74.8    75    0.666   451.9    479.5   501.5     0      501.5   352.7   385.8    -396.8   0   385.8   887.4    485    523.6    -534.6   523.6   1410.944 426.176 2-MOR-75
Collin Grant         25   MOR   74.4    75    0.669   501.5    534.6   -551.2    0      534.6   330.7   358.2    -363.8   0   358.2   892.9    474    512.6    -523.6   512.6   1405.432 426.2962 3-MOR-75
Cashmir Hughes       29   MOR   74.2    75     0.67   -407.9   435.4   -451.9    0      435.4   270.1   286.6    -303.1   0   286.6    722     496    534.6    551.2    551.2   1273.156 386.9827 4-MOR-75
Vincent Buttitta     26   MOR   78.4   82.5   0.642   440.9     -463    463      0       463    242.5   264.6    -286.6   0   264.6   727.5   418.9   451.9    479.5    479.5   1207.018 351.714 1-MOR-82.5
Freddy Cruz          26   MOR   81.8   82.5   0.623   374.8    402.3   407.9     0      407.9   275.6   -286.6   -292.1   0   275.6   683.4   451.9   -501.5   -501.5   451.9   1135.369 320.845 2-MOR-82.5
Mike Brilla          30   MOR   89.3    90    0.588   600.8    633.8   650.4     0      650.4   369.3   391.3    -402.3   0   391.3   1042    633.8   672.4    -705.5   672.4   1714.076 457.2477 1-MOR-90
Alex Lugo            26   MOR   88.9    90    0.594   600.8    622.8   661.4     0      661.4   363.8   374.8    -385.8   0   374.8   1036    501.5   529.1    -551.2   529.1   1565.266 421.669 2-MOR-90
                                                                                                                                                                                1460.547 395.4462
Mike Sweeney         24   MOR   87.2   90     0.597   501.5    534.6   556.7     0      556.7   303.1   319.7    341.7    0   341.7   898.4   518.1   -562.2   562.2    562.2      5        5         3-MOR-90

Connor Lesniak       22   MOR    86    90     0.602   429.9     474    501.5     0      501.5   297.6   325.2    -341.7   0   325.2   826.7    474    529.1    540.1    540.1 1366.852 373.364        4-MOR-90
Chris Silvetti       26   MOR   89.7   90     0.587   352.7    374.8   402.3     0      402.3   253.5   286.6    297.6    0   297.6    700    352.7   402.3    440.9    440.9 1140.880 303.5137       5-MOR-90

Gordon Potter        31   MOR   87.6   90     0.595   264.6 297.6 303.1           0     303.1   253.5   -275.6   -275.6   0   253.5   556.7   363.8   418.9    424.4    418.9   975.5355    263.376    6-MOR-90
Odell Chaffe         29   MOR   86.3   90     0.601   -297.6 -336.2 336.2       352.7   336.2   198.4   220.5     -226    0   220.5   556.7   341.7   374.8    385.8    385.8   942.4665   256.8847    7-MOR-90
Mario D'Amico        24   MOR   99.5   100    0.555   523.6 567.7 611.8           0     611.8   380.3   402.3    424.4    0   424.4   1036    578.7   622.8    666.9    666.9   1703.053   428.9692   1-MOR-100
Joe Schillero        27   MOR   99.3   100    0.556   490.5 534.6 562.2           0     562.2   330.7   352.7    -363.8   0   352.7   914.9   584.2   -628.3   -628.3   584.2   1499.128    377.944   2-MOR-100
Trevor Stankavich    23   MOR    94    100    0.571    474   507.1 523.6          0     523.6   297.6   325.2    341.7    0   341.7   865.3   501.5   551.2    578.7    578.7   1444.013    374.005   3-MOR-100
Joshua Black         27   MOR   98.9   100    0.559   440.9   -463   463          0      463    319.7   336.2    352.7    0   352.7   815.7   440.9    463      496      496    1311.737    332.843   4-MOR-100
Anthony Miranda      31   MOR   98.6   100    0.558   551.2 589.7 611.8           0     611.8     0       0         0     0     0       0     551.2   578.7    -584.2   578.7      0           0          0
Jeff Vasenda         30   MOR   108    110    0.539   468.5 -501.5 -507.1         0     468.5   363.8   -380.3   -380.3   0   363.8   832.2   584.2   622.8    -639.3   622.8   1455.036    355.608   1-MOR-110
Phillip Cody         27   MOR   108    110    0.539   424.4 457.5    474          0      474    369.3   391.3    -407.9   0   391.3   865.3   534.6   562.2    578.7    578.7   1444.013    352.914   2-MOR-110
Walter Watts         26   MOR   107    110    0.542   402.3 457.5 -501.5          0     457.5   275.6   319.7    -341.7   0   319.7   777.1   545.6   589.7    -617.3   589.7   1366.852    336.164   3-MOR-110
David Roob           24   MOR   133    140    0.511   451.9    496  -523.6        0      496    319.7   347.2    -363.8   0   347.2   843.3   545.6   584.2    606.3    606.3   1449.524   336.2455   1-MOR-140
Taylor Price         30   MOR   139    140    0.504   440.9    485  501.5         0     501.5   281.1   308.6    319.7    0   319.7   821.2   501.5   551.2    -573.2   551.2   1372.363     313.74   2-MOR-140
Quennel Marshall     31   MOR   145    145    0.498   402.3 429.9 457.5           0     457.5   363.8   402.3    418.9    0   418.9   876.3   402.3   457.5    501.5    501.5   1377.875   311.3125   1-MOR-145
Jim McGowan          47   MM2   110    110    0.537   650.4 -683.4 -700           0     650.4   374.8   -418.9   -418.9   0   374.8   1025    551.2   -584.2   600.8    600.8   1625.892   395.6687       0
17-Dec-16 UPA Winter Rack Attack
                              BWt    WtCls   Schwartz/   Bench   Bench   Bench   Bench     Best    Coeff
      Name        Age   Div                                                                                 Pl-Div-WtCl
                              (Kg)    (Kg)    Malone       1       2       3       4      Bench    Score

John Calarco      65 MM6R 81.6       82.5     0.624      286.6   292.1   297.6 -303.1 297.621     84.2535   1-MM6R-82.5
Thomas Caruso     50 MM3R 81.8       82.5     0.623      264.6   281.1   -303.1  0    281.0865    79.4325   1-MM3R-82.5


Chris Rege        31    MOR   110     110     0.537      584.2 611.8 -633.8        0     611.7765 149.0175 1-MOR-110
Dan Steltenkamp   39    MO    124     125     0.524      -832.2 -832.2 832.2       0        0        0         0
