Flight                                                                         Squat   Squat   Squat   Squat   Squat                                 Bench                                                                              IPA Reschel   Age     Weight             Reschel
No.      Lifter Name                Category        Age   Weight kg   Gender   1       2       3       4       Total   Bench 1   Bench 2   Bench 3   Total   SubTotal   DLft 1   DLft 2   DLft 3   DLft Total   Meet Total   IPA Rank   Total         Class   Class    Reschel   Master
1        Minhas, Sonny              Special         21    50          M        040.0   045.0                   045.0             040.0               040.0   085.0      065.0    070.0    075.0    075.0        160.0        45         312.8         23      52       1.955     1
1        Piche, Pierre              Special         39    52          M        052.5   055.0                   055.0   042.5     045.0     050.0     050.0   105.0      070.0    075.0    082.5    082.5        187.5        41         340.9         39      52       1.818     1
1        Hale, Colin                Special         19    62.5        M        062.5   070.0   080.0           080.0   042.5     052.5     060.0     060.0   140.0      070.0    090.0    100.0    100.0        240.0        44         324.0         19      67.5     1.35      1
1        Sobieski, David            Special         30    65.15       M        045.0   057.5   067.5           067.5   037.5     042.5     050.0     050.0   117.5      055.0    080.0    095.0    095.0        212.5        51         274.1         33      67.5     1.29      1
1        Cramer, Tricia             Special         33    69          F        022.0   025.0                   025.0   020.0               025.0     025.0   050.0      045.0    050.0    055.0    055.0        105.0        57         169.9         33      75       1.618     1
1        Luyendyck, Peter           Special         35    73.55       M        077.5   087.5   105.0           105.0   047.5     067.5     075.0     075.0   180.0      105.0    130.0    140.0    140.0        320.0        38         364.5         39      75       1.139     1
1        Cooke, Heather             Special         27    75.4        F        042.5   057.5   062.5           062.5   030.0     037.5     045.0     045.0   107.5      045.0    065.0             065.0        172.5        52         265.8         33      82.5     1.541     1
1        Anderson, Brett            Special         22    76.3        M        052.5   062.5   082.5           082.5   045.0     055.0               055.0   137.5      052.5    070.0    085.0    085.0        222.5        54         244.8         23      82.5     1.1       1
1        Erickson, Brian            Special         36    80.25       M        065.0   070.0   080.0           080.0   055.0     062.5               062.5   142.5      100.0    122.5    137.5    137.5        280.0        50         294.3         39      82.5     1.051     1
1        Stevens, Spencer           Special         39    82.9        M        082.5           110.0           110.0   062.5     077.5               077.5   187.5      127.5    145.0    182.5    182.5        370.0        37         379.6         39      90       1.026     1
1        Sullivan, Christine        Special         41    90          F        060.0   065.0   072.5           072.5   047.5                         047.5   120.0      080.0    087.5    095.0    095.0        215.0        47         308.4         44      90       1.42      1.01
1        Smith, Scott               Special         31    92.5        M        042.5   052.5   065.0           065.0   030.0     035.0     042.5     042.5   107.5      045.0    065.0             065.0        172.5        58         164.0         33      100      0.951     1
1        Ryan, Rachel               Special         40    94.55       F        057.5   070.0                   070.0   042.5     055.0     065.0     065.0   135.0      100.0    110.0             110.0        245.0        40         341.5         44      100      1.394     1
1        Russell, Harold            Special         37    100         M        082.5   102.5   137.5           137.5   057.5     067.5     072.5     072.5   210.0      102.5    130.0             130.0        340.0        46         311.1         39      100      0.915     1
1        Harding, Andrew            Special         26    109         M        092.5   102.5   112.0           112.0   072.5     090.0     100.0     100.0   212.0      127.5    145.0    160.0    160.0        372.0        43         330.0         33      110      0.887     1
2        Senger, Michelle           Open            41    55.6        F        095.0   105.0                   105.0                                         105.0      090.0    105.0    115.0    115.0                     61                       44      56       1.923     1.01
2        Hinds, Terry               Master 40-44    44    55.8        F        065.0           095.0           095.0   042.5     057.5     060.0     060.0   155.0      062.5    087.5    110.0    110.0        265.0        28         529.0         44      56       1.914     1.043
2        Greco, Lora                Masters 50-54   52    56          F        132.5   148.0                   148.0   060.0     072.5     080.0     080.0   228.0      125.0    148.5    160.0    160.0        388.0        3          861.1         54      56       1.905     1.165
2        Cochrane-Hrytzak, Cheryl   Masters 40-44   44    59.5        F        145.0   180.0                   180.0   070.0               092.5     092.5   272.5      110.0    140.0    160.0    160.0        432.5        4          809.7         44      60       1.795     1.043
2        McDougall, Andrea          Open            35    60          F        095.0   105.0   117.5           117.5   045.0               057.5     057.5   175.0      102.5    110.0    120.0    120.0        295.0        29         526.0         39      60       1.783     1
2        Kersey, Evangiline         Master 65-69    67    60          F        110.0   122.5   130.0           130.0   065.0     070.0     072.5     072.5   202.5      125.0    145.0    162.5    162.5        365.0        1          1004.2        69      60       1.783     1.543
2        Wright, Traci              Master 40-44    44    61          F        065.0   095.0                   095.0   047.5     055.0     057.5     057.5   152.5      080.0    100.0    110.0    110.0        262.5        33         481.0         44      67.5     1.757     1.043
2        Ferguson, Alex             Open            25    64.8        F        100.0                           100.0   050.0     062.5               062.5   162.5      085.0    100.0    125.0    125.0        287.5        31         484.7         33      67.5     1.686     1
2        Fuss, Bernice              Master 50-54    51    67.15       F        102.0   122.5                   122.5   081.0     090.0               090.0   212.5      105.0    120.0    135.0    135.0        347.5        19         656.5         54      67.5     1.647     1.147
2        Toews, Lauren              Teen 18-19      18    70.65       F        125.0   130.0   137.5           137.5   065.0     072.5               072.5   210.0      130.0    137.5    145.0    145.0        355.0        24         567.3         19      75       1.598     1
2        Packer, Kim                Master 45-49    47    80.65       F        190.0   202.5           220.0   202.5   065.0     102.5               102.5   305.0      170.0    182.5             182.5        487.5        5          787.0         49      82.5     1.492     1.082
3        Bobrovitz, Gary            Masters 55-59   56    59.6        M        165.0   182.5                   182.5   122.5     130.0               137.5   320.0      162.5                      162.5        482.5        2          866.9         59      60       1.442     1.246
3        Hurley, Bill               Open            27    60          M        067.5   090.0                   090.0   045.0     060.0               060.0   150.0      072.5    085.0             085.0        235.0        42         334.4         33      60       1.423     1
3        Boyle, Steve               Open            37    65.2        M                236.0                   236.0   092.5     125.0     137.5     137.5   373.5      182.5    205.0    227.5    227.5        601.0        7          775.3         39      67.5     1.29      1
3        Lang, Todd                 Open            38    71.4        M        125.0   147.5                   147.5   070.0     092.5               092.5   240.0      127.5    152.5    170.0    170.0        410.0        32         481.3         39      75       1.174     1
3        Roberge, Kevin             Open            33    71.55       M        140.0                           140.0             105.0               105.0   245.0      135.0    155.0    175.0    175.0        420.0        30         491.4         33      75       1.17      1
3        Wong, Scott                Teen 13-19      19    79.25       M        210.0   230.0   260.0           260.0   085.0     100.0               100.0   360.0      210.0    222.5             222.5        582.5        23         619.2         19      82.5     1.063     1
3        Greenbaum, Ben             Open            37    80.3        M        130.0                           130.0   075.0     102.5               102.5   232.5      135.0    157.5             157.5        390.0        36         409.9         39      82.5     1.051     1
3        Pereira, Birchmans         Masters 60-64   62    82          M                        220.0           220.0   065.0     072.5     075.0     075.0   295.0      230.0    235.0    240.0    240.0        535.0        9          770.6         64      82.5     1.034     1.393
3        Zalewski, Jason            Open            36    82.4        M        275.0                           275.0   102.0     142.5     155.0     155.0   430.0      257.5    270.0    287.5    287.5        717.5        13         739.7         39      82.5     1.031     1
4        Phillips, Matt             Open            31    86.9        M                295.0                   295.0   102.5                         102.5   397.5      250.0    260.0             260.0        657.5        20         652.2         33      90       0.992     1
4        Selk, Ryan                 20-23 Jr        21    88.9        M        295.0                           295.0   157.5                         157.5   452.5      250.0    272.5    282.5    282.5        735.0        14         718.8         23      90       0.978     1
4        Cook, Jason                Open            24    89          M        250.0   260.0                   260.0   147.5     160.0               160.0   420.0      210.0    225.0             225.0        645.0        22         629.5         33      90       0.976     1
4        Price, Adam                Open            33    89.2        M        075.0                           075.0   160.0                         160.0   235.0      075.0                      075.0        310.0        49         302.6         33      90       0.976     1
4        Slyk, James                Masters 45-49   46    90          M        112.5                           112.5   080.0                         080.0   192.5      100.0                      100.0        292.5        48         302.7         49      90       0.969     1.068
4        Johnston, Brian            Master 40-45    43    90          M        295.0                           295.0   150.0                         150.0   445.0      250.0                      250.0        695.0        16         694.3         44      90       0.969     1.031
4        Fisher, Andy               Master 40-45    43    90          M                                                135.0                         135.0   135.0      225.0                      225.0                     61                       44      90       0.969     1.031
4        Scott, James               Open            28    98.5        M        180.0   220.0                   220.0   110.0               150.0     150.0   370.0      185.0    210.0    232.5    232.5        602.5        25         554.9         33      100      0.921     1
4        Taylor, Richard            Master 40-44    41    99.5        M        275.0                           275.0   160.0     170.0     182.5     182.5   457.5               250.0    275.0    275.0        732.5        17         678.4         44      100      0.917     1.01
4        Copeland, Darrel           Master 45-49    46    99.5        M        210.0   227.5                   227.5   165.0               182.5     182.5   410.0      220.0    235.0             235.0        645.0        21         631.7         49      100      0.917     1.068
4        Zimmerman, Jeremy          Open            32    99.7        M        295.0                           295.0   225.0     240.0               240.0   535.0      250.0    272.5             272.5        807.5        12         740.5         33      100      0.917     1
5        Andrus, Trevor             Master 40-44    42    102.3       M        295.0           327.5           327.5   235.0                         235.0   562.5      230.0    255.0    272.5    272.5        835.0        8          772.5         44      110      0.907     1.02
5        Thomas, Chris              Open            27    104.6       M                        230.0           230.0   140.0     160.0               160.0   390.0      205.0                      205.0        595.0        27         534.9         33      110      0.899     1
5        Mallough, Patrick          Teen 17-19      18    106.5       M        185.0   210.0                   210.0   100.0     110.0     115.0     115.0   325.0               185.0    200.0    200.0        525.0        34         469.4         19      110      0.894     1
5        Velting, Cory              Master 50-54    50    106.7       M                280.0   300.0           300.0   140.0               160.0     160.0   460.0      250.0    272.5    285.0    285.0        745.0        10         752.6         54      110      0.894     1.13
5        Merrill, Michael           Open            30    109.3       M        300.0   322.5                   322.5             192.5     200.0     200.0   522.5      230.0    260.0    277.5    277.5        800.0        15         709.6         33      110      0.887     1
5        McNaughton, Kevin          Open            28    112         M                215.0                   215.0                                         215.0      227.5    240.0    260.0    260.0                     61                       33      125      0.879     1
5        Page, Guy                  20-23 Jr        23    121         M        320.0   340.0                   340.0                                         340.0                                                           61                       23      125      0.862     1
5        Chouinard, Dave (Alice)    Open            36    121.4       M                                                                                                 220.0                      220.0                     61                       39      125      0.862     1
5        Yakiwchuk, Justin          20-23 Jr        21    121.7       M                330.0                   330.0   165.0                         165.0   495.0               275.0    275.0    275.0        770.0        18         663.7         23      125      0.862     1
5        Webber, Mike               Open            37    124.5       M        365.0           387.5           387.5   230.0                         230.0   617.5      250.0                      250.0        867.5        11         744.3         39      125      0.858     1
5        Thera, Patrick             Master 45-49    45    124.5       M        125.0   140.0   150.0           150.0   150.0     170.0     180.0     180.0   330.0      145.0    160.0             160.0        490.0        35         443.5         49      125      0.858     1.055
5        Stiller, Glenn             Master 40-44    43    132         M        082.5   100.0   110.0           110.0   082.5     100.0               100.0   210.0      145.0    160.0    182.5    182.5        392.5        39         343.6         44      140      0.849     1.031
5        Mallough, Patrick          Masters 50-54   51    140         M        310.0                           310.0                       190.0     190.0   500.0      300.0    310.0             310.0        810.0        6          780.4         54      140      0.84      1.147
5        Baker, Bill                Open            35    146         M        250.0                           250.0   150.0                         150.0   400.0      220.0    250.0             250.0        650.0        26         542.1         39      999      0.834     1
6        McIver, Pamela             Masters 40-44   41    68          F                                                020.0     025.0               025.0   025.0                                              025.0        60         41.2          44      75       1.631     1.01
6        Evans, Corey               Open            38    82          M                                                227.5     250.0               250.0   250.0                                              250.0        53         258.5         39      82.5     1.034     1
6        Pereira, Brandon           13-15           13    92          M                                                042.5     045.0     047.5     047.5   047.5                                              047.5        59         45.3          15      100      0.954     1
6        Jakabowski, Peter          Master 45-49    47    98.15       M                                                          210.0               210.0   210.0                                              210.0        55         209.7         49      100      0.923     1.082
6        Fuss, Duane                Master 50-54    51    108.7       M                                                165.0     172.5               172.5   172.5                                              172.5        56         175.9         54      110      0.889     1.147
6        Wooden, Warren             Open            37    109.4       M                                                                                                                                                      61                       39      110      0.887     1
