                             Bembel Man IX
                             Groß Zimmern, 21. Dezember 2013

                                                                                Kniebeugen                     Bankdrücken                                Kreuzheben

Pl. Name, Vorname            Verein                         Geb       KG      V1      V2      V3      KB      V1      V2       V3       BD      Sub     V1      V2     V3       KH      Total    Wilks      Pkt
KDK - Frauen - KDK
 1   Forster, Claudia        Gallier (KSV Höllhöhe)        05.07.86    76,5   130,0   142,5   152,5   152,5    70,0     82,5     90,0    90,0   242,5   180,0   192,5 202,5     202,5    445,0 417,8995     12
 2   Thomsen, Tamara         FSV Sarstedt                  24.09.82    66,8   140,0   150,0   157,5   157,5    75,0     80,0    -82,5    80,0   237,5   150,0   160,0 -170,0    160,0    397,5 408,7493      9
 3   Maier, Linnéa           KSV Mannheim                  06.07.98    79,0    90,0    95,0   100,0   100,0    35,0     40,0    -42,5    40,0   140,0   105,0   112,5 117,5     117,5    257,5 237,2863      8
 4   Wahab, Avan             AV Vorwärts 05 Groß-Zimmern   02.09.87    62,4    60,0    65,0    75,0    75,0    30,0    -40,0    -40,0    30,0   105,0    75,0    85,0 100,0     100,0    205,0 221,769       7
KDK - Männer - Junioren bis 90 kg
 1   Stendebach, Sascha      KSV Mainz 08                  11.06.91    87,1   205,0 220,0 227,5       227,5   160,0    172,5    177,5   177,5   405,0   280,0 290,0    -300,0   290,0    695,0   451,4025   12
 2   Kayadan, Eren           KSV 1959 Langen e. V.         03.05.96    69,1   130,0 142,5 152,5       152,5   110,0    122,5    130,0   130,0   282,5   180,0 195,0     200,0   200,0    482,5   365,2043    9
3    Ommer, Tobias           KSO Silberrücken Dortmund     05.03.92    81,2   180,0 -190,0 190,0      190,0   110,0   -112,5    112,5   112,5   302,5   220,0 230,0     232,5   232,5    535,0    361,874    8
 4   Schneider, Marius       Aktiv Sport Trier             24.01.96    80,2   160,0 170,0 -180,0      170,0   110,0    120,0    130,0   130,0   300,0   200,0 220,0     230,0   230,0    530,0    361,248    7



                                       www.kondraschow.de
 5   Beck, Pascal            FSV Sarstedt                  22.08.94    88,8   150,0 160,0 170,0       170,0   100,0   -105,0   -105,0   100,0   270,0   210,0 220,0     230,0   230,0    500,0    321,400    6
 6   Jaron, Lucas            Sportcenter Egelsbach         27.01.95    88,8   155,0 165,0 170,0       170,0    95,0    105,0    107,5   107,5   277,5   190,0 210,0     220,0   220,0    497,5   319,793     5
7    James, Marc             AC Siegfried Darmstadt        29.12.93    82,2   140,0 155,0 165,0       165,0   100,0   -105,0   -105,0   100,0   265,0   170,0 190,0     205,0   205,0    470,0    315,558    4
 8   Schäfer, Alexander      Aktiv Sport Trier             14.01.91    89,5   150,0 -160,0 -160,0     150,0   125,0   -135,0   -135,0   125,0   275,0   200,0 210,0    -230,0   210,0    485,0    310,497    3
 9   Vogl, Florian           Gallier (KSV Höllhöhe)        24.08.94    84,8   150,0 162,5 170,0       170,0    70,0     85,0     95,0    95,0   265,0   190,0 200,0     205,0   205,0    470,0    309,824    2
10   Luzwa, Dirk             AV Vorwärts 05 Groß-Zimmern   13.10.91    80,2   135,0 145,0 152,5       152,5   105,0    115,0   -120,0   115,0   267,5   165,0 175,0     180,0   180,0    447,5    305,016    1
11   Stellrecht, Alexander   AC 92 Weinheim                19.06.96    76,2   142,5 147,5 152,5       152,5    87,5     92,5    -95,0    92,5   245,0   160,0 165,0    -170,0   165,0    410,0    288,968    1
12   Bongers, Christian      KSV Hostenbach                01.08.91    82,2   130,0 140,0 -150,0      140,0    80,0     87,5     90,0    90,0   230,0   140,0 150,0     160,0   160,0    390,0    261,846    1
13   Jacob, Marius           ---                           06.10.95    87,7   125,0 135,0 147,5       147,5    75,0     80,0    -85,0    80,0   227,5   150,0 165,0     172,5   172,5    400,0    258,840    1
14   Schwarz, Yannick        KSV Höllhöhe                  10.05.98    71,8   105,0 115,0 120,0       120,0    65,0     70,0    -72,5    70,0   190,0   145,0 160,0    -165,0   160,0    350,0    257,320    1
15   Schäfer, Paul           AC 92 Weinheim                17.09.96    76,9   100,0 105,0 110,0       110,0    67,5     72,5    -77,5    72,5   182,5   127,5 135,0     140,0   140,0    322,5   225,9113    1
16   Meyer, Michael          ---                           20.06.93    83,9    95,0 -102,5 -102,5      95,0    70,0     77,5    -82,5    77,5   172,5   135,0 -142,5    150,0   150,0    322,5   213,9143    1
KDK - Männer - Junioren plus 90 kg
 1   Kröner, Moritz          AC Siegfried Darmstadt        30.01.90    90,1   195,0 -205,0 205,0      205,0   160,0   165,0     167,5   167,5   372,5 220,0 230,0 240,0         240,0    612,5 390,775      12
 2   Pusikow, Dennis         Fit+Fun Gotha                 14.07.92   102,3   200,0 215,0 222,5       222,5   150,0   160,0     162,5   162,5   385,0 250,0 260,0 -270,0        260,0    645,0 389,064      9
 3   Rippe, Marvin           AC Siegfried Darmstadt        05.10.90    95,8   165,0 180,0 190,0       190,0   125,0   135,0     140,0   140,0   330,0 215,0 240,0 -275,0        240,0    570,0 353,229      8
 4   Stolorz, Markus         ASC Zeilsheim                 02.05.92    93,8   170,0 -180,0 180,0      180,0   125,0   130,0    -135,0   130,0   310,0 210,0 -222,5              210,0    520,0 325,364      7
 5   Witas, Paul             Body Squat                    14.12.90    95,2   130,0 140,0 -150,0      140,0   135,0   145,0    -150,0   145,0   285,0 190,0 200,0 220,0         220,0    505,0 313,807      6
 6   Schnettler, Lukas       Strength First                04.06.92   103,8   140,0 150,0 160,0       160,0   130,0   140,0    -145,0   140,0   300,0 -200,0 220,0 -235,0       220,0    520,0 312,000      5
 7   Ott, Sebastian          Sportstudio Bendel            29.07.93    96,0   140,0 155,0 170,0       170,0   100,0   110,0    -120,0   110,0   280,0 180,0 205,0 215,0         215,0    495,0 306,4545     4
KDK - Männer - Aktive bis 100 kg
 1   Mostovenko, Andrey      SV Fellbach                   26.04.90    82,1   240,0   260,0 270,0     270,0   165,0   172,5 177,5       177,5   447,5   280,0   290,0 300,0     300,0    747,5 502,2453     12
 2   Oesterle, Stefan        Powerlifting Esslingen        17.08.82    87,5   210,0   230,0 240,0     240,0   180,0   195,0 -205,0      195,0   435,0   270,0   290,0 -300,0    290,0    725,0 469,7275      9
 3   Jandorek, Andreas       Kellerkinder Kennelbach       22.04.85    92,7   245,0   260,0 -270,0    260,0   180,0   187,5 -192,5      187,5   447,5   267,5   282,5 290,0     290,0    737,5 464,035       8
 4   Podszuweit, Jeffrey       Leipzig                       12.07.77    81,8 205,0 225,0 232,5        232,5   172,5    182,5   -187,5   182,5   415,0 225,0 250,0 255,0       255,0   670,0    451,178   7
 5   Türk, Oliver              Aktiv Sport Trier             11.02.69    99,1 220,0 240,0 -250,0       240,0   160,0   -170,0   -170,0   160,0   400,0 240,0 260,0 270,0       270,0   670,0    409,236   6
 6   Schorr, Peter              ---                          13.04.78    76,8 180,0 192,5 200,0        200,0   120,0    125,0    130,0   130,0   330,0 225,0 240,0 250,0       250,0   580,0   406,638    5
 7   Eberhöfer, Chris          Kellerkinder Kennelbach       13.02.80    70,6 180,0 190,0 195,0        195,0   127,5    135,0    140,0   140,0   335,0 200,0 207,5 -212,5      207,5   542,5   403,8913   4
 8   Rodzik, Krzysztof          ---                          01.08.76    86,5 180,0 -200,0 200,0       200,0   150,0    155,0   -160,0   155,0   355,0 240,0 250,0 260,0       260,0   615,0   400,9185   3
 9   Hinz, Markus              AC Siegfried Darmstadt                    98,2 210,0 225,0 235,0        235,0   180,0    190,0   -195,0   190,0   425,0 200,0 220,0 -230,0      220,0   645,0   395,4495   2
10   Knuth, Peter              KSV 1884 Mannheim             13.06.84    93,5 180,0 190,0 200,0        200,0   160,0   -170,0    170,0   170,0   370,0 215,0 230,0 -240,0      230,0   600,0    375,960   1
11   Siegle, Matthias          SV Fellbach                   11.07.63    83,7 185,0 200,0              200,0   127,5    132,5   -137,5   132,5   332,5 217,5 227,5 -235,0      227,5   560,0    371,952   1
12   Körner, Manuel            Gallier (KSV Höllhöhe)        13.10.83    84,3 190,0 207,5 -212,5       207,5   100,0    110,0    117,5   117,5   325,0 225,0 235,0 -245,0      235,0   560,0    370,440   1
13   Schwarz, Marco            AV Vorwärts 05 Groß-Zimmern   13.12.71    73,3 165,0 172,5 -175,0       172,5   162,5   -167,5   -167,5   162,5   335,0 165,0 172,5 -180,0      172,5   507,5   367,5315   1
14   Tropea, Christopher       AV Vorwärts 05 Groß-Zimmern   23.01.85    83,5 160,0 167,5 175,0        175,0   130,0    137,5    140,0   140,0   315,0 210,0 227,5 -240,0      227,5   542,5   360,8168   1
15   Zunidza, Patrick          MS Barbell                    22.01.89    88,7 165,0 170,0 180,0        180,0   125,0    132,5   -140,0   132,5   312,5 235,0 -245,0 -245,0     235,0   547,5    352,152   1
16   Bogner, Milan             AC Germania-Schweinheim       05.07.88    93,8 165,0 172,5 180,0        180,0   132,5    140,0    147,5   147,5   327,5 215,0 225,0 235,0       235,0   562,5   351,9563   1
17   Gaurilavas, Dominik       AC Germania-Schweinheim       09.03.78    77,3 150,0 160,0 170,0        170,0   120,0    125,0   -127,5   125,0   295,0 170,0 180,0 190,0       190,0   485,0   338,5785   1
18   Kuhn, Nino                 ---                          14.05.92    81,5 150,0 165,0 180,0        180,0   100,0    110,0   -120,0   110,0   290,0 170,0 185,0 200,0       200,0   490,0    330,701   1
19   Läßle, Leo                Aktiv Sport Trier             26.01.88    98,3 170,0 190,0 -200,0       190,0   105,0   -115,0   -115,0   105,0   295,0 220,0 240,0 -250,0      240,0   535,0   327,9015   1
20   Egel, Dominik             Kellerkinder Kennelbach       31.10.82    94,7 160,0 170,0 175,0        175,0   120,0    125,0   -127,5   125,0   300,0 200,0 217,5 222,5       222,5   522,5   325,4653   1
21   Pfohl Jürgen              AC Köln                       01.12.78    90,0 -145,0 145,0 155,0       155,0   130,0    135,0   -140,0   135,0   290,0 205,0 210,0 217,5       217,5   507,5    323,988   1
22   Vietze, Johannes          KSV Mannheim                  16.08.89    84,5 145,0 160,0 -165,0       160,0   100,0    110,0   -115,0   110,0   270,0 185,0 200,0 -210,0      200,0   470,0    310,482   1
23   Birkle, Bernd-Alexander   KSV Renchtal                  09.02.82    86,4 150,0 160,0 170,0        170,0   100,0    105,0   -110,0   105,0   275,0 -180,0 180,0 200,0      200,0   475,0   309,8425   1
24   Zelzer, Sascha             ---                          11.08.80    77,2 150,0 155,0 -160,0       155,0   100,0    105,0   -110,0   105,0   260,0 175,0 182,5 -190,0      182,5   442,5   309,1748   1
25   Egel, Claudio             Kellerkinder Kennelbach                   86,4 160,0 170,0 -175,0       170,0   100,0   -107,5    107,5   107,5   277,5 180,0 190,0 -195,0      190,0   467,5   304,9503   1
26
27
28
29
30
     Zündel, Michael
     Kampfmann, Andre
     Gliebe, Nikolas
     Vollmer, Adrian
     Wegner, David
                                ---
                                        www.kondraschow.de
                               Kellerkinder Kennelbach
                               AC Germania-Schweinheim
                               Kellerkinder Kennelbach

                               Köthener SV 09
                                                             20.06.91
                                                             04.01.88
                                                             07.08.97
                                                             12.01.85
                                                             27.06.78
                                                                         46,0   80,0  85,0 -90,0
                                                                         89,2 125,0 135,0 140,0
                                                                         63,7 135,0 -140,0 -140,0
                                                                         97,1 -150,0 150,0 157,5
                                                                         99,1 140,0 -155,0 155,0
                                                                                                        85,0
                                                                                                       140,0
                                                                                                       135,0
                                                                                                       157,5
                                                                                                       155,0
                                                                                                                52,5
                                                                                                               110,0
                                                                                                                80,0
                                                                                                               100,0
                                                                                                               115,0
                                                                                                                         57,5
                                                                                                                        115,0
                                                                                                                        -85,0
                                                                                                                       -105,0
                                                                                                                        120,0
                                                                                                                                  60,0
                                                                                                                                 120,0
                                                                                                                                 -85,0
                                                                                                                                 105,0
                                                                                                                                -122,5
                                                                                                                                          60,0
                                                                                                                                         120,0
                                                                                                                                          80,0
                                                                                                                                         105,0
                                                                                                                                         120,0
                                                                                                                                                 145,0 115,0 125,0 -130,0
                                                                                                                                                 260,0 190,0 200,0 210,0
                                                                                                                                                 215,0 140,0 150,0 -165,0
                                                                                                                                                 262,5 195,0 205,0 215,0
                                                                                                                                                 275,0 180,0 195,0 200,0
                                                                                                                                                                               125,0
                                                                                                                                                                               210,0
                                                                                                                                                                               150,0
                                                                                                                                                                               215,0
                                                                                                                                                                               200,0
                                                                                                                                                                                       270,0
                                                                                                                                                                                       470,0
                                                                                                                                                                                       365,0
                                                                                                                                                                                       477,5
                                                                                                                                                                                       475,0
                                                                                                                                                                                                303,399
                                                                                                                                                                                               301,411
                                                                                                                                                                                               295,2485
                                                                                                                                                                                               294,1878
                                                                                                                                                                                                290,130
                                                                                                                                                                                                          1
                                                                                                                                                                                                          1
                                                                                                                                                                                                          1
                                                                                                                                                                                                          1
                                                                                                                                                                                                          1
31   Heinze, Michael            ---                          05.12.81    82,2 140,0 150,0 -155,0       150,0   120,0    125,0   -130,0   125,0   275,0 125,0 150,0             150,0   425,0    285,345   1
32   Danna, Arnold             Kellerkinder Kennelbach       30.03.93    80,7 140,0 150,0 160,0        160,0    77,5     85,0    -90,0    85,0   245,0 150,0 160,0 170,0       170,0   415,0    281,785   1
33   Thomsen, Sven             FSV Sarstedt                  07.11.76    86,4 140,0 -150,0 -150,0      140,0   100,0    105,0   -107,5   105,0   245,0 180,0 -190,0 -190,0     180,0   425,0   277,2275   1
34   Bossk                     bossktraining                 29.09.78    75,5 125,0 -130,0 -130,0      125,0    90,0    100,0   -105,0   100,0   225,0 145,0 155,0 165,0       165,0   390,0    276,627   1
35   Bolter, Kilian            Kellerkinder Kennelbach       15.07.98    67,3 117,5 125,0 130,0        130,0    65,0     72,5    -75,0    72,5   202,5 135,0 145,0 155,0       155,0   357,5   276,3118   1
36   Roth, Leonard              ---                          26.08.94    83,0 135,0 145,0 -150,0       145,0    95,0   -100,0    100,0   100,0   245,0 -145,0 160,0 -170,0     160,0   405,0   270,3375   1
37   Kuhn, Christian            ---                          03.08.87    91,0 140,0 150,0 -160,0       150,0                                     150,0                                 150,0    95,235    1
KDK - Männer - Aktive plus 100 kg
 1   Poppe, Christian (oggy)   Gallier (KSV Höllhöhe)                   132,3   290,0   310,0 322,5    322,5   190,0 200,0 -210,0        200,0   522,5   320,0 -340,0 -340,0   320,0   842,5   475,0858   12
 2   Graser, Marc              Powerlifting Esslingen        13.08.74   103,4   230,0   250,0 265,0    265,0   160,0 175,0 180,0         180,0   445,0   270,0 305,0           305,0   750,0   450,675     9
3    Gramlich, Philipp         AV Vorwärts 05 Groß-Zimmern   06.10.87   127,4   260,0   272,5 282,5    282,5   170,0 180,0 -182,5        180,0   462,5   272,5 300,0 305,0     305,0   767,5   435,7098    8
 4   Dörner, Andy Elvis        AC Siegfried Darmstadt        20.10.76   145,6   300,0   310,0 320,0    320,0   180,0 -187,5 -187,5       180,0   500,0   275,0 282,5 -290,0    282,5   782,5    434,757    7
 5   Loosen, Gregor            KSV 1884 Mannheim             06.06.86   106,5   227,5   240,0 -245,0   240,0   155,0 165,0 170,0         170,0   410,0   270,0 290,0 305,0     305,0   715,0   425,139     6
 6   Czeranowski, Tino         Powerlifting Esslingen        29.01.71   118,2   220,0   250,0 270,0    270,0   140,0 160,0 170,0         170,0   440,0   210,0 250,0 280,0     280,0   720,0   415,440     5
7    Wilflingseder, Jürgen     ---                           29.05.81   106,4   220,0   235,0 250,0    250,0   140,0 155,0 162,5         162,5   412,5   280,0 -290,0 -290,0   280,0   692,5    411,899    4
 8   Müller, Hans              AC Siegfried Darmstadt                   117,0   240,0   260,0 270,0    270,0   150,0 155,0 -160,0        155,0   425,0   260,0 -280,0 -280,0   260,0   685,0   396,2725    3
 9   Petermann, Sirko          EKV Jöhstadt                  06.05.77   118,5   200,0   220,0 232,5    232,5   180,0 190,0 195,0         195,0   427,5   220,0 235,0 250,0     250,0   677,5   390,6465    2
10   Mockenhaupt, Friedrich    AV Vorwärts 05 Groß-Zimmern   06.06.89   105,9   212,5   230,0 -235,0   230,0   152,5 157,5 160,0         160,0   390,0   237,5 257,5 265,0     265,0   655,0   390,249     1
11   Nübel, Sebastian          Body Squat                    08.05.87   108,5   125,0                  125,0   192,5 -205,0              192,5   317,5   265,0 282,5           282,5   600,0   354,600     1
12   Andrae, Cliff            Outback Gym Mainz          08.04.75   100,4 200,0 215,0 -225,0    215,0 140,0 147,5 -150,0         147,5   362,5 190,0 205,0 -215,0   205,0   567,5 344,813      1
13   Einheuser, Niklas        Seven                      26.05.92   105,7 200,0 -210,0 -210,0   200,0 145,0 -152,5               145,0   345,0 200,0 210,0 220,0    220,0   565,0 336,853      1
14   Krause, Sascha           Herrnburger AV 77          22.06.90   104,9 175,0 195,0 205,0     205,0 110,0 120,0 130,0          130,0   335,0 175,0 205,0 225,0    225,0   560,0 334,768      1
15   Hegen, Max               McFit Mannheim             04.02.78   111,1 200,0 -210,0 -210,0   200,0 135,0 145,0 -150,0         145,0   345,0 220,0 225,0 -235,0   225,0   570,0 334,419      1
16   Schmelzer, Jörg          Gallier                    13.06.68   118,0 140,0 160,0 170,0     170,0 120,0 135,0 145,0          145,0   315,0 230,0 240,0 255,0    255,0   570,0 329,004      1
17   Meurer, Nikolai          Pure Fitness                          101,0 -170,0 170,0 180,0    180,0 -140,0 140,0 -145,0        140,0   320,0 200,0 220,0 -240,0   220,0   540,0 327,348      1
18   Schwarz, Oliver          Gallier (KSV Höllhöhe)     28.10.68   133,0 170,0 180,0           180,0 165,0 170,0 -175,0         170,0   350,0 220,0 -240,0         220,0   570,0 321,138      1
19   Bantow, Sascha           Herrnburger AV 77          01.09.89   100,2 180,0 190,0 -195,0    190,0 -110,0 110,0 -115,0        110,0   300,0 180,0 205,0 225,0    225,0   525,0 319,2525     1
20   Frankreiter, Christoph   Aktiv Sport Trier          27.06.89   114,8 -180,0 180,0 190,0    190,0 110,0 120,0 125,0          125,0   315,0 -200,0 200,0 215,0   215,0   530,0 308,089      1
21   Meißner, Florian         Gallier (KSV Höllhöhe)     23.09.83   125,3 170,0 180,0 185,0     185,0   90,0 100,0 105,0         105,0   290,0 210,0 225,0 240,0    240,0   530,0 301,888      1
22   Benzler, Simon           Powerlifting Esslingen     30.10.83   122,4 140,0 160,0           160,0 100,0                      100,0   260,0 200,0 240,0 250,0    250,0   510,0 291,924      1
23   Grede, Fabian            ---                        26.05.91   104,0 125,0 130,0 -135,0    130,0   97,5 102,5 110,0         110,0   240,0 150,0 160,0 170,0    170,0   410,0 245,836      1
24   Forster, Florian         Gallier (KSV Höllhöhe)     28.07.80   127,2 -220,0                       170,0 -180,0 180,0        180,0   180,0                              180,0 102,222      1
BD - Bankdrücken
 1   Wackernell, Christian    Österreich                 09.04.80   169,0                              262,5   -272,5    272,5   272,5   272,5                              272,5    148,131   12
 2   Raidel, Christian         ---                       21.03.82   119,8                              235,0    242,5   -250,0   242,5   242,5                              242,5   139,4618   9
 3   Hulin, Peter             Fit+Fun Gotha              02.08.81   119,1                              205,0    215,0    225,0   225,0   225,0                              225,0   129,5775   8
 4   Pfannstiel, Martin       TSV Roßdorf 08             14.05.84   106,8                              200,0    210,0   -215,0   210,0   210,0                              210,0    124,761   7
 5   Mairinger, Georg         Austria                    04.07.81    92,4                              175,0    185,0   -192,5   185,0   185,0                              185,0   116,5685   6
 6   Kaltenbacher, Patric     Freiburg / California      27.05.78    91,7                              160,0    170,0    177,5   177,5   177,5                              177,5   112,2688   5
 7   Zankel, Lolita            ---                       26.05.59    64,5                               95,0    100,0    105,0   105,0   105,0                              105,0   110,7855   4
 8   Dietz, Julia             FCRM Rüsselsheim           06.05.82    75,5                              105,0    110,0   -112,5   110,0   110,0                              110,0    104,137   3
 9
10
11
12
     Saiko, Sven
     Bauroth, Ricky
     Berndt , Ronny
     Kowald, Martin
                              Leipzig
                                        www.kondraschow.de
                              Profi-Gym Darmstadt

                              KSV Renchtal
                              Austria
                                                         16.12.91
                                                         11.09.77
                                                         23.03.79
                                                                    121,7
                                                                     84,0
                                                                     95,9
                                                                     94,1
                                                                                                       170,0
                                                                                                       135,0
                                                                                                       150,0
                                                                                                       145,0
                                                                                                               -180,0
                                                                                                                145,0
                                                                                                                160,0
                                                                                                                152,5
                                                                                                                         180,0
                                                                                                                         150,0
                                                                                                                        -165,0
                                                                                                                        -160,0
                                                                                                                                 180,0
                                                                                                                                 150,0
                                                                                                                                 160,0
                                                                                                                                 152,5
                                                                                                                                         180,0
                                                                                                                                         150,0
                                                                                                                                         160,0
                                                                                                                                         152,5
                                                                                                                                                                            180,0
                                                                                                                                                                            150,0
                                                                                                                                                                            160,0
                                                                                                                                                                            152,5
                                                                                                                                                                                     103,158
                                                                                                                                                                                     99,420
                                                                                                                                                                                     99,104
                                                                                                                                                                                     95,2668
                                                                                                                                                                                               2
                                                                                                                                                                                               1
                                                                                                                                                                                               1
                                                                                                                                                                                               1
13   Griesch, Myrco           CrossFit Rodgau            14.08.80    68,3                              115,0    120,0   -122,5   120,0   120,0                              120,0    91,656    1
14   Schneider, Alwin         Aktiv Sport Trier          23.07.60    86,7                              120,0    140,0   -145,0   140,0   140,0                              140,0    91,154    1
15   Fehrer, Stefan            ---                       01.10.78    94,3                              130,0    135,0    140,0   140,0   140,0                              140,0    87,374    1
16   Spahn, Benjamin          CrossFit Rodgau            29.07.84    93,0                              130,0   -135,0    137,5   137,5   137,5                              137,5    86,3775   1
17   Mair, Michael            KSV Krambach               09.10.70   122,6                              140,0    150,0   -155,0   150,0   150,0                              150,0    85,830    1
18   Hofer, Daniel            Doppelzentner Hohenlohe    20.11.81    99,0                              130,0    140,0   -145,0   140,0   140,0                              140,0    85,554    1
19   Förster, Florian          ---                       14.05.88   109,8                              130,0    135,0   -140,0   135,0   135,0                              135,0    79,488    1
20   Unrath, Janis            Doppelzentner Hohenlohe    12.06.89   76,75                              110,0   -120,0   -120,0   110,0   110,0                              110,0    77,154    1
21   Sakmann, Andrej           ---                       01.04.89    85,8                             -110,0    110,0    115,0   115,0   115,0                              115,0    75,3135   1
22   Römer, Jens              Doppelzentner Hohenlohe    01.11.91    93,4                              110,0    120,0   -130,0   120,0   120,0                              120,0    75,228    1
23   Hoffmann, Philipp        AV Vorwärts Groß-Zimmern   30.08.88    98,4                              122,5   -132,5   -132,5   122,5   122,5                              122,5    75,0435   1
24   Schwarz, Marco           Gallier (KSV Höllhöhe)     28.04.95    89,6                              100,0    110,0   -120,0   110,0   110,0                              110,0    70,378    1
25   Krämer, Leon             AC Siegfried Darmstadt     10.08.00    42,9                               45,0     47,5             47,5    47,5                               47,5   58,0355    1
26   Bossnak, Alexandra       AC Oppenau                 06.09.69    65,5                               50,0    -55,0    55,0     55,0    55,0                               55,0    57,376    1
