             4-May-19 UPA Raw Powerlifting Championships-Lb Results

                                        BWt     WtCls                                           Best                                   Best      Sub    Deadlift   Deadlift   Deadlift    Best                      Coeff
        Name           Age      Div                      Wilks   Squat 1   Squat 2   Squat 3            Bench 1   Bench 2   Bench 3                                                                  PL Total              Pl-Div-WtCl
                                        (Kg)     (Kg)                                           Squat                                 Bench     Total      1          2          3       Deadlift                  Score
John Maravec             29   MORE-AD     81    82.5    0.6273     286.6    303.13   -319.67   303.13   -187.39   -187.39   -187.39      0        0        0          0           0         0            0            0         0
Brandon Hulburt          24    MORE     88.8      90    0.5901    462.97     479.5    501.55   501.55   -341.71   -363.76   -363.76      0        0        0          0           0         0            0            0         0
Bryon Gattas             34    MORE     97.5     100    0.5605    451.94     479.5    501.55   501.55    363.76    380.29   -402.34   380.29   881.84    551.15     578.71     606.27    606.27      1488.105    378.3375 1-MORE-100
Austin Barker            25    MORE      110     110    0.5365    584.22    606.27    633.82   633.82    407.85    435.41   -457.45   435.41   1069.2    600.75     650.36    -705.47    650.36      1719.588      418.47 1-MORE-110
Thomas Herrera (FP)      26    MORE     119.2    125    0.5277    451.94    473.99    501.55   501.55    314.16    319.67    325.18   325.18   826.73    501.55     507.06     512.57    512.57     1339.2945   320.57775 1-MORE-125
Nick Fiorita             19   MOR-AD    81.4    82.5    0.6251    363.76    402.34    435.41   435.41    231.48   -248.02    248.02   248.02   683.43    418.87     462.97    -501.55    462.97      1146.392     325.052 1-MOR-AD-82.5
Matthew Bailey           34   MOR-AD    89.2      90    0.5885   -727.52   -727.52   -727.52      0        0          0        0         0        0        0          0           0         0            0            0         0
Levi Cater               25   MOR-AD    105.4    110    0.5431    501.55    -529.1    529.1     529.1    352.74    369.27   -385.81   369.27   898.37    545.64     584.22     600.75    600.75      1499.128     369.308 1-MOR-AD-110
Brandon Kostrzewski (FP) 34   MOR-AD    111.6    125    0.5347    402.34     429.9    440.92   440.92    352.74   -374.78   -374.78   352.74   793.66    446.43     462.97      479.5     479.5     1273.1565   308.78925 1-MOR-AD-125
Sai Teja Gaddipati       27     MOR     73.4      75     0.676   -319.67    319.67    341.71   341.71    154.32    170.86   -187.39   170.86   512.57    325.18     363.76     402.34    402.34       914.909      280.54   1-MOR-75
Drew Richard             23     MOR     79.2    82.5    0.6376    435.41    451.94   -468.48   451.94    292.11   -303.13   -303.13   292.11   744.05    496.04     507.06    -518.08    507.06     1251.1105     361.838  1-MOR-82.5
Randy Shramek            31     MOR     88.8      90    0.5901    451.94    496.04    523.59   523.59    396.83    424.39   -435.41   424.39   947.98    451.94     501.55    -518.08    501.55     1449.5245   387.99075   1-MOR-90
Michael Richard          23     MOR       89      90    0.5893    485.01    501.55    512.57   512.57    286.6     303.13   -314.16   303.13    815.7    523.59    -545.64    -545.64    523.59     1339.2945   357.99975   2-MOR-90
Dorian Rettmann          23     MOR     88.4      90    0.5918    468.48   -496.04   -496.04   468.48   -314.16    325.18    -336.2   325.18   793.66    435.41     457.45    -468.48    457.45     1251.1105    335.8465   3-MOR-90
Brennan Moore            19     MOR     87.4      90     0.596    297.62    341.71   -402.34   341.71    176.37     192.9   -203.93    192.9   534.62    330.69     369.27     418.87    418.87      953.4895      257.77   4-MOR-90
Jonathan Kirst           24     MOR     84.8      90    0.6078   -281.09   -281.09    314.16   314.16    181.88   -231.48   -231.48   181.88   496.04    385.81     418.87     440.92    440.92       936.955     258.315   5-MOR-90
Cody Jasper              28     MOR     99.6     100     0.555    584.22    617.29   -639.33   617.29    391.32    407.85   -413.36   407.85   1025.1    600.75     628.31     644.85    644.85     1669.9845    420.4125  1-MOR-100
Alex Mcarthur            27    MOR      97.2     100    0.5613   540.13     -573.2   -584.22   540.13   385.81    402.34    -413.36   402.34   942.47   545.64     584.22     617.29     617.29     1559.7545   397.11975 2-MOR-100
Carter Roberts           20     MOR       96     100    0.5648   -556.66    556.66    606.27   606.27    292.11   -314.16   -314.16   292.11   898.37    551.15     600.75     -622.8    600.75      1499.128     384.064  3-MOR-100
Nathan Bopp              27     MOR      100     100     0.554    468.48    507.06   -534.62   507.06    275.58    308.64   -325.18   308.64    815.7    523.59     562.17    -600.75    562.17      1377.875      346.25  4-MOR-100
Matt Melby               35     MOR     98.4     100    0.5581     429.9    473.99   -518.08   473.99    297.62    314.16   -325.18   314.16   788.14    451.94     501.55    -545.64    501.55      1289.691    326.4885  5-MOR-100
Luke Waite               35     MOR     93.4     100     0.573     429.9    473.99    496.04   496.04    225.97    253.53    270.06   270.06    766.1    440.92     501.55     518.08    518.08     1284.1795    333.7725  6-MOR-100
Rob Milliard             31     MOR      100     100     0.554    220.46    270.06    325.18   325.18    220.46    236.99    248.02   248.02    573.2    418.87     462.97     501.55    501.55     1074.7425     270.075  7-MOR-100
Jack Wendelberger        20     MOR     98.8     100     0.557    341.71    374.78   -418.87   374.78    214.95    225.97   -248.02   225.97   600.75    363.76     396.83     424.39    424.39      1025.139     259.005  8-MOR-100
Brandon Brown            34     MOR     105.6    110    0.5427    749.56    782.63   -804.68   749.56    435.41    451.94   -462.97   451.94   1201.5    650.36     677.91    -705.47    677.91     1879.4215   462.65175 1-MOR-110 *Best Lifter
Dominic Calvano          25     MOR      108     110    0.5391   -661.38    661.38    727.52   727.52    363.76    380.29   -402.34   380.29   1107.8    661.38    -705.47      716.5     716.5     1824.3065   446.10525 2-MOR-110
Jordan Staker            25     MOR     108.6    110    0.5382    545.64    584.22    611.78   611.78    374.78    391.32   -407.85   391.32   1003.1      0          0           0         0            0            0         0
Ben Boettcher            29     MOR     108.6    110    0.5382     672.4   -694.45    694.45   694.45   -424.39    435.41   -451.94   435.41   1129.9   -688.94    -688.94    -744.05       0            0            0         0
Nick Schroeder           24     MOR      108     110    0.5391   -782.63       0        0         0        0          0        0         0        0        0          0           0         0            0            0         0
Curtis Krump             28     MOR     116.8    125    0.5298    578.71    611.78    639.33   639.33    369.27    391.32   -407.85   391.32   1030.7    611.78    -644.85      672.4     672.4     1703.0535    409.2705  1-MOR-125
Cody Haenitsch           29     MOR      125     125     0.521   -600.75    600.75    622.8     622.8    374.78    391.32   -407.85   391.32   1014.1    600.75     639.33      672.4     672.4      1686.519     398.565  2-MOR-125
Zach Taylor              24     MOR     120.6    125    0.5264    600.75    650.36   -699.96   650.36    330.69    374.78   -402.34   374.78   1025.1    551.15     606.27     -622.8    606.27      1631.404     389.536  3-MOR-125
Justin Simmien           30     MOR     119.2    125    0.5277   -595.24    595.24    633.82   633.82    314.16   -325.18   -325.18   314.16   947.98   -595.24     595.24    -617.29    595.24       1543.22      369.39  4-MOR-125

Justin Buboltz          33     MOR       135     140    0.509    633.82    -655.87 -705.47     633.82   363.76    -402.34 -402.34     363.76   997.58   600.75     633.82     -650.36    633.82 1631.404         376.66    1-MOR-140
Antonio Lama            22     MO       108.2    110    0.5388   799.17    -837.75 -859.79     799.17   473.99     496.04 -507.06     496.04   1295.2   584.22     617.29     -639.33    617.29 1912.4905        467.409    1-MO-110
4-May-19              UPA Raw Powerlifting Championships-Lb Results
                                     BWt    WtCls                                             Best       Coeff
       Name           Age     Div                    Wilks   Bench 1   Bench 2   Bench 3                          Pl-Div-WtCl
                                     (Kg)    (Kg)                                            Bench      Score
Suzanne Black (WM)      43    FM1R 123.4    SHW     0.5232    225.97 242.51 -248.02         242.506     57.552      1-FM1R
Suzanne Black (Open)    43     FOR  123.4   SHW     0.5232    225.97 242.51 -248.02         242.506     57.552    1-FOR -SHW
Tom Fox                 66    MM6R    75      75    0.6645    203.93 -220.46 220.46          220.46      66.45      1-MM6R
Brandon Kostrzewski (BO)34   MOR-AD 111.6    125    0.5347    352.74 -374.78 -374.78        352.736     85.552    1-MOR-AD-125
Anthony Olson           36     MOR   110     110    0.5365   -424.39 -424.39 424.39        424.3855   103.27625   1-MOR-110
Thomas Herrera (BO)     26     MOR   110     110    0.5365    314.16 319.67 325.18         325.1785    79.13375   2-MOR-110
               5-May-19 UPA Raw Powerlifting Championship-Lb Results

                                        BWt     WtCls                                           Best                                   Best      Sub    Deadlift   Deadlift   Deadlift    Best                Coeff
       Name              Age      Div                    Wilks   Squat 1   Squat 2   Squat 3            Bench 1   Bench 2   Bench 3                                                                  PL Total               Pl-Div-WtCl
                                        (Kg)     (Kg)                                          Squat                                  Bench     Total      1          2          3       Deadlift            Score
Rachel Vaughn            22       FJRE  64.8    67.5    0.7535   242.51     253.53    270.06   270.06    121.25 132.28 137.79         137.79   407.85   -281.09 292.11        319.67     319.67   727.518   248.655            1-FJRE
Courtney Hanson          38      FORE    65     67.5    0.7514   259.04    -270.06   -270.06   259.04    137.79 148.81 -154.32        148.81   407.85    314.16 325.18        -336.2     325.18 733.0295 249.8405           1-FORE-67.5
Paige Barsema            25      FORE    75       75    0.6645   220.46     236.99    242.51   242.51    121.25 132.28 137.79         137.79   380.29    242.51 270.06        303.13     303.13   683.426   205.995          1-FORE-75
Megan Butler             24      FORE   77.8    82.5    0.6461   225.97       0         0      225.97    187.39 -214.95 -236.99       187.39   413.36    385.81 407.85         429.9      429.9  843.2595 247.13325         1-FORE-82.5
Naomi Forgy              26      FORE   82.4    82.5    0.6198   220.46     253.53    281.09   281.09    121.25 137.79 148.81         148.81    429.9    270.06 297.62        308.64     308.64   738.541   207.633         2-FORE-82.5
Autumn Sulouff           23        FJR   76     82.5    0.6577   292.11    -303.13   -314.16   292.11     143.3 -154.32 -154.32        143.3   435.41    281.09 303.13        314.16     314.16   749.564   223.618             1-FJR
Maggie Huling            24       FOR   57.4      60    0.8516   181.88     214.95   -225.97   214.95    110.23 115.74 -121.25        115.74   330.69    214.95 248.02        275.58     275.58   606.265    234.19          1-FOR -60
Tia Stauffer             25       FOR   63.8    67.5    0.7647   220.46     242.51    264.55   264.55    88.184 99.207 110.23         110.23   374.78    209.44 236.99        253.53     253.53   628.311  217.9395         1-FOR -67.5
Ashley Taylor            24       FOR    75       75    0.6645   374.78     413.36    435.41   435.41    181.88 203.93     0          203.93   639.33    358.25 380.29        402.34     402.34 1041.6735 313.97625          1-FOR -75
Shelly Houzenga          30       FOR   72.4      75    0.6835   369.27     385.81   -413.36   385.81    187.39 209.44 -220.46        209.44   595.24    369.27 402.34        424.39     424.39 1019.6275 316.11875          2-FOR -75
Morgan Woith             23       FOR    73       75    0.6789   330.69     347.22   -363.76   347.22   -148.81 159.83 -170.86        159.83   507.06    352.74 374.78        391.32     391.32 898.3745 276.65175           3-FOR -75
Mariah Knop              27       FOR   73.2      75    0.6774   231.48     253.53   -297.62   253.53    115.74 126.76 132.28         132.28   385.81    270.06 -314.16       314.16     314.16 699.9605 215.0745            4-FOR -75
                                  FOR-
Samantha Spakowicz       25             58.4     60     0.8361   220.46    253.53    -292.11   253.53   -126.76 -126.76 -126.76         0        0         0          0          0          0           0           0            0
                                   AD
Shelly Houzenga (AD)     30     FOR-AD 72.4      75     0.6835    369.27 385.81 -413.36        385.81    187.39    209.44   -220.46   209.44   595.24   369.27      402.34     424.39    424.39     1019.6275   316.11875   1-FOR-AD-75 *Best Lifter
Samantha Kasprzak        24     FOR-AD 88.6      90      0.591    330.69 358.25 -402.34        358.25    148.81    154.32    165.35   165.35   523.59   330.69      369.27    -402.34    369.27       892.863     239.355   1-FOR-AD-90
Sam Cichy                25     FOR-AD 86.6      90     0.5995    270.06 292.11 303.13         303.13    165.35   -176.37   -176.37   165.35   468.48   369.27      391.32    -402.34    391.32       859.794     233.805   2-FOR-AD-90
Danielle Hagen           26     FOR-AD 89.4      90     0.5877    203.93 225.97 236.99         236.99    115.74   -126.76   -126.76   115.74   352.74   275.58      303.13    -314.16    303.13      655.8685   174.84075   3-FOR-AD-90
Cameron Hardy            18    MT3RE-AD 81.8    82.5     0.623    418.87 440.92 457.45         457.45    275.58    297.62   -308.64   297.62   755.08   363.76      391.32     402.34    402.34      1157.415     327.075   1-MT3RE-AD
Brannon Hardy            16    MT2RE-AD 65.2    67.5    0.7492    275.58 -314.16 314.16        314.16    198.41    209.44    220.46   220.46   534.62   308.64      314.16     330.69    330.69      865.3055     294.061   1-MT2RE-AD
Mason Holcomb            18      MT3RE 119.4    125     0.5275    418.87 440.92 451.94         451.94    270.06   -281.09      0      270.06   722.01   418.87     -440.92    -440.92    418.87     1140.8805   272.98125     1-MT3RE
Jaden Fish               16      MT2RE 77.4     82.5    0.6486    297.62 308.64 330.69         330.69    253.53    281.09   -292.11   281.09   611.78   314.16      341.71    -374.78    341.71      953.4895    280.5195     1-MT2RE
Tom Waldrep              55      MM4R 104.2     110     0.5452    600.75 639.33     0          639.33    352.74   -369.27      0      352.74   992.07    573.2     -611.78        0       573.2      1565.266     387.092      1-MM4R
Jeff Doyle               51      MM3R 117.2     125     0.5295    374.78 -402.34 402.34        402.34   -275.58    281.09   -292.11   281.09   683.43   374.78      407.85     424.39    424.39     1107.8115   266.07375      1-MM3R
Abraham Medina           34      MSMR 65.8      67.5    0.7429    297.62 -325.18 -330.69       297.62    203.93   -225.97    225.97   225.97   523.59   407.85      435.41    -457.45    435.41       959.001    323.1615      1-MSMR
Jacob Clark              22       MJR   108.2   110     0.5388    473.99 501.55 518.08         518.08    314.16     336.2   -352.74    336.2   854.28   551.15     -584.22     584.22    584.22     1438.5015     351.567       1-MJR
Joseph Cuttie            22       MJR   109.8   110     0.5367   -308.64 308.64 -363.76        308.64    203.93   -214.95   -214.95   203.93   512.57   407.85      435.41     462.97    462.97      975.5355   237.48975       2-MJR
Wesley Williams          23       MJR   81.2    82.5    0.6262    501.55  529.1   556.66       556.66   -314.16   -314.16   -314.16      0       0         0          0           0         0            0           0             0
Maddux Richardson        19      MT3R   99.6    100      0.555    451.94 473.99 -507.06        473.99    292.11    308.64    314.16   314.16   788.14   556.66      589.73     -622.8    589.73      1377.875     346.875      1-MT3R
Brok Millman             16      MT2R    123    125     0.5237    457.45 512.57 -556.66        512.57    275.58    292.11   -308.64   292.11   804.68   501.55      567.68     584.22    584.22      1388.898     329.931      1-MT2R
Gryphon Metcalf          17      MT2R 98.2      100     0.5586    424.39 462.97 485.01         485.01   -259.04   -264.55    264.55   264.55   749.56   435.41      462.97     496.04    496.04      1245.599     315.609      2-MT2R
Dallas McManus           18     MT3R-AD 108.8   110      0.538    468.48 507.06 540.13         540.13     286.6    308.64    319.67   319.67   859.79   468.48      518.08     545.64    545.64     1405.4325     342.975    1-MT3R-AD
Ashtin Gorden            19     MT3R-AD 98.6    100     0.5575    490.52 512.57 -534.62        512.57    264.55    275.58    286.6     286.6   799.17   485.01     -518.08      529.1     529.1     1328.2715   335.89375    2-MT3R-AD
Jason Huling             16     MT2R-AD 67      67.5    0.7307    275.58 292.11 308.64         308.64    187.39    203.93    214.95   214.95   523.59   325.18      341.71     352.74    352.74      876.3285   290.45325    1-MT2R-AD

Devon Huling             13 MT1R-AD 80          82.5    0.6329   253.53    286.6     303.13    303.13   176.37    187.39    -198.41   187.39   490.52   336.2      352.74     374.78     374.78     865.3055    248.41325   1-MT1R-AD
