        28/10/2016                              British Junior Classic Championships - 59kg - 83kg Junior Men
                                      Bwt    WtCls                                       Best                             Best    Sub                              Best
Name                        Team                   Age SQ-1            SQ-2     SQ-3             BP-1    BP-2    BP-3                     DL-1    DL-2    DL-3             TOTAL       Wilks      Placing
                                      (kg)    (kg)                                        SQ                               BP     Total                             DL

Amrik Mehta                   SM      58.2      59       U23 152.5     157.5    162.5    162.5    95      100     105     105     267.5   185     192.5   -200     192.5    460        403.558   1-JR-59-PL
Christopher Allen             Sw      58.4      59       U23    135     145     152.5    152.5 -102.5    107.5   -112.5 107.5     260     185     192.5   -200     192.5   452.5       395.711   2-JR-59-PL
Daniel Meston                 SM      57.8      59       U23    140     -145     145     145     100      105    -107.5   105     250     180      185    -190     185      435        384.105   3-JR-59-PL
Mohib Miah                    GL      58.6      59       U23    140    147.5     150     150     92.5    97.5    -102.5   97.5    247.5   175     182.5   -187.5 182.5      430        374.831   4-JR-59-PL
Jun Jie Ng                    GL      58.8      59       U23    145    152.5     -155    152.5   77.5    82.5    87.5     87.5    240     120     -140     145     145      385        334.527   5-JR-59-PL
Mark Jenkins                  SE      57.4      59       U23    -115    115     117.5    117.5   -92.5   92.5    -97.5    92.5    210     142.5   147.5   -155     147.5   357.5       317.782   6-JR-59-PL
Graham Hayes                 NW       57.6      59       U23 132.5      140     -147.5   140     -97.5   -102.5 -102.5     0        0     160      170    -172.5   170       0          0.000
                                                                                                                     JR                                                           JR
Tom Chang                    NW       65.6      66       U23 167.5     177.5    182.5    182.5   120     127.5   130.5 130.5      313     210      225     235     235      548        432.427   1-JR-66-PL
Nathanial Shaw-Wiesendang     SE       64       66       U23    175     185     192.5    192.5   100     107.5   112.5    112.5   305     217.5    230    -238     230      535        431.050   2-JR-66-PL
Omar Khan                    Sco      65.2      66       U23    175    -187.5    -190    175     -97.5   102.5   107.5    107.5 282.5     210      225    -235     225     507.5       402.549   3-JR-66-PL
Ploutis Koumi                WM        65       66       U23    155     170      180     180     100      110    -117.5   110     290     -195     210    -222.5   210      500        397.600   4-JR-66-PL
Callum Hodson                YNE       66       66       U23    160     165     167.5    167.5   100      105     110     110     277.5   190      200    -205     200     477.5       374.933   5-JR-66-PL

Jack Suljevic                SW       73.4      74       U23    215     225     235.5    235.5   105      110     115     115     350.5   250      265    -272.5   265     615.5       445.314   1-JR-74-PL
Kurtis Charnock              NW       71.6      74       U23    200     210       x      210     112.5   117.5    120     120     330     225     -235     235     235      565        416.235   2-JR-74-PL
Terry Martin                  SM      72.2      74       U23    185     -195     195     195     130      135    -140     135     330     220     227.5    230     230      560        410.032   3-JR-74-PL
Lewis Walker                 SCO      72.4      74       U23    -195    -200     200     200     117.5    120    127.5    127.5 327.5     225     -232.5 -232.5    225     552.5       403.712   4-JR-74-PL
Billal Sohail                 GL       74       74       U23    195    207.5     215     215      95      105    -112.5   105     320     220      230    -237.5   230      550        395.615   5-JR-74-PL
Keen That Thammathararee     SCO      73.2      74       U23    185    -202.5   202.5    202.5   115      120    -125     120     322.5   210     217.5   -227.5 217.5      540        391.446   6-JR-74-PL
Jordan Whitlam               YNE      72.8      74       U23 177.5      185      -195    185     117.5   -120     125     125     310     180      190    -202.5   190      500        363.900   7-JR-74-PL
Theo Dodds                    SE      73.6      74       U23    155     165     172.5    172.5   125     132.5   137.5    137.5   310     177.5   -190     190     190      500        361.050   8-JR-74-PL
Ramsay Kikhy                  GL      73.6      74       U23 162.5     172.5    -177.5 172.5     110      115    -117.5   115     287.5   190     -200     200     200     487.5       352.024   9-JR-74-PL
Xhesi Cekrezi                 GL      72.8      74       U23    160     -170     170     170     100     -105    -107.5   100     270     205      215    -225     215      485        352.983   10-JR-74-PL

Daniel Worsley               YNE       82       83       U23    240     250      -260    250     155      160     165     165     415     270      280    -291     280      695        467.318   1-JR-83-PL
Erik Mata                     EM      82.2      83       U23    230     240     247.5    247.5   147.5   -155    -155     147.5   395     250     262.5   -272.5 262.5     657.5       441.446   2-JR-83-PL
Salman Khan                   EM      79.2      83       U23 202.5      215      220     220     140      145     150     150     370     245      260    267.5    267.5   637.5       438.026   3-JR-83-PL
Dylan Nelson                 yNE      81.8      83       U23    240     250      255     255     130     137.5   -145     137.5 392.5     220      230    -240     230     622.5       419.191   4-JR-83-PL
Ben Willis                   YNE      81.4      83       U23    220     -230     -235    220     125     -132.5 -132.5    125     345     245      260    -277.5   260      605        408.617   5-JR-83-PL
Scott Webb                   SW        79       83       U23    210    217.5     -225    217.5   142.5   -145    -145     142.5   360     240     -255    -255     240      600        412.920   6-JR-83-PL
Kristopher Franklin           GL      82.2      83       U23    200     210      -220    210     -140     140    -145     140     350     240     -250    -250     240      590        396.126   7-JR-83-PL
Corey Wiggins                SW       80.2      83       U23    205     215      225     225     125     132.5   -140     132.5 357.5     205      215     225     225     582.5       397.032   8-JR-83-PL
Fred Anson                   YNE      81.2      83       U23    190    -197.5 -197.5     190     150      155    -160     155     345     215      225    -232.5   225      570        385.548   9-JR-83-PL
William Sharp                YNE       78       83       U23    190     200      205     205     120      125    127.5    127.5 332.5     215      225     235     235     567.5       393.788   10-JR-83-PL
Omar Merican                 YNE      82.4      83       U23    190     200     -207.5   200     115     122.5   -130     122.5 322.5     230      240    -247.5   240     562.5       377.100   11-JR-83-PL
Jordan Harris                WM        82       83       U23    175    -187.5    -195    175     122.5   127.5   132.5    132.5 307.5     225     237.5    250     250     557.5       374.863   12-JR-83-PL
Damion Jakubiec               GL       80       83       U23 177.5      190      200     200     100     107.5    115     115     315     207.5   222.5    235     235      550        375.485   13-JR-83-PL
Ethan Brownlee                NI      80.6      83       U23    170     180      190     190     110      115    -120     115     305     210     -220     225     225      530        360.135   14-JR-83-PL
Ryan Truman                  WM        82       83       U23    175     -180     -180    175     115     122.5    130     130     305     215      225    -235     225      530        356.372   15-JR-83-PL


BR = British Record         JR = Junior British record         SJ = Sub-junior British record
      29/10/2016                                                                                      British Junior Classic
                                               WtCls                                                  Best                                     Best    Sub                                      Best
Name                     Team     Bwt (kg)                Age    SQ-1         SQ-2        SQ-3                BP-1        BP-2     BP-3                        DL-1        DL-2     DL-3                TOTAL         Placing
                                                (kg)                                                   SQ                                       BP     Total                                     DL
                                                                                     SJ       SJ                                                                               SJ       SJ                   SJ
Bethany Wylie             EM          48            52    U18      -90         90         92.5        92.5    37.5         -40      40          40     132.5   -117.5      117.5     120        120     252.5        1-SJ-52-PL
                                                                                                                              SJ
Georgia Blakeman          EM         50.6           52    U18      60          70         -77.5        70     47.5         55       -60         55     125      90         -100     -100         90      215         2-SJ-52-PL

                                                                                                                                                                                           SJ
Lucy Robinson            YNE         56.6           57    U16      90          95          100        100      40          45       50          50     150      115         120      127        127      277         1-SJ-57-PL
                                                                                     SJ       SJ                                                                               SJ       SJ                     SJ
Chloe Macek              YNE         59.4           63    U18     105          115        122.5       122.5    55         62.5      65          65     187.5    140        147.5    157.5       157.5    345         1-SJ-63-PL
Bethany Saunders          WM         61.6           63    U18      90          100         105        105      45         -47.5     50          50     155      100         110      115        115      270         2-SJ-63-PL
Amelia Maycock            NM         59.4           63    U16      70         77.5         85          85      35         37.5      40          40     125      115        122.5     130        130      255         3-SJ-63-PL
                                                                                  SJ          SJ                                                                               SJ       SJ                   SJ
Alexandra Jackson         NM         71.8           72    U18     115         122.5       -128        122.5   57.5        -62.5    62.5        62.5    185      150        162.5    170.5 170.5         355.5        1-SJ-72-PL
Deanna Dawkins            WM          71            72    U18    112.5        -117.5      117.5       117.5    50          55      57.5        57.5    175      125         135      145        145      320         2-SJ-72-PL
Amy Rickerby              NW         67.8           72    U18      75          80          -85         80      45          50       -55         50     130      110         120     -130        120      250         3-SJ-72-PL

                                                                     SJ           SJ          SJ                                                                      SJ       SJ       SJ                     SJ
Ralph Atkinson            SE         58.6           59    U18     130         -140         145        145      80          90      -97.5        90     235      170         180     -190        180      415         1-SJ-59-PL
                                                                                                                     SJ       SJ       SJ                          SJ                                          SJ
Chris Marshall           YNE          58            59    U18     120          125         130        130      90         92.5      95          95     225      165         170      175        175      400         2-SJ-59-PL
                                                                         SJ       SJ          SJ                                                                   SJ
Jacob Melvin              WM         56.8           59    U18     125         132.5        135        135     72.5        77.5     -82.5       77.5    212.5    160         170     -182.5      170     382.5        3-SJ-59-PL
Jake Richardson           EM         57.2           59    U18     115          120         130        130      70         72.5      -76        72.5    202.5    150         155     -158        155     357.5        4-SJ-59-PL

                                                                     SJ           SJ           SJ                                                                     SJ       SJ       SJ                     SJ
Declan Zimmermann         WM         65.4           66    U18     165         172.5       175.5       175.5    95         100      102.5       102.5   278      215         230      235        235      513         1-SJ-66-PL
Dylan Cilliers            WM          64            66    U18     115          120        127.5       127.5   67.5        -72.5    -72.5       67.5    195      140        147.5     160        160      355         2-SJ-66-PL
                                                                                     SJ          SJ                                                                                     SJ                     SJ
Daniel Sherman           YNE         73.2           74    U18     185          195         200        200      110        115      -120.5      115     315     222.5       227.5     231        231      546         1-SJ-74-PL
Sam Kuti                  SW         72.6           74    U18    142.5        152.5       -157.5      152.5    95         97.5      100        100     252.5   202.5       -212.5    215        215     467.5        2-SJ-74-PL
Dom King                  SE         72.6           74    U18     140          150        -160        150      85          90       95          95     245      190         200      210        210      455         3-SJ-74-PL
Harrison Wall             SE         71.8           74    U18     120          130         135        135      75         82.5      -85        82.5    217.5    145        152.5    -157.5      152.5    370         4-SJ-74-PL
                                                                         SJ                   SJ                              SJ
Joe Feeney               YNE         79.8           83    U18     210         -220         220        220      120        131.5    -135        131.5   351.5    200         215     -225        215     566.5        1-SJ-83-PL
Joseph Bent               NM         78.6           83    U18     165         -175         175        175      110        120      122.5       122.5   297.5    185         200      210        210     507.5        2-SJ-83-PL
Marshal Packer            SE         82.2           83    U18     155          165         175        175      85          95       105        105     280      185         195      205        205      485         3-SJ-83-PL
Nicholas Grasmeder        NW         78.8           83    U18     145          150        -160        150      85         92.5     -102.5      92.5    242.5    155        162.5     170        170     412.5        4-SJ-83-PL

                                                                                              SJ                                                                                         SJ                    SJ
Jordan Walters           WAL         90.4           93    U18     200          215         225        225      125        132.5    137.5       137.5   362.5    225         235     247.5 247.5          610         1-SJ-93-PL
                                                                                                                                        SJ                                                                     SJ
Luke Taylor               SE         89.4           93    U18     200         212.5        225        225     -125        135      142.5       142.5   367.5    210        227.5    -240        227.5    595         2-SJ-93-PL
                                                                                                                                                                      SJ               SJ
Edwin Lord                SM          89            93    U18     165          175         185        185      115        122.5    -130        122.5   307.5    235        -250     250         250     557.5        3-SJ-93-PL
Jake Wharton             YNE         91.6           93    U18     185         202.5       -207.5      202.5    100        112.5     120        120     322.5    205         220      230        230     552.5        4-SJ-93-PL
Josh Pollard             YNE         90.2           93    U18     175          185        -190        185      125        130      137.5       137.5   322.5    200         220     -230        220     542.5        5-SJ-93-PL
Alex Tellam               WM          90            93    U18     175          185        -195        185     -117.5      122.5    -125        122.5   307.5   217.5       222.5    -230        222.5    530         6-SJ-93-PL

Jack Barter               NM        101.2           105   U18     110          120        -132.5      120      75          80       -90         80     200     137.5        145     162.5       162.5   362.5       1-SJ-105-PL
Ray Bowring               SM        101.4           105   U16    117.5        127.5        140        140     67.5        72.5      75          75     215     122.5       137.5     145        145      360        2-SJ-105-PL
                                                                                  SJ             SJ                                                                                        SJ                SJ
Jack Johnson              SM        119.4           120   U18    227.5         241         245        245      160        170      177.5       177.5   422.5    240         265      280        280     702.5       1-SJ-120-PL
                                                                                   SJ
Bradley May               SE        115.8           120   U18    -240.5       240.5       -260        240.5    130        140      -147.5      140     380.5    240         260     -275        260     640.5       2-SJ-120-PL
                                                                                     SJ       SJ                             SJ        SJ                                      SJ                              SJ
Ben Rant                  SW        132.2       120+      U18     -220         220        242.5       242.5   142.5       152.5    157.5       157.5   400      240         260     -270.5      260      660        1-SJ-120+-PL

Munibah Makda             NW         41.8           43    U23     47.5         -55        57.5        57.5     25         -27.5    -27.5        25     82.5     80          85       90          90     172.5        1-JR-43-PL
                                                                      JR                      JR                                                                                                             JR
Sophie Tang               EM         46.4           47    U23     97.5        -102.5      102.5       102.5    50         -55       -55         50     152.5    110         115     -120        115     267.5        1-JR-47-PL
                                                                                                                  JR         JR           JR
Sabrina Shah              EM          46            47    U23      80         87.5         90          90     55.5        57.5      60          60     150      105         110     112.5       112.5   262.5        2-JR-47-PL
Emily Przeslak            EM         46.4           47    U23     77.5        82.5        87.5        87.5    47.5         50      52.5        52.5    140      100         110     -120        110      250         3-JR-47-PL
Puja Patel                GL         46.4           47    U23      60         62.5        67.5        67.5    37.5        42.5      -45        42.5    110     82.5        87.5      -90        87.5    197.5        4-JR-47-PL

Anastasia Dharma          GL         51.4           52    U23     97.5        102.5       -105        102.5    50         52.5      55          55     157.5   122.5       127.5     130        130     287.5        1-JR-52-PL
Tiarna Pearce             GL          51            52    U23    102.5         105        107.5       107.5    45         47.5      -50        47.5    155     107.5       112.5    -117.5      112.5   267.5        2-JR-52-PL
Leanne Brumby            YNE         51.8           52    U23      90          100        -105        100      50          55      57.5        57.5    157.5    90          100      110        110     267.5        3-JR-52-PL

                                                                                                                                                                                                               JR
Hannah Chan               GL         56.8           57    U23     115         122.5        125        125      60         62.5      65          65     190     142.5        150      155        155      345         1-JR-57-PL
Alice Hogg               SCO          56            57    U23     115         -122.5      122.5       122.5   57.5        62.5      65          65     187.5    135        -145     -145        135     322.5        2-JR-57-PL
Elsabeth McLeod           SW          55            57    U23     110         117.5       -120        117.5   57.5         60      -62.5        60     177.5    135         140     -145        140     317.5        3-JR-57-PL
Elizabeth Pipe            SE          55            57    U23      85          -95         -95         85      40          45       -50         45     130      120         130     137.5       137.5   267.5        4-JR-57-PL
Emma James                NM         54.8           57    U23      85          90          -95         90      50          -55      -55         50     140      110         120     -130        120      260         5-JR-57-PL
Soomin Jun                NM          55            57    U23     87.5         90          100        100     37.5         -40      -45        37.5    137.5   107.5        115      120        120     257.5        6-JR-57-PL
Lucy Des Clayes           SM          56            57    U23     82.5         90          -95         90     -37.5        40      -42.5        40     130      105        -115     -115        105      235         7-JR-57-PL
                                                                     JR                                                       JR                                                        JR                  JR
Bobbie Butters            NW         61.8           63    U23    147.5        -155        -155        147.5    80         85.5      -90        85.5    233      140         155      165        165      398         1-JR-63-PL
                                                                                                                                                                                         JR
Claire Lilly              NM         59.2           63    U23     110          120        -127.5      120      65          -70      70          70     190      140        -150      156        156      346         2-JR-63-PL
Amelia Crook             WAL         62.6           63    U23     -115         115         120        120      70         -72.5    -72.5        70     190     -140         145     -155        145      335         3-JR-63-PL
Sarah Stanhope            NM         61.6           63    U23     125         132.5       -137.5      132.5    60          -65      65          65     197.5    120         125      135        135     332.5        4-JR-63-PL
Nina Lepaus              SCO         61.8           63    U23      95         -105         105        105     52.5         55      -57.5        55     160      140         150     -157.5      150      310         5-JR-63-PL
Suzanne Goulder           EM         60.8           63    U23     97.5         105        -110        105      60          -65      -65         60     165     122.5        130      135        135      300         6-JR-63-PL
Liucija Kuzminskaite      EM         61.4           63    U23     100         107.5       112.5       112.5   -47.5       47.5      55          55     167.5   117.5       127.5    132.5       132.5    300         7-JR-63-PL
Jennifer Newton          SCO         61.4           63    U23      95          100        102.5       102.5    50          55      -57.5        55     157.5   127.5        135     -142.5      135     292.5        8-JR-63-PL
Natalie Cameron           GL         59.6           63    U23     77.5         85         -87.5        85      50         52.5      55          55     140      115         125      135        135      275         9-JR-63-PL
Molly Tweedle            SCO         62.2           63    U23    102.5        -110        -110        102.5    55          60      -62.5        60     162.5    110        -117.5   -117.5      110     272.5       10-JR-63-PL
Leilah Forward            GL         62.2           63    U23     -100         100        -105        100      45          50       55          55     155      100        -110     -110        100      255        11-JR-63-PL
                                                                                     JR       JR                                                                                        JR                   JR
Elise Davies             WAL         71.4           72    U23    132.5         140         145        145      65          70       75          75     220      165        172.5    177.5       177.5   397.5        1-JR-72-PL
Amy Spencer              WAL          70            72    U23     125         -132.5      132.5       132.5    70          75      77.5        77.5    210     142.5       152.5     160        160      370         2-JR-72-PL
Rachel Hughes            YNE         68.4           72    U23     105         112.5        120        120      70          -75     77.5        77.5    197.5    145         155     162.5       162.5    360         3-JR-72-PL
Holly Bryans              NM         67.6           72    U23     125          130        137.5       137.5    55          -60      60          60     197.5    145        152.5     160        160     357.5        4-JR-72-PL
Rosie Howard              SE          70            72    U23    107.5         115        122.5       122.5   62.5        67.5      -70        67.5    190      145         155      165        165      355         5-JR-72-PL
Kara Swankie             SCO         69.6           72    u23     120         -130        -130        120      55          -60      -60         55     175      155         160      165        165      340         6-JR-72-PL
Maggie Richmond          SCO         70.8           72    U23    107.5        117.5       122.5       122.5   47.5        52.5     -57.5       52.5    175      135         150     -160        150      325         7-JR-72-PL
Emmeline McCulloch       YNE         65.6           72    U23     110         -120         120        120      60         62.5      -65        62.5    182.5    130         135      140        140     322.5        8-JR-72-PL
Megan Davies              SE         68.2           72    U23     105         -112.5      -112.5      105      65          -70      70          70     175      140         145     -147.5      145      320         9-JR-72-PL
Lauren Hunt               SW         68.2           72    U23     105         -112.5      -112.5      105      60          65      -67.5        65     170      150        -160     -165        150      320        10-JR-72-PL
Amy McDermott             NW         71.6           72    U23      90          105        -112.5      105      -55         60      62.5        62.5    167.5    125         135     142.5       142.5    310        11-JR-72-PL
Jennifer Shaw             SW         71.6           72    U23     110          115        -120        115      55         -62.5    62.5        62.5    177.5    115         125      130        130     307.5       12-JR-72-PL
Samantha Cadman          YNE         66.6           72    U23      75         87.5        92.5        92.5     45          50      -52.5        50     142.5    105        117.5    -122.5      117.5    260        13-JR-72-PL


BR = British Record    JR = Junior British record               SJ = Sub-junior British record
    30/10/2016                                                                               British Junior Classic
                                Bwt     WtCls                                       Best                             Best    Sub                               Best
Name                  Team                    Age SQ-1            SQ-2     SQ-3             BP-1    BP-2    BP-3                     DL-1    DL-2     DL-3             TOTAL     Wilks        Placing
                                (kg)     (kg)                                        SQ                               BP     Total                              DL
                                                                   JR BR    JR BR                      JR                                                                JR BR
Chrystal Williams      NW        82       84       U23    160      170      180     180     82.5     90      -95      90     270     190     -207.5 -207.5     190      460      415.288     1-JR-84-PL
Natasha Tranter        WM       80.8      84       U23    125      135     147.5    147.5    65      75      -80      75     222.5   155     -165      175     175     397.5     361.725     2-JR-84-PL
Laura Loft             YNE      83.4      84       U23    130      140      150     150      60     67.5    72.5     72.5    222.5   155      170     -177.5   170     392.5     351.287     3-JR-84-PL
Paige Harrison         YNE      72.2      84       U23    105    -117.5 -117.5      105      45      50     52.5     52.5    157.5   130      140     -150     140     297.5     289.825     4-JR-84-PL
Aimee Carver           SW       78.8      84       U23     70      75       80       80      40     42.5     -45     42.5    122.5    85      95      102.5    102.5    225      207.653     5-JR-84-PL

                                                                                                      JR       JR
Leigh Wetheridge        EM     102.8     84+       U23    165     167.5     180     180      90     100     102.5    102.5   282.5   170      180      190     190     472.5     390.380    1-JR-84+-PL
Charlie Chester        SW       97.4     84+       U23    155      165     -170     165      85      90     -92.5     90     255     172.5   182.5    -185     182.5   437.5     367.194    2-JR-84+-PL
Ramandeep Dehal         GL     107.8     84+       U23    100      110      120     120     47.5     50      55       55     175     135      145      150     150      325      265.427    3-JR-84+-PL

                                                                     JR
Sion Hughes            WAL       92       93       U23    265      280 -290.5       280     150     160     -162.5   160     440     265     282.5    -295     282.5   722.5     456.259    1-M-JR-93-PL
Ryan Brett-Williams     EM      92.4      93       U23    -190     190      205     205     -150    150     -155     150     355     270      290     -300     290      645      406.415    2-M-JR-93-PL
Will James             SW       90.4      93       U23 227.5       240     -245     240     120     130     -135     130     370     260     -272.5 -272.5     260      630      401.310    3-M-JR-93-PL
Ben Wharton            YNE      91.8      93       U23    225      240      250     250     127.5   137.5    140     140     390     230     -255     -255     230      620      391.902    4-M-JR-93-PL
Chris Thompson          NM      92.4      93       U23 187.5       200     -205     200     127.5   135      140     140     340     240      255      265     265      605      381.211    5-M-JR-93-PL
Antonio Shinebourne     GL      91.4      93       U23    200    -212.5 212.5       212.5   125     135     -140     135     347.5   230     242.5    252.5    252.5    600      380.100    6-M-JR-93-PL
Alistair Woodward       SE      91.6      93       U23    190      200      205     205     135     140     -142.5   140     345     230      240     -250     240      585      370.188    7-M-JR-93-PL
Lawrence Rowles         EM      89.6      93       U23    185      195     202.5    202.5   117.5   122.5   127.5    127.5   330     225      240      250     250      580      371.084    8-M-JR-93-PL
Dan Wooldridge          SM      91.6      93       U23    190     202.5    -210     202.5   127.5   137.5   142.5    142.5   345     212.5    225      230     230      575      363.860    9-M-JR-93-PL
Conor Evans            SW       92.2      93       U23    -180     190      200     200     107.5   115      120     120     320     220      230      235     235      555      350.094   10-M-JR-93-PL
Kieran Gray            YNE      92.2      93       U23 222.5      -235     -235     222.5 -152.5    -160    -160      0        0     250      260     -267.5   260       0        0.000

                                                                                                               JR                                                          JR
Charlie Wade            SE     104.6     105       U23    260     272.5    277.5    277.5 -177.5 177.5      185.5    185.5   463     260     272.5    287.5    287.5   750.5     449.099   1-M-JR-105-PL
                                                                     JR
Joshua Greenfield      YNE      104      105       U23    270      285     -290     285     155     -165     165     165     450     260      270     -287.5   270      720      431.712   2-M-JR-105-PL
Josh Edwards           WAL      100      105       U23    240    -242.5     250     250     140     -150     150     150     400     300      315     -322.5   315      715      435.149   3-M-JR-105-PL
Charlie Smith           SM     103.8     105       U23    230      245      260     260     150     160     -170     160     420     250      270     -300     270      690      414.000   4-M-JR-105-PL
Michael Tennant         SE      98.4     105       U23    -200     230      240     240     120     145      150     150     390     -275     285     -290     285      675      413.505   5-M-JR-105-PL
Gerry-lee Pierre       YNE     102.2     105       U23 227.5       235      245     245     150     155     157.5    157.5   402.5   255     262.5    267.5    267.5    670      404.345   6-M-JR-105-PL
Frankie Park            EM     104.6     105       U23    260     -280     -280     260     150     -160    -160     150     410     260     -272.5            260      670      400.928   7-M-JR-105-PL
Alec Hewstone           NM     103.2     105       U23 232.5      -240      240     240     160     170     -175     170     410     -250     250     -260     250      660      396.858   8-M-JR-105-PL
George Turner           NM      103      105       U23    -240     240     -250     240     140     147.5   152.5    152.5   392.5   232.5    240     -245     240     632.5     380.575   9-M-JR-105-PL
Joe Wicks               EM     102.6     105       U23    205     -215     222.5    222.5   150     157.5   162.5    162.5   385     205      215      225     225      610      367.586   10-M-JR-105-PL
Sean Broley            NW      102.6     105       U23    -195    202.5     215     215     122.5 -127.5             122.5   337.5   235      250     -260     250     587.5     354.027   11-M-JR-105-PL
Alexander Pierides      EM     102.2     105       U23    160    -162.5             160     167.5   177.5   -186     177.5   337.5   160                       160     497.5     300.241   12-M-JR-105-PL

Mark MacQueen          SCO     119.4     120       U23    290      310     -320     310     170     180      185     185     495     300      320     -326     320      815      469.114   1-M-JR-120-PL
Baruch Sekenofsk        GL     118.6     120       U23    290      300     -305     300     185     -200    -200     185     485     290      305     -310     305      790      455.435   2-M-JR-120-PL
Shane Flowers          SW      117.2     120       U23    230      240      250     250     -165    165              165     415     270      285     -292.5   285      700      404.740   3-M-JR-120-PL
Joe Leadbetter         YNE     116.4     120       U23    240      250      255     255     135     145     -150     145     400     245      260     272.5    272.5   672.5     389.512   4-M-JR-120-PL
Bradley Horne           EM     110.4     120       U23    230     -240     -240     230     160     170      175     175     405     260     -270     -270     260      665      390.887   5-M-JR-120-PL
Joey Watson             SE     108.6     120       U23    215      225     -227.5   225     160     165     -170     165     390     260     -270      270     270      660      389.994   6-M-JR-120-PL
Nicholas Mellor        SW       120      120       U23    240     242.5     255     255     135     145     -155     145     400     245      260     -265     260      660      379.434   7-M-JR-120-PL
Harry Regan            YNE     115.2     120       U23    205     222.5    232.5    232.5   115     125      130     130     362.5   245      265      270     270     632.5     367.356   8-M-JR-120-PL
BalaL Ahmed            WM      105.6     120       U23    220    -227.5    -230     220     132.5   140     -150     140     360     265     -277.5   -285     265      625      372.750   9-M-JR-120-PL
Ryan Dean              NW       108      120       U23    200      210     -220     210     150     160     -170     160     370     220      235     -240     235      605      358.099   10-M-JR-120-PL
Daniel Fletcher         SE     118.2     120       U23    185      195      205     205     127.5   132.5 -137.5 132.5       337.5   222.5   -230              222.5    560      323.120   11-M-JR-120-PL
                                                                              JR
Luke Richardson        YNE      125      120+      U23    290     307.5    320.5    320.5   160     170      180     180     500.5   302.5    320      330     330     830.5     473.219   1-M-JR-120+-PL
Frazer Pennington      NW      122.2     120+      U23    270      285     -290     285     147.5   155     162.5    162.5   447.5   250     262.5 -272.5 262.5         710      406.546   2-M-JR-120+-PL


BR = British Record   JR = Junior British record         SJ = Sub-junior British record
