2016-11-25                                                           Contest Name, date, location
                                                                                                                                                        (3)
                                      Bwt    WtCls                                                                                    Best    (1) PL
Name                  Team    Div                    Age   SQ-1    SQ-2    SQ-3    BP-1    BP-2    BP-3     DL-1     DL-2    DL-3                      Age-      Pl-Div- WtCls-Evt
                                      (kg)    (kg)                                                                                     DL      Total
                                                                                                                                                       Wilks

Jasdeep Singh                M-M1     73.9    75     41     75      -80     80      65      -70    -72.5    -130     130     -140     130      275     199.980         #N/A

Brady McIntyre               M-J-U    73.5    75     22    147.5   150     157.5   77.5     85      -90     -212.5   212.5   -215     212.5    455     332.163         #N/A

Jason Hollingsworth          M-SJ-U   58.5    60     17    112.5   117.5   122.5    80      85      90      142.5    150      165     165     377.5    355.963         #N/A

John Fortich                  M-O     66.7   67.5    26    142.5   145     150     87.5    92.5     95      167.5    180      185     185      430      0.000          #N/A

Michal Draus                  M-O     72.8    75     27    180     192.5   -205    87.5    100      105      215     230     -245     230     527.5     0.000          #N/A

Issa Abi- Najem              M-O-U    87.5    90     24    140     145     -150    100     102.5   -107.5   162.5    170     -182.5   170     417.5     0.000          #N/A

Sothea Yi                     M-O     66.5   67.5    34    145     -160    -160    102.5   102.5   -110      185     205     -225     205     452.5     0.000          #N/A

Will Bergen                   M-J     74.1    75     20    155     162.5   175     100     107.5   -112.5    160     170     182.5    182.5    465     344.173         #N/A

Aaron Wilson                 M-O-U    74.6    75     34    145     155     160     102.5   110      115      195     205      210     210      485      0.000          #N/A

Jimmy Tran                    M-O     67.1   67.5    23    147.5   152.5   -160    105     110     -115      165     175      185     185     447.5    346.678         #N/A

Adithya Gopi                 M-J-U    88.7    90     22    155     165     170     100     115     -120      195     205      215     215      500     324.816         #N/A

Christopher Roy              M-J-U    73.8    75     22    175     185     190     110     120      125     -210     210     -230     210       0       0.000          #N/A

Mujeeb Salim                  M-O     66.9   67.5    27    172.5   185     190     115     125      130     202.5    217.5   -227.5   217.5   537.5     0.000          #N/A

Paul Pableo                   M-O     73.1    75     25    175     185     192.5   112.5   122.5    135     192.5    205      215     215       0       0.000          #N/A

Jordan King                  M-O-U    87.5    90     30    187.5   195     205     132.5   137.5   142.5    227.5    235      245     245     582.5     0.000          #N/A

Shiraj Dawadi                 M-J     78.3   82.5    19    62.5     85     100     102.5   110     -115     62.5      0        0      62.5    272.5    196.169         #N/A

Isadora Martinez             F-O-U    65.2   67.5    24     65     72.5     80     37.5     45      -50      85      100     107.5    107.5   232.5     0.000          #N/A

Nichole Loewen               F-O-U    58.6    60     21     65     67.5    82.5     40      45     -47.5    97.5     107.5   117.5    117.5    245     283.761         #N/A

Amy Le                        F-O     59.5    60     24    97.5    102.5   105     42.5    47.5    -52.5    102.5    107.5   112.5    112.5    265      0.000          #N/A

Christy Ann                   F-J     50.7    52     23    102.5   110     115     42.5    47.5     50       105     115     122.5    122.5   287.5    365.441         #N/A

Lisa Wood                     F-J     52      52     20    100     105     110      70     77.5    82.5     107.5    112.5    120     120     312.5    401.249         #N/A




Holly Marr                   F-J-U    79.2   82.5    22    100     -105    112.5    55      -60    -62.5     120     135     142.5    142.5    310     288.115         #N/A
Maria Nikolajev        F-O-U    76.2    82.5   33   122.5   132.5    -137.5   77.5     82.5      -85      140     -157.5   -157.5   140     355      0.000    #N/A

Christina Richardson   F-O-U    117.6   90+    24   127.5   132.5     140      70      77.5      -80     172.5     180      185     185     402.5    0.000    #N/A

Ralph Labong            M-J     99.8    100    20   192.5   -207.5   -207.5   112.5    117.5    -125      205      215     227.5    227.5   537.5   337.213   #N/A

Waqar Muhgal            M-O     88.4    90     31   190      205      215     117.5    -125      125     -222.5   -222.5   -222.5    0       0       0.000    #N/A

Allen Langille         M-J-U    89.6    90     22   190      200     207.5     125     -137.5   -137.5    205      215     -220     215     547.5   353.793   #N/A

David MacInnis          M-O     119.2   125    37   200      210      220      125      135      140      240      260     272.5    272.5   632.5    0.000    #N/A

Iron Rino Matarazzo     M-O     103.6   110    28                             137.5    -145     -145                                 0       0       0.000    #N/A

#imeric Quindipanda     M-O     122.5   125    26   220     232.5     250      140     147.5    157.5     245      255     -272.5   255     662.5    0.000    #N/A

Justin Ceccomancinz     M-O     118.5   125    33   232.5   247.5     260     142.5    157.5    172.5     235      255     -267.5   255     687.5    0.000    #N/A

Joshua Newbigging       M-O     88.5    90     30   225     242.5     250     142.5    152.5    -157.5    290     -305     -305     290     692.5    0.000    #N/A

Rick Reid               M-J     95.8    100    22   200      220     227.5    -145      155     -160     -250     -250     -250      0       0       0.000    #N/A

Jonathan Rodney        M-J-U    116     125    21   235      250      260      145      155      165      280      300     317.5    317.5   742.5   439.036   #N/A

Martin Wong             M-J     119.8   125    22   250      270     272.5     160      170      175      250      270     272.5    272.5   720     418.213   #N/A

Bandon Polo             M-J     100.3   110    22   265     282.5     290     167.5     175       0       300     307.5             307.5   772.5   474.299   #N/A

Dylan Polo              M-J     108     110    23   300     307.5     315     197.5    207.5     210      315     337.5    347.5    347.5   872.5   516.433   #N/A

Jay Lacambra            M-O     95.8    100    25   170     177.5     190     97.5      105      115      175     197.5     210     210     515      0.000    #N/A

Alvin Gadong            M-J     77.1    82.5   22   182.5   -192.5   -192.5    100      105      110     182.5    187.5    192.5    192.5   485     342.552   #N/A

Kevin Thuan            M-J-U    87.3    90     22   165     182.5     195      100     107.5    -115     192.5    227.5     245     245     547.5   358.715   #N/A

Matthew Shapiera       M-SJ-U   78.6    82.5   17   142.5    165     -175      100      110     112.5     205      220     -227.5   220     497.5   371.006   #N/A

Jimmy Triantafillou    M-O-U    78.3    82.5   37   142.5   147.5     165     -102.5    105     112.5    182.5     200     -220     200     477.5    0.000    #N/A

Malhar Patil            M-J     66.9    67.5   21   165     182.5     190     102.5     110     -117.5    220     -230     -230     220     520     411.909   #N/A

Eric Williamson         M-O     80.8    82.5   26   130     137.5     145     107.5    112.5    -120      195      205     -227.5   205     462.5    0.000    #N/A

Nathan Kim              M-O      78     82.5   25   142.5    155     172.5     110     -117.5   117.5    192.5    207.5    -220     207.5   497.5    0.000    #N/A

Liam Corkery            M-J     105.1   110    23   182.5   192.5     200     112.5     120      125     182.5    192.5    202.5    202.5   527.5   315.129   #N/A

Aaraf Lilani            M-O     97.6    100    31   160      165     172.5     120      125      130      210     217.5    227.5    227.5   530      0.000    #N/A

Jeff Iorio             M-M2     89.8    90     51   120     132.5    147.5     125     137.5    -145     147.5     165      185     185     470     344.532   #N/A

Tucker Axton-Nore       M-O     94.2    100    26   200      215     227.5    142.5    152.5    -165     182.5     200     227.5    227.5   607.5    0.000    #N/A
