2-Sep-17                                                                               UPA Summer Showdown - Brookpark, OH
                                 BWt      WtCls   Schwartz/M   Squat   Squat   Squat    Squat                         Bench Deadlift Deadlift Deadlift Deadlift            Coeff    Age &    Place
      Name          Age   Div                                                                 Bench 1 Bench 2 Bench 3                                           PL Total                           Pl-Div-WtCl Team Pts   Team   Events
                                 (Kg)      (Kg)     alone       1       2       3        4                              4      1        2        3        4                Score     Coeff   code

 Yessica Martinez    26   FOR    61.3     67.5      0.7953     135     147.5   162.5            62.5      75       85            135     150     162.5           410.0     326.07   326.07   1.00   1-FOR-67.5    7.00            PL
 Lee Wallingford     23   MOR    81.15     82.5     0.6262     182.5   212.5   -227.5           120     132.5    142.5          182.5   207.5     220            575.0     360.07   360.07   1.00   3-MOR-82.5    5.00             PL
  Jodie Burford      26   FOR    59.85     60       0.8286     190     205      -215            -82.5     90      -95            185    197.5     205            500.0     414.30   414.30   1.00   1-FOR-60      7.00             PL
   Jacob Barto       32   MOR    86.35     90       0.6004     180     195      205             110     122.5     -135           190     205     227.5           555.0     333.22   333.22   1.00   2-MOR-90      5.00             PL
   Chris Leskiw      29   MOR     67.3     67.5     0.7278     170     177.5   -182.5           105      110     -117.5          205    -217.5   -217.5          492.5     358.44   358.44   1.00   1-MOR-67.5    7.00             PL
 Skyler Sommers      22   MJR     74.3     75       0.6694     182.5   192.5                    107.5   -117.5   -117.5          205     -220                    505.0     338.05   338.05   1.00    1-MJR-75     7.00             PL
  Jeff Brannigan     30   MOR    89.05     90       0.5889     190     197.5    205             110      -120     -125           225     240      -255           555.0     326.84   326.84   1.00   3-MOR-90      5.00             PL
 Casmir Hughes       29   MOR     78.2     82.5     0.6436     190     197.5   207.5            125     137.5    -142.5          250     270     -277.5          615.0     395.81   395.81   1.00   2-MOR-82.5    5.00             PL
   Jeff Damon        46   MM2R    89.9     90       0.5897                                     -122.5   122.5     -130                                                                       1.00                                 BP
Trevor Stankavich    24   MOR    91.15     100      0.5808                                      147.5    155      160                                                                        1.00                                 BP
   Chris Silvetti    27   MOR     89.2     90       0.5885     207.5   215                      127.5   -137.5    -140          192.5    205      210            552.5     325.15   325.15   1.00   4-MOR-90      5.00             PL
  Joshua Black       28   MOR    103.35    110      0.5467     210     217.5   227.5            150      -160     -160           210     225      235            612.5     334.85   334.85   1.00   3-MOR-110     5.00             PL
   Taylor Price      31   MOR    139.5     140      0.5039     247.5   262.5   272.5            152.5    165      170            250    -262.5   -262.5          692.5     348.95   348.95   1.00   1-MOR-140     7.00             PL
    Eric Perez       29   MOR    81.35     82.5     0.6251     225     237.5   -247.5          -132.5   -132.5   132.5           265     280     -287.5          650.0     406.32   406.32   1.00   1-MOR-82.5    7.00             PL
   Phillip Cody      29   MOR    107.7     110      0.5395     220     -235     235             170     182.5    192.5           265    287.5     -290           715.0     385.74   385.74   1.00   2-MOR-110     5.00             PL
    Joe Lucas        36   MOR     87.8     90       0.5943     260     277.5    -295            172.5    185      -190           255    277.5     -295           740.0     439.78   439.78   1.00   1-MOR-90      7.00             PL
 John Wisniowski     27   MOR     96.4     100      0.5636     260     287.5   302.5            137.5   147.5     -160          267.5   287.5    302.5           752.5     424.11   424.11   1.00   1-MOR-100     7.00             PL
Michael Welcheck     30   MO      99.2     100      0.5560     412.5   435     -457.5           295      -320     -320          272.5    300      315            1045.0    581.02   581.02   1.00   1-MO -100     7.00             PL
   Gabe Miller       23   MOR    106.4     110      0.5414     320     337.5    -345            155     167.5     175            305     -320     -320           817.5     442.59   442.59   1.00   1-MOR-110     7.00             PL
 Russell Hutchins    29   MOR    123.3     125      0.5234     357.5   -385    412.5            225     242.5    -252.5          300    322.5    337.5           992.5     519.47   519.47   1.00   1-MOR-125     7.00             PL
 Casey Williams      29   MO     106.6     110      0.5411     317.5   340      365             250     272.5                   317.5                            955.0     516.75   516.75   1.00   1-MO -110     7.00             PL
  Diana Petzker      26   FOR    83.45     90       0.6142      65      -80     80               40       45      -55            105    117.5     125            250.0     153.55   153.55   1.00   2-FOR-90      5.00             PL
   Lauren Musil      31   FOR    102.1     110      0.5493      75     82.5     87.5             45     -47.5     47.5          122.5    130     137.5           272.5     149.68   149.68   1.00   1-FOR-110     7.00             PL
   Liz Lukesic       32   FOR    57.85     60       0.8597     87.5    97.5    102.5             60       65       70           122.5   132.5     140            312.5     268.66   268.66   1.00    2-FOR-60     5.00             PL
Elizabeth Holmes     23   FJR    65.35     67.5     0.7471     92.5    110     117.5             65      -70      -70            125    137.5     145            327.5     244.68   244.68   1.00   1-FJR-67.5    7.00             PL
  Dee Parsons        50   FOR     88.8     90       0.5901     122.5   132.5    -140             60      62.5     -65           127.5   137.5    142.5           337.5     199.16   225.05   1.00   1-FOR-90      7.00             PL
  Dee Parsons        50   FM3R    88.8     90       0.5901     122.5                             60                             127.5                                                        1.00                                  PL
  Mitch Pollack      52   MM3R    81.7     82.5     0.6235     -130    135     -142.5           -87.5    90      -97.5           155     165     167.5           392.5     244.72   285.10   1.00   1-MM3R-82.5   7.00             PL
 John SanFilippo     29   MOR    66.55     67.5     0.7347     145     152.5   162.5            -100    102.5    -107.5          165    172.5    187.5           452.5     332.45   332.45   1.00   2-MOR-67.5    5.00             PL
 Chad Cleveland      27   MOR     84.1     90       0.6112     142.5   147.5   -152.5           82.5     -90      -90            170     -175     -175           400.0     244.48   244.48   1.00   5-MOR-90      5.00             PL
   Curtis Buher      19   MT3R   74.4      75       0.6687     150     165     -177.5           92.5     105     -107.5         182.5   197.5     205            475.0     317.63   317.63   1.00   1-MT3R-75     7.00             PL
  Tarra Oravec       25   FOR    86.75     90       0.5986                                      82.5     92.5     100                                                                        1.00                                 BP
  John Calarco       66   MM6R    78.7     82.5     0.6405                                      135     -137.5   -137.5                                                                      1.00                                 BP




              Chief Referee________________________________________________
                                                                   Side Referee________________________________________________
                                                                                                                        Side Referee________________________________________________
