             23-Sep-17 2017 UPA Illinois State Championships-Lb Results

                                      BWt     WtCls                                              Best                                   Best     Sub                                         Best                     Coeff
        Name            Age     Div                    Schwartz   Squat 1   Squat 2   Squat 3            Bench 1   Bench 2   Bench 3                   Deadlift 1   Deadlift 2 Deadlift 3              PL Total                Pl-Div-WtCl
                                      (Kg)     (Kg)                                             Squat                                  Bench     Total                                      Deadlift                 Score
Joni Grant               61    FM5R   72.5      75     0.6828     110.23    121.25    -137.79   121.25   88.184    -93.696   -93.696   88.184   209.44 203.93       225.97      -236.99     225.97      435.4085    134.853      1-FM5R
Penny Bergstrom          52    FM3R   66.3     67.5    0.7377      192.9    -214.95   -214.95    192.9   110.23    121.25    -137.79   121.25   314.16 259.04       -270.06     281.09      281.09      595.242     199.179      1-FM3R
Jenny Morgan             40    FM1R   68.1      75     0.7201     209.44    231.48     248.02   248.02   132.28     143.3    -154.32    143.3   391.32 303.13       325.18      -341.71     325.18      716.495     234.0325     1-FM1R
Stephanie Butch          22     FJR   67.5     67.5    0.7258     242.51    264.55     275.58   275.58   137.79    -148.81   -148.81   137.79   413.36 281.09       297.62      308.64      308.64      722.0065    237.6995       1-FJR
Nina Calcaterra          14    FT1R   50.3      52     0.9895     104.72    -110.23    110.23   110.23   -55.115   60.627    -66.138   60.627   170.86 137.79       154.32      165.35      165.35      336.2015   150.89875      1-FT1R
Madison Kohler           21   FJR-AD 59.3       60     0.8228     253.53    275.58    -292.11   275.58    143.3    154.32       0      154.32    429.9  270.06      281.09      292.11      292.11      722.0065    269.467     1-FJR-AD
Nina Calcaterra (ad)     14   FT1R-AD 50.3      52     0.9895     104.72    -110.23    110.23   110.23   -55.115   60.627    -66.138   60.627   170.86 137.79       154.32      165.35      165.35      336.2015   150.89875   1-FT1R-AD
Frank DiPompeo           58    MM5R 95.4       100     0.5666     209.44    236.99     259.04   259.04   159.83    176.37    -181.88   176.37   435.41 330.69       347.22      374.78      374.78      810.1905    208.2255     1-MM5R
Dave Chastain            49    MM2R 89.2        90     0.5885     534.62    578.71     600.75   600.75   308.64    330.69    -341.71   330.69   931.44 534.62       578.71      606.27      606.27     1537.7085   410.47875     1-MM2R
Josh Ozbirn              35    MSMR 134.7      140     0.5094     325.18    352.74    -374.78   352.74    192.9    220.46    -236.99   220.46    573.2  380.29      -418.87     418.87      418.87       992.07      229.23      1-MSMR
Mando Gutierrez          20    MJR     74       75     0.6716     512.57    -523.59    523.59   523.59    336.2    347.22    -352.74   347.22   870.82  -573.2       573.2      -589.73      573.2      1444.013    439.898       1-MJR
Melvin Brown III         23    MJR    59.2      60     0.8242     214.95    236.99     264.55   264.55   132.28    148.81    159.83    159.83   424.39 275.58       319.67      330.69      330.69      755.0755    282.2885      2-MJR
Joe Messina              23    MJR    87.1      90     0.5973     281.09    303.13     319.67   319.67    192.9    225.97    -242.51   225.97   545.64 402.34       435.41      462.97      462.97     1008.6045   273.26475      3-MJR
Anthony Messina          18    MT3R   72.3      75     0.6843     281.09    303.13     319.67   319.67   203.93    220.46    231.48    231.48   551.15 308.64       325.18      347.22      347.22      898.3745   278.85225     1-MT3R
Abraham Medina           33    MOR    66.4     67.5    0.7367      192.9    231.48    -248.02   231.48   176.37    198.41    209.44    209.44   440.92 352.74       374.78      402.34      402.34      843.2595   281.78775   1-MOR-67.5
Nick Tyree               35    MOR    81.1     82.5    0.6268     402.34     429.9    -468.48    429.9   203.93    -214.95   225.97    225.97   655.87 385.81       402.34      446.43      446.43       1102.3       313.4    1-MOR-82.5
Ryan DiPompeo            28    MOR     88.5     90     0.5914     518.08    540.13    556.66    556.66   325.18    341.71    352.74    352.74    909.4   584.22      600.75     611.78      611.78     1521.174    408.066      1-MOR-90
Jonathan Welch           29    MOR    101.2    110     0.5513     485.01    507.06     529.1     529.1   308.64    -330.69   -330.69   308.64   837.75    573.2      595.24     -617.29     595.24     1432.99     358.345     1-MOR-110
Thomas Krawiec           35    MO      81.8    82.5     0.623     832.24    -870.82   -876.33   832.24   567.68    -584.22   -584.22   567.68   1399.9   650.36      683.43     -705.47     683.43     2083.347    588.735     1-MO-82.5
23-Sep-17      2017 UPA Illinois State Championships-Lb Results
                            BWt     WtCls                                              Best       Coeff
        Name   Age   Div                    Schwartz   Bench 1   Bench 2   Bench 3                        Pl-Div-WtCl
                             (Kg)    (Kg)                                             Bench      Score
Nick Berry     25    MBOR    144    SHW      0.499      429.9    473.99    -501.55   473.989    107.285   1-MBOR-SHW
Tim Welch      31    MOR    108.2    110    0.5388     325.18    341.71    358.25    358.2475    87.555    1-MOR-110
