  21/10/2017                                                      British Men's Classic Championships 2017
                           Bwt    WtCls                                                                                Sub
Name                Team                lot#   SQ-1    SQ-2     SQ-3     Best SQ   BP-1    BP-2     BP-3     Best BP           DL-1    DL-2     DL-3     Best DL   Total   Wilks Pts   Placing
                           (kg)    (kg)                                                                                Total

Ben Hampson         EM     59      59    1     147.5   157.5    -162.5    157.5    102.5   107.5    -113      107.5    265     185      195      200       200     465     402.783     1-59-PL
Shishir Sikder      GL     58.1    59    2     155     -160      160       160      95      100     -105       100     260     202.5   -212.5   -212.5    202.5    462.5   406.399     2-59-PL


Andrew Dawes        SE     64.7    66    13    175      185      190       190     110     122.5    127.5     127.5    317.5   215     222.5     225       225     542.5   433.078     1-66-PL
Joseph Diva         GL     64.7    66    11    167.5    175      185       185     110     117.5    127.5     127.5    312.5   200      215      220       220     532.5   425.095     2-66-PL
Richard Gallagher   YNE    63.8    66    12    157.5    165     -170       165     117.5   122.5     125       125     290     220     227.5    -230      227.5    517.5   418.036     3-66-PL
Mahfuzur Rahman     GL     65.8    66    9     177.5    185     -190       185     100      105     -110       105     290     200      210      215       215     505     397.536     4-66-PL
William George      GL     65.7    66    8     -165     165     -170       165     110     -117.5   -117.5     110     275     210     227.5    -237.5    227.5    502.5   396.020     5-66-PL
Jacob Downes         W     64.5    66    10    150      160      165       165     107.5    115      120       120     285     200      215     -222.5     215     500     400.200     6-66-PL
Shaun Bateman       SW     64.2    66    7     142.5   152.5    -162.5    152.5    107.5    115     -122.5     115     267.5   180      190      195       195     462.5   371.619     7-66-PL
Jonathan Abery      EM     63.1    66    4     155      165     -167.5     165     82.5    87.5      -90      87.5     252.5   190     197.5    -200      197.5    450     366.975     8-66-PL
Danny Smith         NW     65.9    66    3     152.5   -160     -160      152.5     95      100     -105       100     252.5   -190     190     -195       190     442.5   347.893     9-66-PL


James Duff          YNE    74      74    10    225     237.5     243       243     132.5   137.5    142.5     142.5    385.5   260      275     -280       275     660.5   475.098     1-74-PL
Christopher Wong     Sc    73.1    74    9     217.5   227.5    -237.5    227.5    127.5   137.5    -142.5    137.5    365     260      275     -295.5     275     640     464.384     2-74-PL
Luke Rogers         WM     73.9    74    7     217.5   227.5     235       235     122.5   127.5    132.5     132.5    367.5   245      260     -275       260     627.5   451.800     3-74-PL
Alex Fodor          YNE    73.6    74    8     205      215     -222.5     215     132.5   137.5    -142.5    137.5    352.5   240      255     -265       255     607.5   438.676     4-74-PL
Tom Chang           SW     73.8    74    6     175      185      190       190     127.5   137.5    142.5     142.5    332.5   227.5    245      250       250     582.5   419.808     5-74-PL
Luke Wilson         SW     74      74    3     200     -212.5   -212.5     200     125     127.5     130       130     330     212.5   217.5    -225      217.5    547.5   393.817     6-74-PL
Saber Miah          GL     73.3    74    4     170     177.5     180       180     117.5   122.5    127.5     127.5    307.5   212.5   227.5    -240      227.5    535     387.447     7-74-PL
Qasim Iqbal         WM     73.1    74    5     182.5    195      205       205     97.5    102.5     105       105     310     202.5   217.5    -222.5    217.5    527.5   382.754     8-74-PL
Oli Clarke          NW     69.2    74    2     162.5   172.5    -182.5    172.5    105     112.5    117.5     117.5    290     205     217.5     220       220     510     385.611     9-74-PL
Michael Roskell     NW     73.4    74    1     165     177.5    -187.5    177.5    100      105     -110       105     282.5   195     212.5    -225      212.5    495     358.133     10-74-PL
  21/10/2017                                                             British Men's Classic Championships 2017
                             Bwt    WtCls                                                                                 Sub
Name                  Team                lot#   SQ-1     SQ-2     SQ-3     Best SQ   BP-1    BP-2     BP-3     Best BP           DL-1     DL-2     DL-3     Best DL   Total   Wilks Pts   Placing
                             (kg)    (kg)                                                                                 Total

Daniel Worsley        YNE    82.1    83    9      250      260     -265       260     165      170     172.5     172.5    432.5   277.5     290      300       300     732.5   492.167     1-83-PL
Jurins Kengamu        GL     79.2    83    8      235      245     -255       245     147.5   152.5    -157.5    152.5    397.5    265      280     -295.5     280     677.5   465.510     2-83-PL
Owen Lockwood         YNE    81.7    83    7      230     242.5    247.5     247.5    137.5    145     147.5     147.5    395      245     262.5     270       270     665     448.144     3-83-PL
Daniel Ben-Chorin     GL     82.5    83    5      220     -232.5    240       240     142.5    150     -155       150     390      240     257.5     270       270     660     442.134     4-83-PL
Adil Khan             NW     79.3    83    10    202.5     215     222.5     222.5    142.5   147.5    152.5     152.5    375     -242.5    255     -262.5     255     630     432.495     5-83-PL
Scott Bradwell        YNE    81.2    83    3      205     217.5    -225      217.5    150      160     -165       160     377.5    230      245     -255       245     622.5   421.059     6-83-PL
Jac Lewis             NW     81.2    83    4      205     217.5    -222.5    217.5    157.5   -167.5   -167.5    157.5    375      220     237.5    242.5     242.5    617.5   417.677     7-83-PL
Richard Perfield      SE     81.8    83    6      215     -225       0        215     160     -167.5   -167.5     160     375      240     -250     -250       240     615     414.141     8-83-PL
Joshua Bosman         YNE    82.3    83    14     185      195     202.5     202.5    130     137.5    -142.5    137.5    340      250     262.5     275       275     615     412.603     9-83-PL
Daniel Gibson         YNE    82.6    83    11     200      215     -222.5     215     135     142.5     145       145     360      230     242.5     255       255     615     411.681     10-83-PL
Phil Evans            GL     80.5    83    6     -200      200      210       210     120     122.5     125       125     335      240     247.5    252.5     252.5    587.5   399.500     11-83-PL
Jamie Gee             SW     82.5    83    8      190     207.5    212.5     212.5    140      150     -152.5     150     362.5    205      215     -222.5     215     577.5   386.867     12-83-PL
Stuart Nicholson      NW     82.5    83    5     -190     -200      200       200     125      135     -140       135     335      220      235     -250       235     570     381.843     13-83-PL
Chris Lindley         YNE    80.5    83    3      190      200      210       210     120     127.5    -132.5    127.5    337.5    220      230     -240       230     567.5   385.900     14-83-PL
Adam Ferrett          SW     80.7    83    7      180     187.5    -192.5    187.5    120     -127.5   -127.5     120     307.5    260     -272.5   -272.5     260     567.5   385.333     15-83-PL
James Phillips        NM     81.8    83    2     -182.5   182.5    -200      182.5    125     -132.5   132.5     132.5    315     222.5     235     -252.5     235     550     370.370     16-83-PL
Ahmed Kadry           NW     82.4    83    4      195     -210     -215       195     130     -140     -140       130     325      100       0                 100     425     284.920     17-83-PL


Hendrick Famutimi     GL     91.8    93    10    242.5     255     -262.5     255     160     167.5     170       170     425      300      315      325       325     750     474.075     1-93-PL
Pierre Shillingford   GL     91.3    93    11     240     252.5    -257.5    252.5    165      175     177.5     177.5    430      280      300     -310       300     730     462.674     2-93-PL
Daniel Bedford        YNE    92.4    93    9     247.5    -260      260       260     152.5   162.5    -165      162.5    422.5   267.5    282.5    -300      282.5    705     444.221     3-93-PL
Tom Perryman          GL     90.7    93    4      255      265      275       275     150      155     -160       155     430      255      270     -275       270     700     445.130     4-93-PL
Lenny Oseni           GL     92.7    93    2     232.5    -242.5   247.5     247.5    152.5   162.5    -165      162.5    410      260      280      290       290     700     440.440     5-93-PL
James Blundell        EM     92.3    93    8      230     -240     -250       230     160     -170     172.5     172.5    402.5    260      275      295       295     697.5   439.774     6-93-PL
Aleem Majid           GL     92.3    93    7      245      260     -267.5     260     145     -150       0        145     405      250      265     -275       265     670     422.435     7-93-PL
Andy Champ            EM     90.6    93    3      210      220     -232.5     220     160     162.5    -167.5    162.5    382.5    255      260     -272.5     260     642.5   408.823     8-93-PL
Nick May              SW     91.9    93    9      210     217.5    222.5     222.5    150      160     -165       160     382.5    250      260     -265       260     642.5   405.931     9-93-PL
Harry Grove           SE     91.8    93    10     210     -220      220       220     137.5   142.5     145       145     365      250     262.5    -267.5    262.5    627.5   396.643     10-93-PL
Robert Hutton         SW     90.6    93    3      200      215     -220       215     130      135      140       140     355      250     -270      270       270     625     397.688     11-93-PL
Harvey Armitage       EM     91      93    2      220     227.5    237.5     237.5    140      145     152.5     152.5    390      220     232.5    -240      232.5    622.5   395.225     12-93-PL
Eric Spink            YNE    91.2    93    1      200     212.5     220       220     145      155     -160       155     375      230      245     -250       245     620     393.204     13-93-PL
Christopher Wheeler   SW     92.4    93    7      200      215     -220       215     130      135       0        135     350      250      265      270       270     620     390.662     14-93-PL
Stephen Campbell      YNE    91.2    93    5      210      220      225       225     140     147.5    -152.5    147.5    372.5    205      220     232.5     232.5    605     383.691     15-93-PL
Matt Morsia           SE     92.6    93    5      240     -255      255       255     -160    -165     -165        0        0      260     -270     -270       260       0       0.000
  22/10/2017                                                          British Men's Classic Championships 2017
                             Bwt     WtCls                                                                               Sub
Name                  Team                 lot#   SQ-1    SQ-2     SQ-3     Best SQ   BP-1    BP-2    BP-3     Best BP           DL-1    DL-2     DL-3     Best DL   Total   Wilks Pts    Placing
                             (kg)     (kg)                                                                               Total

Aaron Hull            YNE    104.3    105    9    270      290      300       300     200     215      220       220     520     280      300     -310       300     820     491.180      1-105-PL
Marvin Turner         NW     104.9    105    6    240      250     252.5     252.5    175     182.5   187.5     187.5    440     300     -312.5   -312.5     300     740     442.372      2-105-PL
Charlie Wade          GL     104.8    105    7    250      260      265       265     165     175      180       180     445     260      275      285       285     730     436.540      3-105-PL
James Oliver          YNE    102.4    105    5    230     247.5     255       255     165     172.5    175       175     430     260     287.5    -292.5    287.5    717.5   432.652      4-105-PL
George Seeger         GL     100.7    105    1    210      225      240       240     140     145     147.5     147.5    387.5   277.5   297.5    312.5     312.5    700     424.830      5-105-PL
Reece Smith           GL     104.8    105    3    235      250      255       255     150     -155    -155       150     405     260      280     -295       280     685     409.630      6-105-PL
Reece Pearce          EM     103.7    105    6    230      240      245       245     150     160      165       165     410     240      255                255     665     399.133      7-105-PL
John Smith             Sc    104.5    105    2    235     -247.5   -247.5     235     157.5   162.5   167.5     167.5    402.5   -260     260     -265       260     662.5   396.572      8-105-PL
Bradley Horne         SM     105      105    5    205      215      220       220     162.5   170      175       175     395     260     267.5    -270      267.5    662.5   395.910      9-105-PL
James Lawrence        WM     101.9    105    8    -210    -225     232.5     232.5    130     -140     145       145     377.5   240      265     282.5     282.5    660     398.706     10-105-PL
Antonio Shinebourne   GL     99.4     105    4    225     237.5    247.5     247.5    130     140      145       145     392.5   242.5   257.5     265       265     657.5   401.141     11-105-PL
Richard Thimbleby     YNE    104.2    105    9    212.5    220     232.5     232.5    137.5   145     -150       145     377.5   245      260     -265       260     637.5   381.990     12-105-PL
Christopher Horton    NW     104.9    105    3    210      220      225       225     155     165     -170       165     390     225     237.5    242.5     242.5    632.5   378.109     13-105-PL
Alastair Woodward     SE     102      105    2    210     -217.5   -217.5     210     145     150     -155       150     360     260     -270     -270       260     620     374.418     14-105-PL
Mike Pennington       NM     104.9    105    8    -280    -280     -280        0      192.5   200     207.5     207.5      0     290      320      340       340       0       0.000


Tony Cliffe           NW     119.6    120    9    300      320      340       340     210     222.5   -233      222.5    562.5   310     337.5    -352.5    337.5    900     517.860      1-120-PL
Baruch Sekenofsky     GL     119.9    120    8    300      315     -327.5     315     190     -200    -200       190     505     300      320     -340       320     825     474.375      2-120-PL
Robert Rees           GL     113      120    6    260      280     -285       280     180     190      195       195     475     300      315      335       335     810     472.959      3-120-PL
Iain Macconnachie     SW     119.1    120    7    -305     325      330       330     170     180     -190       180     510     275     -290                275     785     452.082      4-120-PL
Daniel Lindsell       SM     118.6    120    5    250      260     -265       260     190     200     -205       200     460     285      300      310       310     770     443.905      5-120-PL
Adam Berry            EM     119.5    120    4    265      280      290       290     155     165      170       170     460     270      280      290       290     750     431.625      6-120-PL
Christopher Hartwig   EM     118.1    120    2    240      255     -265       255     160     -170    -170       160     415     290      305     -310       305     720     415.512      7-120-PL
Will Knowland         SM     108.7    120    3    240      255     262.5     262.5    167.5   177.5   -185      177.5    440     240     257.5     270       270     710     419.397      8-120-PL
Bob Evans             NW     119      120    1    215     232.5    -242.5    232.5    130     140      150       150     382.5   220     242.5    257.5     257.5    640     368.704      9-120-PL


Jordan McLaughlin     NW     144     120+   12    325      350     -360       350     210     220     -228.5     220     570     305      315      320       320     890     495.285     1-120+-PL
Aaron Thompson        NM     160.1   120+   11    320      340      345       345     190     -195    -195       190     535     300      325     -355.5     325     860     471.452     2-120+-PL
Wesley Hall           WM     128.6   120+    8    280      300     -307.5     300     185     195     -205       195     495     305      320      330       330     825     467.527     3-120+-PL
Adam Nash             YNE    162.9   120+    6    280     292.5    302.5     302.5    185     195     -197.5     195     497.5   300      315      325       325     822.5   449.661     4-120+-PL
Dan Ferrett            W     152.7   120+   10    275      295      310       310     185     200     -202.5     200     510     300     -315     -315       300     810     447.039     5-120+-PL
Mitchal Flowers       SW     158.9   120+    5    280      295      305       305     175     185      195       195     500     285      300      310       310     810     444.528     6-120+-PL
Ross Shahin-Ajerio    NW     121     120+    3    225      240      250       250     175     190                190     440     280     -300      300       300     740     424.612     7-120+-PL
Liam Hinchliffe       YNE    131.7   120+    4    265     -280     -290       265     185     -190     195       195     460     255      260      270       270     730     411.939     8-120+-PL
Adam Laverick         YNE    131.5   120+    2    220      230      235       235     150     -160     165       165     400     240      250      260       260     660     372.504     9-120+-PL
Paul Shorten          YNE    170.8   120+    1    227.5   237.5    -255      237.5    140     -145    -145       140     377.5   -220     220     -230       220     597.5   324.263     10-120+-PL
