M/W Nbr,Class,BW Name,,Gym,SQUAT,SQ,,BENCH PRESS,BP Sub.,,DEADLIFT,DL Tot.,,,,,Points,Place,SQ,BP,DL
"",,,,1.,2. 3.,Result,,1. 2. 3.,Result Tot.,1.,2. 3.,Result Result,,,,,,,4.,4.,4.
"",,GROUP I,,,,,,,,,,,,,,,,,,,
W,52 OW,51.80 Celia McMillan,,Divine 100.0 110.0 115.0 115.0,,,,60.0 67.5 72.5,72.5 187.5,90.0 100.0 112.5 112.5 300.0,,,,,,,375.12,1.,,,
W,82.5 OW,75.40 Leigh Matherson,,The House 125.0 132.5 140.0 132.5,,,,85.0 90.0 95.0,90.0 222.5 140.0 150.0 157.5 157.5 380.0,,,,,,,,360.05,1.,,,
M,67.5 SJnr,65.30 Daniel Dajevic,,The House 105.0 115.0 121.0 120.0,,,,62.5 67.5 72.5,67.5 187.5 125.0 136.0 140.0 140.0 327.5,,,,,,,,,1.,,,
M,75 SJnr,70.80 Robert Quigley-McBride,,The House 110.0 120.0 125.0 120.0,,,,65.0 71.0 75.0,75.0 195.0 140.0 150.0 157.5 150.0 345.0,,,,,,,,256.34,1.,,,
M,82.5 SJnr,79.00 Brett Gibbs,,Wai Weight 160.0 180.0 190.0 160.0 120.0 130.0 140.0 130.0 290.0 200.0 210.0 220.0 220.0 510.0,,,,,,,,,,,,,350.98,2.,,,
M,82.5 SJnr,79.80 Matthew Schwass,,The House 170.0 185.0 195.0 185.0,,,,95.0 105.0 110.0 105.0 290.0 180.0 195.0 210.0 210.0 500.0,,,,,,,,,341.90,3.,,,
M,82.5 Jnr,77.80 Shannon Bay,,The House 170.0 170.0 185.0 185.0 115.0 120.0 125.0 125.0 310.0 180.0 190.0 210.0 210.0 520.0,,,,,,,,,,,,,361.45,1.,,,
M,82.5 Jnr,80.70 Nicholas Fyfe,,The House 117.5 125.0 132.5 132.5,,,,90.0 95.0 102.5 102.5 235.0 145.0 155.0 165.0 165.0 400.0,,,,,,,,,271.60,1.,,,
M,90 Jnr,87.15 Chris Tilley,,Divine 155.0 170.0 180.0 180.0 100.0 110.0 112.5 110.0 290.0 180.0 195.0 202.5 202.5 492.5,,,,,,,,,,,,,319.68,1.,,,
M,90 Jnr,88.10 David Harrison,,The House 185.0 195.0 200.0 195.0 107.5 107.5 107.5  -----,,,,,Disq,200.0 220.0 227.5 227.5 Disq,,,,,,,,,,,
"",,GROUP II,,,,
M,90 O,89.00 Craig McMillian,Jenkins 250.0 265.0 280.0 280.0 167.5 180.0 190.0 190.0 470.0 252.5 267.5 282.5 267.5 737.5,,473.55,1.
M,90 O,84.50 William McGimpsey,The House 200.0 215.0 225.0 225.0 140.0 147.5 147.5 147.5 372.5 240.0 250.0 255.0 250.0 622.5,,411.22,2.
M,100 M1,98.75 Steve Luck,The House 200.0 210.0 210.0 200.0 135.0 140.0 145.0 140.0 340.0 210.0 220.0 230.0 220.0 560.0,,342.50,1.
M,100 M2,90.40 Brett Guthrie,Palmy 180.0 200.0 220.0 220.0 100.0 110.0 120.0 110.0 330.0 185.0 210.0 232.5 210.0 540.0,,343.98,1.
M,100 M2,99.45 Warren Trent,The House 120.0 140.0 150.0 150.0 140.0 140.0 147.5 140.0 290.0 160.0 180.0 200.0 200.0 490.0,,298.80,2.
M,100 M2,92.35 Laurence Voight,Jenkins 135.0 142.0 152.0 135.0 95.0 100.0 107.5 100.0 235.0 185.0 195.0 210.0 210.0 445.0,,280.39,3.
M,110 M,109.20 Craig Bolton,Bulls 220.0 235.0 235.0 120.0 135.0 145.0 145.0 380.0 200.0 215.0 225.0 215.0 595.0,,350.93,1.
M,125 O,124.90 Costa Alexopoulus,The House 180.0 190.0 205.0 190.0 130.0 130.0 140.0 140.0 330.0 200.0 215.0 230.0 215.0 545.0,,310.60,1.
M,125+ O,141.00 Phil Townley Jr,The House 275.0 290.0 300.0 300.0 215.0 225.0 232.5 232.5 532.5 255.0 270.0 270.0 802.5,,447.96,1.
