"",,,,,,,,,,
"",,,,,NOVICE 3 LIFT COMPETITION 2015,,,,,
"",,,,WtCl,,,,,,
Powerlifting Results,,,Bwt,,Best Best Sub,Best,PL,,Pl,Pl-Div- WtCls-
"",Status,Div,,s,Age SQ-1 SQ-2 SQ-3 BP-1 BP-2 BP-3 DL-1 DL-2 DL-3,,,Wilks,,
Name,,,(kg),,SQ BP Total,DL,Total,,Code,Evt
"",,,,(kg),,,,Pts,,
Leigh Matheson,,F-I,73.88,84,41 100 105 110 110 67.5 70 70 70 180 135 140 145,145,325,311.902,1,1-F-I-84-PL
Deanne Corney,Nov ice,F-I,81.84,84,43 85 90 95 95 50 52.5 52.5 50 145 105 112.5 117.5,112.5,257.5,232.729,1,2-F-I-84-PL
Nicole Fulljames,,F-I,127.94,84+,42 107.5 107.5 120 120 55 60 60 60 180 125 137.5 142.5,142.5,322.5,254.969,1,1-F-I-84+-PL
Amanda Foulkes,Novice,F-O,55.32,57,27 80 87.5 92.5 92.5 40 47.5 52.5 52.5 145 100 110 115,110,255,302.914,1,1-F-O-57-PL
Cynthia List,,F-O,66.92,72,38 105 110 115 115 60 60 65 65 180 130 140 150,150,330,338.910,1,1-F-O-72-PL
Holly Scott,,F-O,66.78,72,27 80 85 90 85 37.5 37.5 40 40 125 100 105 105,100,225,231.412,1,2-F-O-72-PL
Kristine Sutcliffe,Novice,F-O,75.24,84,33 105 110 115 115 62.5 65 65 62.5 177.5 120 130 140,140,317.5,301.212,1,1-F-O-84-PL
Lisa Rowland,,F-O,73.3,84,30 80 100 110 110 55 57.5 60 55 165 135 145 150,145,310,299.026,1,2-F-O-84-PL
Nicola Saggers Duncan,,F-O,75.66,84,25 75 80 85 85 57.5 60 65 60 145 105 110 120,120,265,250.558,1,3-F-O-84-PL
Joanne Smith,Novice,F-O,77.46,84,35 72.5 77.5 82.5 77.5 45 47.5 50 50 127.5 90 100 105,100,227.5,212.053,1,4-F-O-84-PL
Tammie Gibson,,F-O,120.26,84+,36 90 100 115 100 70 75 80 80 180 120 140 150,150,330,263.769,1,1-F-O-84+-PL
Mary Williams,,F-JR,55.64,57,20 80 85 90 85 50 52.5 55 52.5 137.5 105 112.5 117.5,117.5,255,301.563,1,1-F-JR-57-PL
Melanya Yukhnevich,,F-JR,62.56,63,22 100 107.5 112.5 107.5 42.5 47.5 50 50 157.5 115 122.5 122.5,122.5,280,302.316,1,1-F-JR-63-PL
Olivia Boos,Novice,F-JR,67.64,72,23 92.5 102.5 107.5 107.5 62.5 67.5 67.5 62.5 170 120 130 137.5,137.5,307.5,313.373,1,1-F-JR-72-PL
Craig Fallen,Novice,M-I,95.74,105,44 130 140 152.5 152.5 100 105 105 100 252.5 155 165 165,165,417.5,258.808,1,1-M-I-105-PL
Aaron Yang,,M-O,73.98,74,25 150 160 167.5 167.5 100 107.5 112.5 112.5 280 165 180 195,195,475,341.763,1,1-M-O-74-PL
Arvinder Singh,Nov ice,M-O,73.86,74,26 110 117.5 125 125 85 90 95 95 220 160 170 180,180,400,288.120,1,2-M-O-74-PL
Christopher Moore,,M-O,73,74,35 110 110 115 110 55 60 62.5 60 170 120 130 130,120,290,210.656,1,3-M-O-74-PL
Blair Lozell,Novice,M-O,82.42,83,23 180 190 190 90 100 105 105 295 210 220 225,220,515,345.205,1,1-M-O-83-PL
Hamish Mcallister,Novice,M-O,79.5,83,28 140 150 160 160 120 135 142.5 135 295 180 200 210,210,505,346.127,1,2-M-O-83-PL
Ben Ginn,Novice,M-O,81.02,83,26 140 150 160 150 90 100 110 100 250 160 180 190,190,440,298.012,1,3-M-O-83-PL
Christopher Ritchie,Novice,M-O,82,83,37 80 100 110 80 100 110 110 100 180 80 80 80,0,0,0.000,1,
Steven King,,M-O,103.46,105,25 185 195 200 200 120 127.5 135 127.5 327.5 230 240 242.5,240,567.5,340.897,1,1-M-O-105-PL
Julian Layne,Novice,M-O,97.9,105,27 120 140 140 120 130 140 145 145 265 130 150,130,395,242.491,1,2-M-O-105-PL
Jeremy Hill,,M-O,96.74,105,26 210 215 220 215 140 142.5 142.5 142.5 357.5 240 240,0,0,0.000,1,
Jason Anderson,Nov ice,M-O,112.02,120,35 170 180 192.5 180 120 125 125 120 300 200 212.5 220,220,520,304.356,1,1-M-O-120-PL
Taylor Hamling,,M-JR,81.06,83,22 150 150 160 150 100 107.5 115 107.5 257.5 160 170 180,180,437.5,296.231,1,1-M-JR-83-PL
Hugh Day,,M-JR,74.66,83,20 90 100 110 110 60 65 67.5 65 175 140 150 155,150,325,232.310,1,2-M-JR-83-PL
James Owen,Nov ice,M-JR,87.04,93,23 185 200 210 210 105 112.5 117.5 117.5 327.5 220 232.5 242.5,242.5,570,370.329,1,1-M-JR-93-PL
Lincoln Marshall,,M-JR,87.6,93,19 150 150 160 160 110 117.5 125 117.5 277.5 180 190 202.5,202.5,480,310.800,1,2-M-JR-93-PL
Michael Brew,,M-JR,92.18,93,21 120 135 145 135 82.5 87.5 92.5 87.5 222.5 165 180,165,387.5,244.474,1,3-M-JR-93-PL
Junior Vaikai,Novice,M-JR,102.38,105,23 190 200 210 210 115 122.5 127.5 127.5 337.5 225 240 250,250,587.5,354.321,1,1-M-JR-105-PL
Caleb Fallen,,M-JR,100.22,105,18 100 105 112.5 105 60 67.5 72.5 67.5 172.5 110 125 135,135,307.5,186.991,1,2-M-JR-105-PL
Shane Price,,M-JR,160,120+,21 280 280 280 155 160 160 160 440 280 280 290,280,720,394.704,1,1-M-JR-120+-PL
Corbyn Jacobs,Novice,M-SJ,128.8,120+,15 120 140 160 140 70 85 92.5 92.5 232.5 200 220 227.5,220,452.5,256.341,1,1-M-SJ-120+-PL
Referees,Best Lifter  Male Open,Best Lifter Female Open,Best Master I Male,Best Master I Female,Best Male Junior,Best Female Junior,Best Male Sub Junior
Warren Trent,Hamish Mcallister 346.127,Cynthia List 338.910,Craig Fallen 258.808,Leigh Matheson 301.902,Shane Price 394.704,Olivia Boos 313.373,Corbyn Jacobs 256.341
Tasha Williams,Blair Lozell 345.205,Amanda Foulkes 302.914,,Nicole Fulljames 254.969,James Owen 370.329,Melanya Yuknevich 302.316,
Maria Brightwater-Wharf,Steven King 340.897,Kristine Sutcliffe 301.212,,Deanne Corney 232.729,Junior Vaikai 354.321,Mary Williams 301.563,
