     01/16/2017                                                                                         YNE Winter Open

                                                                                                                                                                                                         Pl-Div-
                                               WtCls                                                                                    Sub                                         (1) PL      (2)
Name                 Team     Div     Bwt kg           Age      SQ-1     SQ-2     SQ-3     Best SQ   BP-1    BP-2    BP-3     Best BP           DL-1    DL-2     DL-3     Best DL                        WtCls-
                                                (kg)                                                                                    Total                                        Total   Wilks Pts
                                                                                                                                                                                                          Evt
Kathryn Gillott      Unat   F-C-Snr    50.3      52     U23      72.5     77.5      -80      77.5      40    -42.5    42.5     42.5      120      75     77.5      80       80       200     255.760        1
Stephanie Pike       Unat   F-C-Snr    61.5      63    Senior     115     -120      120      120       55     57.5     -60     57.5     177.5    160      171      180      180     357.5    391.069        1
Rebecca Ella         Unat   F-C-Snr   60.45      63    Senior     -90      -90       90       90      42.5   -47.5    47.5     47.5     137.5    135     142.5     150      150     287.5    318.694        2
Lucy Dawson          SupT   F-C-Snr   61.05      63    Senior      80      90      -97.5      90       50      55     -57.5     55       145     115      125      130      130      275     302.528        3
Louise Marsh         SupT   F-C-Snr    71.5      72    Senior   137.5     142.5   -147.5    142.5      55     57.5    -62.5    57.5      200     140      145      150      150      350     343.210        1
Rebecca Martin       Unat   F-C-Snr    70.8      72    Senior     115     117.5     120      120      57.5     60     62.5     62.5     182.5    125      135     142.5    142.5     325     320.808        2
Chloe Mitchell       Unat   F-C-Snr   69.05      72     U23        95    -102.5    102.5    102.5      45     52.5     57.5    57.5      160    107.5    117.5     125      125      285     286.225        3
Samantha Cadman      DAR    F-C-Snr    66.9      72    Senior      85     92.5      100      100       45      50      -55      50       150     105      115     122.5    122.5    272.5    279.912        4
Rebecca Day          Unat   F-C-Snr    68.3      72    Senior      70      -80       80       80       35     42.5    47.5     47.5     127.5     90     102.5     115      115     242.5    245.434        5
Collette Evans       Unat   F-E-Snr    81.2      84    Senior     70       80       95        95      -45      45     -57.5     45       140     120     -130      145      145      285     258.666        1
Paige Harrison       DAR    F-C-Snr    72.6      84     U23       100      110      115      115       45     47.5     -50     47.5     162.5    130      140      150      150     312.5    303.344        2
Ina Stokland         Unat   F-E-Gst    72.4      84    Senior     50      57.5     62.5      62.5      35      40     42.5     42.5      105      75     82.5      90       90       195     189.638        3
Charlotte Newbould   Unat   F-C-Snr   79.15      84    Senior   -117.5   -117.5   -117.5      0        65      70       73      73        0      120     127.5    132.5    132.5      0       0.000
Jayne Dale           SupT   F-C-Snr   107.7     84+    Senior     130      135      145      145       45     -50      -50      45       190     130      140      155      155      345     281.796        1
Tom Lingard          Unat   M-C-Sen   64.95      66    Senior     115     122.5     130      130       85     92.5     97.5    97.5     227.5    120      135      145      145     372.5    296.398        1
Chris Lindley         WR    M-C-Sen    73.7      74    Senior     190    -202.5    -205      190     117.5   122.5    -125     122.5    312.5    215      225     -230      225     537.5    387.753        1
David Saunders       Unat   M-C-Sen    71.9      74     U23       145      155     162.5    162.5     82.5    87.5      90      90      252.5    185      205      210      210     462.5    339.706        2
Darren Clarke        Unat   M-C-Sen   69.55      74    Senior     150      160      170      170       95     100     -105      100      270     160      175      185      185      455     342.660        3
Corey Gosling        Unat   M-C-Sen    70.6      74     U23       135     147.5     150      150       95    102.5    107.5    107.5    257.5    165      175      180      180     437.5    325.719        4
Owen Lockwood        Unat   M-C-Sen    80.1      83    Senior   207.5     217.5     225      225      125     135     142.5    142.5    367.5   237.5    257.5   -272.5    257.5     625     426.375        1
Scott Bradwell       FTP    M-C-Sen    80.3      83    Senior    195       205      215      215      140    147.5     155      155      370    227.5     240      250      250      620     422.282        2
Josh Ingram          Unat   M-C-Sen    82.4      83     U23       200      210     -215      210      130     140    -142.5     140      350     230      240      255      255      605     405.592        3
Joe Feeney           Unat   M-C-Sen    82.7      83     U23      -210      210      220      220     -140     140     -145      140      360     200      220     -225      220      580     387.962        4
Matthew Sedgewick    Unat   M-C-Sen    77.7      83    Senior    135       140      145      145      97.5   -105     -105     97.5     242.5    185      205    207.5     207.5     450     313.065        5
Jay Jozeph           Unat   M-C-Sen    81.3      83    Senior    -150      150    157.5     157.5     105    -110     -110      105     262.5    160     -175      185      185     447.5    302.465        6
Craig Wolsey         Unat   M-C-Sen    92.3      93    Senior     230    242.5      245      245      155     165      170      170      415     240    -263.5   -263.5     240      655     412.978        1
Dean Collins         SupT   M-C-Sen    88.8      93    Senior     190      200      210      210      155     160      165      165      375     250      265      275      275      650     417.820        2
Chris Baldwin         LU    M-C-Sen    92.1      93    Senior    -190      200      210      210      140     150    -157.5     150      360     240      250      260      260      620     391.282        3
Adam Davies          Unat   M-C-Sen   92.35      93    Senior     185     192.5     200      200     147.5    155    -157.5     155      355     225      245      250      250      605     381.331        4
Jakub Wrazen         Unat   M-C-Sen   89.55      93     U23       190      200      210      210     107.5    115    -122.5     115      325     225     242.5     255      255      580     371.200        5
Simon Beer           SupT   M-C-Sen    91.3      93    Senior     190    -202.5    202.5    202.5    122.5    130    -132.5     130     332.5    210      225    -237.5     225     557.5    353.344        6
Stuart Saunders      Unat   M-C-Gst   91.25      93    Senior     160      175     -200      175      115     130    -137.5     130      305     220      230    242.5     242.5    547.5    347.115        7
Jack Regan           SupT   M-C-Sen   91.65      93    Senior     180     -190    -202.5     180      130    137.5   -142.5    137.5    317.5    220      230     -240      230     547.5    346.349        8
Luke Bosworth        Unat   M-C-Sen   88.85      93    Senior     165      175      185      185       90     100     -105      100      285     200      210      220      220      505     324.513        9
Bradley Harrap       FTP    M-C-Sen   92.05      93     U23       170      180      185      185      105    107.5     110      110      295     180    192.5      205      205      500     315.650       10
Edward Harber        Unat   M-C-Sen     90       93     U18     147.5     157.5     165      165      105    112.5    -120     112.5    277.5    155      170     -180      170     447.5    285.684       11
Sean Mcphillips      SupT   M-C-Sen   100.8     105    Senior     200      210      220      220      140     145     -150      145      365     250      260     -270      260      625     379.188        1
Alex Roche           SupT   M-C-Sen   101.1     105    Senior    -160      160     -175      160      130     140      150      150      310     200      220      230      230      540     327.240        2
Ben Thornes           WR    M-C-Sen    96.5     105    Senior     150    162.5    172.5     172.5      90    102.5    107.5    107.5     280     200      215      220      220      500     308.850        3
Richard Thimbleby   FTP    M-C-Sen   102.4     105   Senior    45      0              45    127.5    135     140     140     185    227.5    240     252.5   252.5   437.5   263.812   4
Aidan Murthick      FTP    M-C-Sen   103.05    105    U23      120    130   140      140      90     97.5   102.5   102.5   242.5    155     165      175     175    417.5   251.168   5
Alex Blow           Unat   M-C-Sen   103.1     105   Senior    110    125   140      140      80      90     95      95      235     150     165      180     180     415    249.622   6
Will Newton         DAR    M-C-Sen   103.45    105   Senior    225     0             225     130     150    -160     150     375    -300    -300       0       0       0      0.000
Joe Leadbetter      FTP    M-C-Sen   119.2     120    U23      230    240    255     255     130     145     160     160     415     230     250      265     265     680    391.544   1
Daniel Frazer       Unat   M-C-Sen   114.85    120   Senior    220    230    240     240    142.5    150     155     155     395     250     260      265     265     660    383.658   2
Jamie Fox           FTP    M-C-Sen    118      120    U23     -200    210   227.5   227.5    120     130     140     140    367.5    210     225      240     240    607.5   350.649   3
Yusuf Rehman        Unat   M-C-Sen   106.2     120   Senior   152.5   160   162.5   162.5    100     110    112.5   112.5    275     200     220    -227.5    220     495    294.624   4
Paul Shorten        Unat   M-C-Sen   164.2    120+   Senior    210    220    230     230     125    132.5    140     140     370     215    222.5     230     230     600    327.660   1
Dave Richardson     PhP    M-C-Sen   138.25   120+    M2       130    135   -145     135     100     105    -110     105     240     190    202.5   212.5    212.5   452.5   253.355   2
