05-Oct-19                                                                                  UNLEASH THE BEAST 2019
                                     BWt     WtCls            Squat   Squat   Squat    Squat Bench Bench Bench Bench Deadlif Deadlif Deadlif               Coeff    Age &    Place    Pl-Div-     Team
        Name             Age   Div                   Reshel                                                                                  PL Total                                                     Team     Events
                                     (Kg)    (Kg)              1       2       3        4      1     2     3     4     t1      t2      t3                  Score    Coeff    code      WtCl        Pts

  ROBYN WATERS           19    FT3   56,3     60     1,8942    30      35      -40             20      -30     -30         30     40       50      105,0   198,89   206,85   1,00    1-FT3-60      7,00    UTB      PL
 ZUZETTE WATERS          44    F1     83      90     1,4710    70      -80     -80             30      40      -45         80     90       100     210,0   308,91   322,19   1,00     1-F1-90      7,00    UTB      PL
  BEULA VAN ZYL          27    FO    86,2     90     1,4438    -70     70      -80             30      45      -55        -80     80       100     215,0   310,42   310,42   1,00     1-FO-90      7,00    UTB      PL
    KAYLA SKIPP          21    FJ     60      60     1,7830    80      90      100             45     47,5     -50         90     100      105     252,5   450,21   459,21   1,00     1-FJ-60      7,00    UTB      PL
 STORM GROBLER           30    FO     59      60     1,8080    70      80      -85             40      45     47,5         90     100     -110     227,5   411,32   411,32   1,00     1-FO-60      7,00    UTB      PL
ELSABE ODENDAAL          25    FO    66,1    67,5    1,6622    85      95      100             40      45      -50        110     120     -125     265,0   440,48   440,48   1,00    2-FO-67,5     5,00    UTB      PL
  ALECIA LE ROUX         22    FJ    62,7    67,5    1,7210   100     115      125             50      60      -70        110     120     127,5    312,5   537,81   543,19   1,00    1-FJ-67,5     7,00    UTB      PL
 NARUSA DOUBELL          22    FJ    80,7    82,5    1,4904   110     120     -127,5           50      55      -60        115     125      135     310,0   462,02   466,64   1,00    2-FJ-82,5     5,00    UTB      PL
 SHANA GROBLER           31    FO    100,3    110    1,3608   -115    115      130             55      60      65         125    -135      140     335,0   455,87   455,87   1,00    1-FO-110      7,00    UTB      PL
   LIZE CILLIERS         27    FO     67     67,5    1,6470   135     145     -155             70      75      80         125     135      145     370,0   609,39   609,39   1,00    1-FO-67,5     7,00    UTB      PL
 OLIVIA ADRIAANSE        38    FO     71      75     1,5920   110     120     -130             60      65      70         140    -150      150     340,0   541,28   541,28   1,00     1-FO-75      7,00    UTB      PL
 DEMI STEENKAMP          21    FJ    77,7    82,5    1,5174   135     142,5    155            72,5     75      -80        145     155      165     395,0   599,37   611,36   1,00    1-FJ-82,5     7,00    UTB      PL
  PIETER DU TOIT         34    MO    76,7    82,5    1,0936    70      75      85              50      60      -70        115     125     -135     270,0   295,27   295,27   1,00    1-MO-82,5     7,00    UTB      PL
 JACO ABRAHAMS           19    MT3   83,7     90     1,0174    70      80      100             80      -90     100        120    -140      160     360,0   366,26   380,91   1,00    2-MT3-90      5,00    UTB      PL
MICHAEL-ANTHONY REDDEK   19    MT3   64,8    67,5    1,2940    60      -90     100             70      80      -90        140     150      160     340,0   439,96   457,56   1,00    1-MT3-67,5    7,00    UTB      PL
  JUNIOR MOORE           32    MO    86,1     90     0,9972   100     110      120            92,5    100     107,5       160     175      190     417,5   416,33   416,33   1,00     3-MO-90      3,00    UTB      PL
STEFANO ROSOLEN          18    MT3   81,2    82,5    1,0416   130     140      150             90      -95     -95       172,5   187,5    -190     427,5   445,28   472,00   1,00    2-MT3-82,5    5,00    UTB      PL
  AHMAD ISAACS           26    MO     60      60     1,4230   145     152,5   -157,5          105     110                 180     190     -200     452,5   643,91   643,91   1,00     1-MO-60      7,00    UTB      PL
 RUDI STEENKAMP          18    MT3   81,1    82,5    1,0428   190     200      210           -117,5   125     127,5       180     205      215     552,5   576,15   610,72   1,00    1-MT3-82,5    7,00    UTB      PL
  TAAHIR ISAACS          19    MT3   73,8     75     1,1352   170     -190    -190             90      95      100        180     200     -215     470,0   533,54   554,89   1,00    1-MT3-75      7,00    UTB      PL
  DYLAN NELSON           23    MJ    55,9     56     1,5978   145     150     152,5           110     115     -117,5      185     190     -200     457,5   730,99   730,99   1,00     1-MJ-56      7,00    UTB      PL
   KYLE ZANGEL           21    MJ     84      90     1,0150   165     175     -180             95     100     -107,5      185     200      205     480,0   487,20   496,94   1,00     1-MJ-90      7,00    UTB      PL
   KEAGAN JACK           20    MJ    70,8     75     1,1812   142,5   147,5   152,5           110     115      120       197,5    210              482,5   569,93   587,03   1,00     1-MJ-75      7,00    UTB      PL
 RUBEN DU PREEZ          22    MJ    88,9     90     0,9768   -190    -190    -190            130     140     -150        210     220      235                               1,00                          UTB      PL
CHRISTIAAN MOLLER        18    MT3   87,3     90     0,9878   160     170      185            115     122,5   127,5       220    -240     -240     532,5   526,00   557,56   1,00    1-MT3-90      7,00    UTB      PL
 ZIYAAD SAMODIEN         23    MJ    66,4    67,5    1,2594   187,5   195     -200            150     155      160       227,5   -237,5   -237,5   582,5   733,60   733,60   1,00    1-MJ-67,5     7,00    UTB      PL
 LUCAS ANDERSON          26    MO     75      75     1,1170   200     -215     215            100                         235     245      250     565,0   631,11   631,11   1,00     1-MO-75      7,00    UTB      PL
   CECIL BARNES          43    M1                                                                                                                                            1,00                          UTB      PL
DAVID COMBRINCK          18    MT3   97,4     100    0,9254    90     120      150             80     100     -110        110     135      160     410,0   379,41   402,18   1,00    1-MT3-100     7,00    UTB      PL

 Chief Referee                                                                                          Side Referee                                                                                         Side Referee
 ________________________                                                                        ________________________                                                                       ________________________
 ________________________                                                                        ________________________                                                                       ________________________
05-Oct-19                                                                             UNLEASH THE BEAST 2019
                                 BWt     WtCls            Squat   Squat   Squat   Squat Bench Bench Bench Bench Deadlif Deadlif Deadlif             Coeff    Age &    Place    Pl-Div-     Team
      Name           Age   Div                   Reshel                                                                                 PL Total                                                   Team     Events
                                 (Kg)    (Kg)              1       2       3       4      1     2     3     4     t1      t2      t3                Score    Coeff    code      WtCl        Pts

  CRAIG DAVIDS       35    MO     90      90     0,9690   170     190     200            100     110     112,5       190    200     205     517,5   501,46   501,46   1,00    1-MO-90       7,00    UTB      PL
   JAUNU SMITH       16    MT2    92      100    0,9540   140     160     170            105     112,5    115        -190   190    207,5    492,5   469,85   530,92   1,00    1-MT2-100     7,00    UTB      PL
 NELIO SARDINHA      25    MO    87,7     90     0,9854   165     170     180            110     120     -130        195    205     215     515,0   507,48   507,48   1,00    2-MO-90       5,00    UTB      PL
HOWARD CLADINGBOWL   52    M3    89,3     90     0,9736   165     177,5   190            112,5   117,5   122,5       210    225    -240     537,5   523,31   609,66   1,00     1-M3-90      7,00    UTB      PL
  DYLAN HEATH        30    MO    106,1    110    0,8946   180     195     210            130     140     -150        220    235    -250     585,0   523,34   523,34   1,00    2-MO-110      5,00    UTB      PL
 FRANCU DREYER       20    MJ    139,9    140    0,8400   280     292,5   300            150     155      160        240    -250    250     710,0   596,40   614,29   1,00    1-MJ-140      7,00    UTB      PL
 DANIEL ERASMUS      22    MJ    98,6     100    0,9206   265     -280                   145     155     -162,5      220    240     255     675,0   621,41   627,62   1,00    1-MJ-100      7,00    UTB      PL
   GORDON COX        42    M1    99,1     100    0,9186   170     190     205            -130    130     -135       232,5   240     255     590,0   541,97   552,81   1,00    1-M1-100      7,00    UTB      PL
PRESTON PRETORIUS    31    MO    98,5     100    0,9210   200     210     -220           110     115     -120        230    250     260     585,0   538,79   538,79   1,00    2-MO-100      5,00    UTB      PL
 ROSSOUW LOTZ        28    MO    97,7     100    0,9242   190     205     215            135     142,5   147,5       230    245    262,5    625,0   577,63   577,63   1,00    1-MO-100      7,00    UTB      PL
BONGA MATHEBULA      26    MO    99,8     100    0,9158   160     170     -180           120     127,5   -130        240    260    -272,5   557,5   510,56   510,56   1,00    3-MO-100      3,00    UTB      PL
  STIAN STANDER      24    MO    104,4    110    0,8994   290     300     310            180     190     -207,5      270    280    -290     780,0   701,53   701,53   1,00    1-MO-110      7,00    UTB      PL
 STEFAN COETZEE      22    MJ    116,7    125    0,8692   285     300     310           -182,5   190      200        270    290     300     810,0   704,05   711,09   1,00    1-MJ-125      7,00    UTB      PL
  CORNELIUS NEL      31    MO    96,4     100    0,9298                                  130     150      170                                                         1,00                          UTB      PL




 Chief Referee                                                                                     Side Referee                                                                                       Side Referee
 ________________________                                                                   ________________________                                                                     ________________________
 ________________________                                                                   ________________________                                                                     ________________________
