"","New Zealand National Powerlifting Championships 2011, Armitage Hotel, Tauranga, 5-7 August 2011",,
"","1st Session, 5 August 2011",,
Powerlifting Results,Bwt WtCls (1) PL (2),Pl Code,Pl Code
"",Team Div SQ-1 SQ-2 SQ-3 Best SQ BP-1 BP-2 BP-3 Best BP Sub Total DL-1 DL-2 DL-3 Best DL,,
Name,(kg) (kg) Total Wilks Pts,Open,Div
Celia McMillan,CD F-O 51.6 52 117.5 122.5 127.5 127.5 75 82.5 90 90 217.5 115 122.5 130 130 347.5 435.80,1,1
Karen Thomson,NTH F-M1 51.2 52 105 112.5 -117.5 112.5 75 80 -85 80 192.5 120 130 - 130 322.5 406.87,2,1
Trish Muldrock,NTH F-M2 49.25 52 85 95 -110 95 60 62.5 67.5 67.5 162.5 110 120 127.5 127.5 290 376.83,3,1
Sharnell Duncan,CD F-O 54.65 57 115 120 122.5 122.5 70 72.5 -75 72.5 195 115 117.5 122.5 122.5 317.5 380.78,1,1
Chris Webber,CD F-M1 56.8 57 110 117.5 122.5 122.5 70 - - 70 192.5 110 117.5 125 125 317.5 369.44,2,1
Rachel Clayton,AUCK F-M1 55.2 57 102.5 105 107.5 107.5 60 65 67.5 67.5 175 117.5 120 127.5 127.5 302.5 359.98,3,2
Rechelle Unsworth,AUCK F-O 53.4 57 90 100 -110 100 45 50 52.5 52.5 152.5 100 110 117.5 117.5 270 329.72,4,4
Corinna Hollamby,OTG F-J 55.6 57 87.5 100 102.5 102.5 42.5 47.5 52.5 52.5 155 97.5 105 115 115 270 319.46,5,1
Aimee Banks,CD F-O 61.65 63 127.5 137.5 150 150 67.5 72.5 75 75 225 122.5 132.5 145 145 370 403.97,1,1
Rangimaria Brightwater,CD F-M2 59.8 63 -135 -135 135 135 70 75 - 75 210 145 -155 -160 145 355 396.82,2,1
Tania Pitt-Guthrie,CANT F-M1 61.8 63 130 -141 -141 130 85 92.5 -95.5 92.5 222.5 110 117.5 120 120 342.5 373.26,3,1
Nicole Hollamby,OTG F-O 61.65 63 -92.5 97.5 105 105 55 60 -65 60 165 105 112.5 117.5 117.5 282.5 308.43,4,4
Sylvia Clarkson,OTG F-M3 62.75 63 92.5 97.5 102.5 102.5 50 52.5 -55 52.5 155 105 115 120 120 275 296.23,5,1
Serena Perry,WBOP F-M1 69.8 72 127.5 137.5 -145 137.5 87.5 92.5 -95 92.5 230 127.5 140 150 150 380 378.78,1,1
Ailsa Bay,CD F-M1 80.8 84 90 92.5 -95 92.5 -60 -60 -60 0 0 -122.5 - - 0 BMB 0.00,0,0
Suzy Derbyshire,AUCK F-M1 82.35 84 137.5 150 160 160 90 95 100 100 260 140 152.5 162.5 162.5 422.5 380.59,1,1
Jasmine Waiari,WBOP F-M2 82.45 84 120 130 142.5 142.5 85 90 95 95 237.5 130 145 155 155 392.5 353.37,2,1
Sonia Manaena,OTG F-M2 125.55 84+ -220 220 - 220 150 -160 - 150 370 230 -235 -235 230 600 475.98,1,1
"","Side Referee: Craig Ebborn, Centre Referee: Stan Halmond, Side Referee: June Johnson",,
"","2nd Session, 6 August 2011",,
Powerlifting Results,Bwt WtCls (1) PL (2),Pl Code,Pl Code
"",Team Div SQ-1 SQ-2 SQ-3 Best SQ BP-1 BP-2 BP-3 Best BP Sub Total DL-1 DL-2 DL-3 Best DL,,
Name,(kg) (kg) Total Wilks Pts,Open,Div
Brian Choi,AUCK M-J 58.4 59 140 -155 -155 140 97.5 102.5 -107.5 102.5 242.5 170 182.5 187.5 187.5 430 376.03,1,1
Mike Gardner,CANT M-M1 65.05 66 180 200 210 210 100 115 -122.5 115 325 220 240 -250 240 565 449.01,1,1
Adam Keen,OTG M-O 65.55 66 175 182.5 -195 182.5 125 -132.5 132.5 132.5 315 -170 175 -185 175 490 386.90,2,2
Andrew Thomas,CANT M-J 64.3 66 145 152.5 155 155 100 -105 -107.5 100 255 170 180 187.5 187.5 442.5 355.11,3,1
Tony McKenna,WBOP M-M2 73.45 74 160 -180 180 180 -105 -107.5 -107.5 0 0 160 175 185 185 BMB 0.00,0,0
Brett Gibbs,CD M-J 73.35 74 220 -240 -240 220 150 157.5 162.5 162.5 382.5 210 250 -257.5 250 632.5 457.87,1,1
Ben Haughey,WBOP M-O 73.95 74 227.5 -240 -240 227.5 132.5 -140 -140 132.5 360 220 240 -252.5 240 600 431.82,2,2
Craig Jordon,NTH M-O 73.2 74 150 -170 -170 150 125 130 -132.5 130 280 175 -185 -185 175 455 329.83,3,3
Bruce Park,OTG M-M4 68.45 74 105 115 122.5 122.5 82.5 87.5 90 90 212.5 142.5 155 162.5 162.5 375 285.94,4,1
Ming Ming Edgar,AUCK M-J 71.8 74 110 -120 125 125 90 95 100 100 225 130 140 150 150 375 275.70,5,2
Brett McCormack,OTG M-O 82.9 83 265 -287.5 -287.5 265 -185 185 -202.5 185 450 230 247.5 252.5 252.5 702.5 469.27,1,1
Michael Burge,AUCK M-J 81.65 83 220 235 240 240 125 -130 -130 125 365 245 262.5 -272.5 262.5 627.5 423.00,2,1
Stephen King,AUCK M-M1 82.8 83 225 245 255 255 122.5 127.5 -132.5 127.5 382.5 210 225 230 230 612.5 409.46,3,1
Jason Blight,WBOP M-O 82.05 83 200 210 -220 210 137.5 145 -155 145 355 205 -215 215 215 570 383.10,4,4
Hayden Pritchard,CD M-J 81.75 83 200 210 -220 210 -125 130 140 140 350 210 -225 -225 210 560 377.22,5,2
Liam Butler,WBOP M-J 83 83 -170 180 -190 180 130 -132.5 -140 130 310 205 215 -225 215 525 350.44,6,3
John Rivers,CD M-M2 81.35 83 165 180 190 190 -117.5 117.5 -125 117.5 307.5 180 -195 -195 180 487.5 329.35,7,1
Clarry Parsons,AUCK M-M4 80.4 83 160 165 170 170 85 90 92.5 92.5 262.5 170 180 -187.5 180 442.5 301.17,8,1
Brian Froggatt,NTH M-M2 81.95 83 -80 80 85 85 162.5 -170 170 170 255 135 145 -150 145 400 269.04,9,2
John Warren,CANT M-M4 79.85 83 -80 90 -97.5 90 85 92.5 -97.5 92.5 182.5 185 200 210 210 392.5 268.27,10,2
"","Side Referee: Tania Pitt-Guthrie, Centre Referee: Craig Ebborn, Side Referee: Paul Sellors",,
"",,,,,,,,,"3rd Session, 6 August 2011",,,,,,,,,
Leighton Best,CANT,M-O,91.35,93,180,-200,205,205,210 217.5 227.5 227.5 432.5,210,225,,235,235,667.5,422.99,1,1
Noel Franks,WBOP,M-M2,85.75,93,230,245,250,250,145 155 162.5 162.5 412.5,215,230,,-250,230,642.5,420.90,2,1
Nick Toulis,CD,M-M1,91.85,93,220,-235,235,235,120 130 140 140 375,225,240,,250,250,625,395.00,3,1
Peter Hunt,WBOP,M-M2,88.5,93,215,-230,230,230,135 145 150 150 380,220,235,,242.5,242.5,622.5,400.89,4,2
Mathew Schwass,CD,M-J,87.3,93,210,-220,-220,210,125 132.5 -137.5 132.5 342.5,220,230,,-235,230,572.5,371.38,5,1
Brett Guthrie,CD,M-M2,92.7,93,200,220,-230,220,100 110 -120 110 330,200,230,,240,240,570,358.64,6,3
Jing Seth,AUCK,M-J,86.65,93,200,210,220,220,-110 -110 110 110 330,220,230,,-240,230,560,364.73,7,2
John Rippon,CD,M-M3,89.4,93,165,170,175,175,117.5 122.5 125 125 300,200,207.5,,-210,207.5,507.5,325.10,8,1
Sam Brown,CD,M-J,92.85,93,150,160,-175,160,105 112.5 117.5 117.5 277.5,200,215,,227.5,227.5,505,317.49,9,3
Goody Metuanooraroa,NTH,M-M1,92.8,93,160,170,180,180,-130 -135 135 135 315,160,170,,180,180,485,304.97,10,3
Andrew Curry,CD,M-M2,91.85,93,170,-180,-180,170,120 130 -145 130 300,-170,170,,-180,170,470,297.04,11,4
Hayden Lee,CANT,M-SJ,86.45,93,155,165,-175,165,80 90 -100 90 255,200,210,,-220,210,465,303.23,12,1
Felix Esterbauer,WBOP,M-M4,92.1,93,-140,140,155,155,95 102.5 -105 102.5 257.5,200,-220,,-,200,457.5,288.73,13,1
John Gyenge,CD,M-M2,92.1,93,135,145,155,155,-105 -105 105 105 260,150,170,,-182.5,170,430,271.37,14,5
Matt Gardyne,CANT,M-J,85.05,93,210,-220,220,220,-150 -150 -150 0 0,230,240,,-247.5,240,BMB,0.00,0,0
"",,,,,,"Side Referee: Charlie Johnson, Centre Referee: Steve Lousich, Side Referee: Serena Perry",,,,,,,,,,,,
"",,,,,,,,,"4th Session, 7 August 2011",,,,,,,,,
Powerlifting Results,,,Bwt,WtCls,,,,,,,,,,,(1) PL,(2),Pl Code,Pl Code
"",Team,Div,,,SQ-1,SQ-2,SQ-3,Best SQ,BP-1 BP-2 BP-3 Best BP Sub Total,DL-1,DL-2,,DL-3,Best DL,,,,
Name,,,(kg),(kg),,,,,,,,,,,Total,Wilks Pts,Open,Div
Andy Mahon,OTG,M-O,101.1,105,310,330,340,340,175 187.5 -200 187.5 527.5,285,-305,,-305,285,812.5,492.38,1,1
Dave Dunford,WBOP,M-M1,103.5,105,290,300,-310,300,210 -220 -220 210 510,270,280,,290,290,800,480.48,2,1
Zane Wairama,CD,M-O,102.5,105,240,260,280,280,195 202.5 210 210 490,260,280,,-300,280,770,464.16,3,3
Warren Mackrell,WBOP,M-M1,101.9,105,270,290,-300,290,165 172.5 180 180 470,240,255,,-270,255,725,437.97,4,2
Darren Neves,AUCK,M-O,101.15,105,235,255,280,280,175 185 195 195 475,200,225,,235,235,710,430.19,5,5
Joe Tafua,AUCK,M-M2,104.35,105,275,-292.5,-292.5,275,140 -150 150 150 425,275,-300,,-300,275,700,419.23,6,1
Warren Trent,CD,M-M2,98.55,105,215,227.5,237.5,237.5,125 130 -135 130 367.5,215,225,,-232.5,225,592.5,362.73,7,2
Bill Quinn,CD,M-M1,102.2,105,200,210,-235,210,110 120 -125 120 330,220,240,,260,260,590,356.07,8,3
Robert Mcbride,CD,M-J,94.7,105,200,212.5,217.5,217.5,-142.5 145 152.5 152.5 370,195,205,,212.5,212.5,582.5,362.84,9,1
Tony Oliver,CD,M-M1,98.3,105,190,215,225,225,-120 -120 120 120 345,190,215,,222.5,222.5,567.5,347.82,10,4
Gordon Fletcher,AUCK,M-M4,104.7,105,160,175,185,185,55 60 -65 60 245,200,215,,225,225,470,281.15,11,1
Doug Mienie,WBOP,M-M4,98,105,135,140,150,150,115 125 -130 125 275,160,175,,-180,175,450,276.12,12,2
Phil Townley,CD,M-M3,102.35,105,120,127.5,-135,127.5,75 82.5 85 85 212.5,120,145,,-150,145,357.5,215.61,13,1
Simon Weaver,AUCK,M-O,116,120,310,320,330,330,-210 210 215 215 545,-280,280,,290,290,835,484.05,1,1
Jonathon Radich,AUCK,M-O,107.1,120,275,290,305,305,200 207.5 212.5 212.5 517.5,280,302.5,,-317.5,302.5,820,486.67,2,2
Sateki Langi,AUCK,M-J,106.2,120,275,292.5,305,305,-175 175 -185 175 480,260,290,,-300,290,770,458.30,3,1
Steve Lousich,CANT,M-M1,119.75,120,265,272.5,280,280,230 -240 -240 230 510,210,227.5,,235,235,745,428.52,4,1
Daniel Rudolph,WBOP,M-O,119.4,120,250,-252.5,-280,250,210 -220 -220 210 460,265,280,,-300,280,740,425.94,5,5
Danny Wilton,CD,M-O,119.65,120,230,-250,250,250,200 210 215 215 465,220,260,,-280,260,725,417.09,6,6
Neil Lauaki,AUCK,M-M2,132,120+,350,-370,-370,350,235 -250 250 250 600,275,-300,,300,300,900,507.69,1,1
Keith Old,OTG,M-M1,138.95,120+,280,300,310,310,230 -240 -245 230 540,270,285,,-300,285,825,461.51,2,1
Phillip Townely jnr,CD,M-O,132.4,120+,315,-325,-325,315,205 210 215 215 530,290,-305,,-305,290,820,462.32,3,3
Costa Alexopoulous,CD,M-O,131.5,120+,275,285,300,300,190 -200 -200 190 490,260,280,,-282.5,280,770,434.59,4,4
Nathan Crawford,OTG,M-O,162.6,120+,-260,-260,260,260,205 217.5 230 230 490,-270,280,,-295,280,770,421.11,5,5
Trevor Walker,CD,M-M1,127.65,120+,235,245,252.5,252.5,182.5 192.5 -202.5 192.5 445,180,200,,210,210,655,371.71,6,2
"",,,,,,"Side Referee: Brian Frogatt, Centre Referee: Julian Perry, Side Referee: June Johnson",,,,,,,,,,,,
