           22-Jul-17 UPA Iron Battle on the Mississippi-Kg Results

                                      BWt     WtCls                                                 Best                                   Best          Sub      Deadlift Deadlift Deadlift Deadlift  Best                   Coeff      Age &
       Name             Age     Div                   Schwartz   Squat 1 Squat 2 Squat 3 Squat 4          Bench 1 Bench 2 Bench 3 Bench 4                                                                        PL Total                           Pl code   Pl-Div-WtCl     Tm Pts   Team
                                      (Kg)    (Kg)                                                  Squat                                 Bench          Total      1        2        3        4      Deadlift                Score       Coeff
Kari Arnold             39    FSMR-AD 67.1     67.5   0.7297     107.5     115     -120              115     60      65       70    -75     70            185     92.5      102.5     120               120        305      222.5585        0         2       1-FSMR-AD         7
Martina Motika-Thomas   26      FOR   55.9      56    0.8943     102.5     110     117.5            117.5    65      70      -75            70           187.5    117.5      125    -132.5              125       312.5     279.46875       0         1        1-FOR -56        7
Stephanie Hughes        29      FOR   55.7      56     0.88      72.5       85     92.5     100      92.5    65      70       75   -77.5    75           167.5     125      132.5     140               140       307.5       270.6         0         1        2-FOR -56        5
Erin Murray             24      FOR   79.4     82.5   0.6364     167.5    182.5    192.5            192.5   105     110      115   -120    115           307.5     190       200     207.5             207.5       515       327.746        0         1       1-FOR -82.5       7
Emily Bautista Herdt    43    FM1R-AD 74.8      75    0.6659      120     132.5    137.5    -140    137.5    60    -67.5     67.5          67.5           205     132.5     142.5    147.5     150     147.5      352.5     234.72975   242.00637     2       1-FM1R-AD         7
Allison Nathe           41    FM1R-AD105.5    SHW     0.5429      130     137.5     145     147.5    145   82.5      90     -92.5           90            235      130       140     152.5     155     152.5      387.5     210.37375   212.47748     2       2-FM1R-AD         5
Emily Ferry             25     FOR-AD 147.3   SHW     0.4956     132.5    147.5    157.5     160    157.5  62.5      70     -77.5           70           227.5     135      147.5    157.5    167.5    157.5       385       190.806        0         1       1-FOR-AD-SHW      7
Rick Johnson            40      MM1R 119.6     125    0.5274      215     227.5     230              230   152.5   162.5    167.5         167.5          397.5     250       270     -275               270       667.5     352.0395    352.0395      2         1-MM1R          7
Ted Kincaid             40      MM1R 81.6      82.5   0.6241      175     187.5     195     -200     195    100     115      120   122.5   120            315     202.5      220    -227.5              220        535      333.8935    333.8935      2         2-MM1R          5
Kam Brassfield          39      MSMR 108.4     110    0.5385      170      180     -185              180    110    122.5 -132.5           122.5          302.5     220       240      245               245       547.5     294.82875       0         2         1-MSMR          7
Eric Mendoza            16      MT2R 124.7     125    0.5214     -215     222.5    -230             222.5  102.5   112.5     120           120           342.5     210      222.5    227.5    -232.5   227.5       570       297.198    335.83374     2         1-MT2R          7
 Russ Nielson           55    MM4R-AD 99.8     100    0.5545     192.5     210      215              215    110     125      130           130            345      205      227.5    -240              227.5      572.5     317.45125   388.87778     2       1-MM4R-AD         7
Ken Mills               56    MM4R-AD 93.4     100    0.573      92.5      100     112.5            112.5  92.5    -97.5    -97.5          92.5           205     132.5     137.5    142.5    147.5    142.5      347.5     199.1175    248.10040     2       2-MM4R-AD         5
Jeff Deal               29    MOR-AD 82.3      82.5   0.6203      175      185      195              195    130     140     147.5 -157.5 147.5           342.5     215      227.5   -232.5             227.5       570       353.571        0         1       1-MOR-AD-82.5     7
Damian Smith            43     MM1-AD 113.6    125    0.5327      125                                125   147.5   157.5    167.5         167.5          292.5    147.5     157.5    172.5             172.5       465      247.7055    255.38437     2        1-MM1-AD         7
Pete O'Cain             32      MOR 81.2       82.5   0.6262      180      185     187.5            187.5 -122.5 127.5      132.5         132.5           320      185       200      210               210        530       331.886        0         1       1-MOR-82.5        7
Jose Solano             33      MOR 89.8        90    0.5861      165      175     182.5            182.5  97.5     105     -115           105           287.5     165      182.5     190               190       477.5     279.86275       0         1        1-MOR-90         7
Andrew Farnsworth       25      MOR 101.4      110    0.5508      160     172.5     185              185   157.5    170     182.5         182.5          367.5     170       190      205               205       572.5      315.333        0         1       1-MOR-110         7
Justin Clifford         30      MOR 126.7      140    0.519      -280      280      305              305   157.5    175    -182.5          175            480      325      337.5                      337.5      817.5     424.2825        0         1       1-MOR-140         7
Brandon Barber          27      MOR 129.8      140    0.5152      215     227.5    242.5            242.5  137.5   147.5     155           155           397.5     255      272.5    287.5             287.5       685       352.912        0         1       2-MOR-140         5


                    UPA Iron Battle on the Mississippi-Lb Results

                                      BWt     WtCls                                                 Best                                      Best        Sub   Deadlift Deadlift Deadlift Deadlift  Best              Coeff             Age &
       Name             Age     Div                   Schwartz   Squat 1 Squat 2 Squat 3 Squat 4          Bench 1     Bench 2 Bench 3 Bench 4                                                                PL Total                               Pl code   Pl-Div-WtCl     Tm Pts   Team
                                      (Kg)    (Kg)                                                 Squat                                     Bench       Total    1        2        3        4      Deadlift           Score              Coeff
Kari Arnold             39    FSMR-AD 67.1     67.5   0.7297     236.99   253.53   -264.55    0    253.53 132.28       143.3 154.32 -165.35 154.32       407.85 203.93 225.97 264.55          0     264.55 672.403 222.5585                 0         2       1-FSMR-AD         7
Martina Motika-Thomas   26      FOR   55.9      56    0.8943     225.97   242.51    259.04    0    259.04 143.3        154.32 -165.35   0    154.32      413.36 259.04 275.58 -292.11         0     275.58 688.9375 279.46875               0         1        1-FOR -56        7
Stephanie Hughes        29      FOR   55.7      56     0.88      159.83   187.39    203.93 220.46 203.93 143.3         154.32 165.35 -170.86 165.35      369.27 275.58 292.11 308.64          0     308.64 677.9145    270.6                0         1        2-FOR -56        5
Erin Murray             24      FOR   79.4     82.5   0.6364     369.27   402.34    424.39    0    424.39 231.48       242.51 253.53 -264.55 253.53      677.91 418.87 440.92 457.45          0     457.45 1135.369 327.746                 0         1       1-FOR -82.5       7
Emily Bautista Herdt    43    FM1R-AD 74.8      75    0.6659     264.55   292.11    303.13 -308.64 303.13 132.28      -148.81 148.81    0    148.81      451.94 292.11 314.16 325.18 330.69 325.18 777.1215 234.72975                   242.00637     2       1-FM1R-AD         7
Allison Nathe           41    FM1R-AD105.5    SHW     0.5429     286.6    303.13    319.67 325.18 319.67 181.88        198.41 -203.93   0    198.41      518.08 286.6 308.64 336.2 341.71 336.2 854.2825 210.37375                      212.47748     2       2-FM1R-AD         5
Emily Ferry             25     FOR-AD 147.3   SHW     0.4956     292.11   325.18    347.22 352.74 347.22 137.79        154.32 -170.86   0    154.32      501.55 297.62 325.18 347.22 369.27 347.22 848.771            190.806               0         1       1-FOR-AD-SHW      7
Rick Johnson            40      MM1R 119.6     125    0.5274     473.99   501.55    507.06    0    507.06 336.2        358.25 369.27    0    369.27      876.33 551.15 595.24 -606.27         0     595.24 1471.5705 352.0395           352.0395      2         1-MM1R          7
Ted Kincaid             40      MM1R 81.6      82.5   0.6241     385.81   413.36    429.9 -440.92 429.9 220.46         253.53 264.55 270.06 264.55       694.45 446.43 485.01 -501.55         0     485.01 1179.461 333.8935            333.8935      2         2-MM1R          5
Kam Brassfield          39      MSMR 108.4     110    0.5385     374.78   396.83   -407.85    0    396.83 242.51       270.06 -292.11   0    270.06      666.89 485.01 529.1 540.13           0     540.13 1207.0185 294.82875              0         2         1-MSMR          7

Eric Mendoza            16     MT2R 124.7     125     0.5214 -473.99 490.52 -507.06          0      490.52 225.97 248.02       264.55    0    264.55     755.08   462.97   490.52 501.55 -512.57 501.55 1256.622             297.198    335.83374     2         1-MT2R          7
 Russ Nielson           55    MM4R-AD 99.8    100     0.5545 424.39 462.97 473.99            0      473.99 242.51 275.58       286.6     0    286.6      760.59   451.94   501.55 -529.1    0    501.55 1262.1335           317.45125   388.87778     2       1-MM4R-AD         7
Ken Mills               56    MM4R-AD 93.4    100     0.573 203.93 220.46 248.02             0      248.02 203.93 -214.95     -214.95    0    203.93     451.94   292.11   303.13 314.16 325.18 314.16 766.0985             199.1175    248.10040     2       2-MM4R-AD         5
Jeff Deal               29    MOR-AD 82.3     82.5    0.6203 385.81 407.85 429.9             0      429.9   286.6 308.64       325.18 -347.22 325.18     755.08   473.99   501.55 -512.57   0    501.55 1256.622             353.571        0         1       1-MOR-AD-82.5     7
Damian Smith            43    MM1-AD 113.6    125     0.5327 275.58    0       0             0      275.58 325.18 347.22       369.27    0    369.27     644.85   325.18   347.22 380.29    0    380.29 1025.139            247.7055    255.38437     2        1-MM1-AD         7
Pete O'Cain             32     MOR 81.2       82.5    0.6262 396.83 407.85 413.36            0      413.36 -270.06 281.09      292.11    0    292.11     705.47   407.85   440.92 462.97    0    462.97 1168.438             331.886        0         1       1-MOR-82.5        7
Jose Solano             33     MOR 89.8        90     0.5861 363.76 385.81 402.34            0      402.34 214.95 231.48      -253.53    0    231.48     633.82   363.76   402.34 418.87    0    418.87 1052.6965           279.86275       0         1        1-MOR-90         7

Andrew Farnsworth       25      MOR   101.4    110    0.5508 352.74 380.29         407.85    0      407.85   347.22   374.78 402.34      0      402.34   810.19   374.78   418.87   451.94      0      451.94 1262.1335 315.333            0          1       1-MOR-110         7
Justin Clifford         30      MOR   126.7    140    0.519 -617.29 617.29         672.4     0      672.4    347.22   385.81 -402.34     0      385.81   1058.2   716.5    744.05     0         0      744.05 1802.2605 424.2825           0          1       1-MOR-140         7
Brandon Barber          27      MOR   129.8    140    0.5152 473.99 501.55         534.62    0      534.62   303.13   325.18 341.71      0      341.71   876.33   562.17   600.75   633.82      0      633.82 1510.151 352.912             0          1       2-MOR-140         5
