     02/06/2015                                                                          SW Classic Championships 2015
Flt                                     Bwt    WtCls        Wilks          Age    SQ                            Best BP                            Best    Sub                             Best    (1) PL      (2)
    Name                  Team   Div                 lot#            Age                SQ-1   SQ-2    SQ-3             BP-1       BP-2   BP-3                     DL-1    DL-2    DL-3
B                                       (kg)    (kg)        Coeff          Coeff rack                           SQ rack                             BP     Total                            DL      Total   Wilks Pts

B Danielle Malcom         SW     F-BL   50.4    52    17    1.2769   24     1       4    75     85      90       90         52.5   57.5    62.5    62.5    152.5   92.5    102.5   115     115     267.5    341.571
B Melania Foditto         SW     F-BL   52      52    37    1.2466   40     1       6    45     50      55       55          30    32.5    35       35      90      70      75      80      80      170     211.922
B Sophie Walker           SW     F-BL   54.1    57    39    1.2088   23     1       4   100    107.5 -112.5 107.5            60     65    -67.5     65     172.5   112.5   -120    -120    112.5    285     344.508
B Kimberly Morris         SW     F-BL   54.7    57    42    1.1985   31     1       9    85     -90     -90      85          45     50    -57.5     50     135      90      -95     -95     90      225     269.663
B Vanessa Butler           G     F-BL   56      57    49    1.1766   49    1.113    6    75     80      -85      80          40    42.5    -45     42.5    122.5    85     92.5    97.5    97.5     220     258.852
B Jenny Hancock           SW     F-BL   55.5    57    3     1.1849   15    1.18     6    40     45      50       50          25     30     -35      30      80      65     72.5    77.5    77.5    157.5    186.622
A Chris Allen             SW     M-BL   56.8    59    18    0.8979   19    1.04     6   110    120      125     125          -95    100    -105    100     225     160     172.5 -182.5 172.5      397.5    356.915
B Jodie Driver             G     F-BL   62.1    63    48    1.0858   25     1       4   105    110     -115     110         52.5   57.5    -60     57.5    167.5   135     142.5   150     150     317.5    344.742
B Lucy Rayner             SW     F-BL   59.6    63    40    1.1207   18    1.06     5    95    100     107.5    107.5 3      65     70     -75      70     177.5   100     107.5   115     115     292.5    327.805
B Laura Watson             G     F-BL   61.8    63    1     1.0898   24     1       8    60     70      75       75          45     -50    -50      45     120     105     110     115     115      235     256.103
A Lee James Chedumbrun     G     M-BL   63      66    61    0.8166   22    1.01     8   100    110     -120     110          75     80     82.5    82.5    192.5   150     160     180     180     372.5    304.184
C Beverley Rodgers         G     F-BL   66.7    72    41    1.0294   43    1.031    4 102.5    110      115     115         72.5   77.5    82.5    82.5    197.5   127.5   135     140     140     337.5    347.422
C Megan Davies            SW     F-BL   70.8    72    2     0.9871   19    1.04     6   100    105     -107.5   105         47.5   52.5    -55     52.5    157.5   135     142.5   -145    142.5    300     296.130
C Tori Charters           SW     F-BL   63.5    72    12    1.0676   24     1       7   -85     -95     95       95          45     55    -57.5     55     150      90     -110    -110     90      240     256.224
C Bobbie-Louise Gannon    SW     F-BL   65.1    72    26    1.0479   16    1.13     6    70     75      -80      75          40     45     -50      45     120     105     110     112.5   112.5   232.5    243.637
A Roger Nevares-Pyrkov     G     M-BL   73.9    74    13     0.72    23     1       7   175    -185     190     190         100     105    110     110     300     205     215     225     225      525     378.000
A Dominic Blossom          G     M-BL   72.1    74    50    0.733    23     1       7   165    175     182.5    182.5        95    -102.5 -102.5    95     277.5   195     207.5   215     215     492.5    361.002
A Thomas Weaver           SW     M-BL   71.9    74    53    0.7345   23     1       8   160    170     -175     170         112.5 -117.5 -117.5 112.5      282.5   195     -205    -205    195     477.5    350.724
A Matt Golding            SW     M-BL   73.5    74    43    0.7228   30     1       7   165    170      175     175          95     100    105     105     280     185     195             195      475     343.330
A Ben Richens              G     M-BL   72.3    74    27    0.7315   34     1       8   130    137.5            137.5        95     100    105     105     242.5   160     170     175     175     417.5    305.401
A Martin Horman           SW     M-BL   82.5    83    59    0.6699   24     1       8 167.5    177.5    185     185     1   125     135    -140    135     320     175     192.5   -200    192.5   512.5    343.324
A Phil Wood               SW     M-BL   79      83    19    0.6882   27     1      10   145    155      160     160         105     110   112.5    112.5   272.5   200     212.5   -220    212.5    485     333.777
C Samantha McHarg-Sharp    G     F-BL   82.1    84    25    0.9023   29     1       9   100    105     -112.5   105          50     55     -60      55     160     130     140     150     150      310     279.713
A Farris Collins          SW     M-BL   87.6    93    7     0.6475   17    1.08     9 162.5    172.5   177.5    177.5       110    -120    -120    110     287.5   180     187.5   195     195     482.5    312.419
C Charlie Chester         SW     F-BL   88.4    84+   6     0.8707   19    1.04     8   145    155      160     160          60     65     67.5    67.5    227.5   160     167.5   172.5   172.5    400     348.280
C Laura Shea         SW   F-BL   114.3   84+   21   0.8068   25   1   8   110   117.5   125   125   65     70     -72.5   70     195     115    125     132.5   132.5   327.5   264.227
C Iszy McKerracher   SW   F-BL   110.8   84+   11   0.8118   37   1   9   -90    -90    90    90    42.5   47.5   -50     47.5   137.5   120    130     142.5   142.5   280     227.304
C Katie Jayne Long   G    F-BL   85.4    84+   35   0.8846   29   1   6   90    97.5    105   105   47.5   52.5   -57.5   52.5   157.5   97.5   107.5   115     115     272.5   241.053
