Date: 08/03/2015                                             Competition: GBPF British Masters Classic 2015                                                  Venue: Horncastle, Lincs.
                                                                   Day 2 - Men's results (Wt class 93kg to 120+kg)
                                    WtCls           SQ                                                                              Sub
Name                 Div Bwt (kg)
                                     (kg)
                                          lot# Age
                                                   rack
                                                          SQ-1       SQ-2    SQ-3     Best SQ   BP-1    BP-2     BP-3     Best BP
                                                                                                                                    Total
                                                                                                                                            DL-1    DL-2       DL-3    Best DL   Total   Position
Sheridan Wray        YNE    92.8     93     3   M1   15    205.0     215.0     0.0     215.0    165.0    170.0   -180.0    170.0    385.0   230.0    250.0     262.5    262.5    647.5       1
Didier Kan            GL    87.4     93     2   M1   12    190.0     200.0   -210.0    200.0    110.0    115.0    120.0    120.0    320.0   200.0    210.0     220.0    220.0    540.0       2
Tim Wheeler           GL     93      93     1   M1   15    195.0    -207.5   -207.5    195.0    100.0    107.5   -112.5    107.5    302.5   230.0   -245.0    -245.0    230.0    532.5       3
Jaswinder Singh      WM     92.7     93     4   M2   12   -215.0     215.0   -248.0    215.0    150.0    160.0   -165.0    160.0    375.0   235.0    245.0      0.0     245.0    620.0       1
Chris Cooper         YNE    92.8     93     5   M2   15    180.0    -190.0   -190.0    180.0    130.0    135.0    140.0    140.0    320.0   210.0    220.0     230.0    230.0    550.0       2
Andy Bonner           SM    90.9     93     6   M3   13    160.0     200.0    230.0    230.0    100.0    120.0    135.0    135.0    365.0   237.5    267.5     275.5    275.5    640.5       1
Russ Kirby            SE   103.4    105    10   M1   15    252.5    -267.5    267.5    267.5    167.5    172.5   -177.5    172.5    440.0   250.0    262.5     272.5    272.5    712.5       1
Thomas Celestin       GL   102.2    105    11   M1   11    235.0     245.0   -250.0    245.0    125.0    127.5   -130.0    127.5    372.5   285.0    305.0     312.5    312.5    685.0       2
Paul Bimrose         YNE   104.7    105     7   M1   16   -220.0     220.0   -245.0    220.0    170.0    185.0   -186.0    185.0    405.0   260.0    280.0    -290.0    280.0    685.0       3
Jason Ennis          NW    104.1    105     9   M1   15    180.0     190.0    200.0    200.0    125.0    135.0    140.0    140.0    340.0   220.0    235.0    -250.0    235.0    575.0       4
David Allen          WM     105     105     8   M1   14    165.0    -175.0   -185.0    165.0    130.0    135.0   -140.0    135.0    300.0   232.5    242.5    -247.5    242.5    542.5       5
Marc Giles           NM    104.3    105    12   M2   16    170.0     185.0    200.0    200.0    150.0    170.5   -172.5    170.5    370.5   230.0    250.0    -270.0    250.0    620.5       1
George Moore (Ted)   NW    101.7    105    14   M3   12    170.0     180.0    185.0    185.0    120.0   -130.0    130.0    130.0    315.0   220.0    235.0     245.0    245.0    560.0       1
Clive Linguard       WM    103.3    105    15   M4   10   -100.0     110.0   -130.0    110.0    100.0   -110.0   -110.0    100.0    210.0   130.0    150.0     175.0    175.0    385.0       1
Colin Wright          NI    119     120    17   M1   15    250.0     265.0   -275.0    265.0    162.5    170.0    177.5    177.5    442.5   290.0    305.0    -310.0    305.0    747.5       1
Andy Hutchings        EM   119.2    120    16   M1   16    245.0     260.0    272.5    272.5    170.0    177.5    180.0    180.0    452.5   270.0    290.0    -300.0    290.0    742.5       2
Steve Gott           YNE   119.2    120    18   M1   14    210.0     225.0    240.0    240.0    157.5    165.0    172.5    172.5    412.5   240.0    255.0     267.5    267.5    680.0       3
Andy Rodney           EM   119.7    120    19   M2   14    245.0     265.0   -275.0    265.0    155.0    168.0   -175.0    168.0    433.0   250.0    260.5      0.0     260.5    693.5       1
Ian Spencer          YNE   119.2    120    20   M2   16    220.0     235.0    240.0    240.0    130.0    142.5   -147.5    142.5    382.5   210.0    230.0    -240.0    230.0    612.5       2
David Turner         NM    115.9    120    21   M3   14   -210.0    -210.0    210.0    210.0    100.0    110.0    115.0    115.0    325.0   190.0    210.0      0.0     210.0    535.0       1
Chris Baker          YNE   134.4    120+   22   M1   17    200.0     225.0    235.0    235.0    200.0    215.0    220.0    220.0    455.0   260.0    285.0     295.0    295.0    750.0       1
Ricky Mullan          NI   127.9    120+   24   M1   15    250.0     265.0    275.0    275.0    145.0    155.0   -160.0    155.0    430.0   275.0    295.0    -320.0    295.0    725.0       2
Lee Richards          SE   133.3    120+   23   M1   18    217.5     225.0   -232.5    225.0    165.0    172.5   -177.5    172.5    397.5   265.0    275.0    -285.0    275.0    672.5       3
Bob Sadler           WAL   129.4    120+   26   M2   20   -220.0     220.0    225.0    225.0    140.0   -150.0    150.0    150.0    375.0   230.0    250.0    -260.0    250.0    625.0       1
Dave Richardson      YNE   138.2    120+   25   M2   17    185.0     202.5   -210.0    202.5    125.0    130.0    135.0    135.0    337.5   245.0    260.0    -270.5    260.0    597.5       2
Peter Ratcliffe      NW     133     120+   27   M2   14    190.0     205.0    220.0    220.0    110.0    120.0   -130.0    120.0    340.0   220.0    240.0     247.5    247.5    587.5       3

                                                                                                                                                                                  British Record
Date: 07 March 2015                                                  Competition: GBPF Bristish Masters Classic Championship 2015                                             Venue: Horncastle, Lincs
                                                                                 Day one - Ladies Results (All Groups)

Name                  Div. Bwt (kg) Cls (kg)   lot#   Age   SQ-1    SQ-2      SQ-3    Best SQ   BP-1      BP-2      BP-3    Best BP   Sub Total   DL-1    DL-2     DL-3    Best DL       Total        Position
Imelda Flannagan       EM    42        47        1    M2    67.5      70      72.5     72.5     37.5        40      -42.5     40        112.5      105    112.5    -115     112.5         225            1
Marina Cornwall        SM   46.1       47        2    M3    72.5    77.5      82.5     82.5     47.5        50      51.5     51.5        134      112.5    120      126      126          260            1
Anita Kidgell          SE   49.1       52        5    M1      70      75      77.5     77.5       50      52.5       -55     52.5        130       105    112.5    -115     112.5        242.5           1
Elizabeth Hill        SCO    51        52        3    M1      75      80      82.5     82.5     42.5        45      -47.5     45        127.5     97.5     105    -107.5     105         232.5           2
Rachel Smith           GL   51.1       52        4    M1      65    67.5       -70     67.5       35      -37.5     -37.5     35        102.5       90      95     97.5     97.5          200            3
Jenny Hunter           EM   51.9       52        6    M2      45      50        55       55       55        60        65      65         120        80      95      105      105          225            1
Lindi Marson-Taylor   NM    50.5       52        7    M2      55     -60        60       60       35        40      -42.5     40         100        75    82.5     87.5     87.5         187.5           2
Pelin Baykal           SW   56.6       57       10    M1    97.5     105       110      110     57.5        60      62.5     62.5       172.5     132.5    145    -152.5     145         317.5           1
Debbie Macdonald      WM    53.4       57        9    M1      75      80        85       85     47.5      -52.5     -52.5    47.5       132.5      105     115     -120      115         247.5           2
Carole Taylor         YNE   56.6       57       11    M2    97.5     105      -110      105     -47.5       50      52.5     52.5       157.5     127.5    135     142.5    142.5         300            1
Elizabeth Street      WM    56.5       57        8    M2      85      95       100      100     52.5      57.5       -60     57.5       157.5      110     115      125      125         282.5           2
Khris Kyriacou         SE   62.8       63       13    M1     120     125      -130      125     72.5        75      -77.5     75         200      127.5    135      140      140          340            1
Beverley Rodgers       SM    63        63       12    M1     105    112.5     -115     112.5    72.5      77.5        80      80        192.5      125    132.5     140      140         332.5           2
Paula Gentle           EM   62.5       63       14    M1      75    82.5       -85     82.5       45      47.5       -50     47.5        130      112.5   -120     -120     112.5        242.5           3
Lynda Banks           SCO   62.5       63       15    M2      95    -100      -100       95     52.5       -55        55      55         150       125     130      135      135          285            1
Helen Jarvis          YNE   61.7       63       16    M3      50      55        60       60      -35        35       -40      35          95       110     115    -117.5     115          210            1
Jeni Aulman           WM    67.9       72       20    M1     100     110     -112.5     110       70      -72.5     -72.5     70         180       140     150      155      155          335            1
Wendy Kirkland        NM    70.3       72       19    M1    107.5   -115       115      115     62.5      67.5        70      70         185       125    132.5   -137.5    132.5        317.5           2
Wendy Williams         EM   66.3       72       21    M1      85      90      -92.5      90       45        50      52.5     52.5       142.5      125     130     132.5    132.5         275            3
Melissa Wall          SCO   67.1       72       17    M1      70     -75       -75       70     42.5        45      -47.5     45         115       120     125     -130      125          240            4
Angela Houldershaw    NM    68.3       72       22    M1      65      70        75       75       40       -45        45      45         120       105    112.5    -120     112.5        232.5           5
Joanna Kirk           NM     70        72       18    M1      65      70       -75       70       40        45      -47.5     45         115        90    97.5     102.5    102.5        217.5           6
Sue Giles             NM    71.1       72       23    M2      80      85        90       90     52.5        55      57.5     57.5       147.5      115     125     -135      125         272.5           1
Karen Towersey        NM    83.6       84       24    M1    -97.5   97.5       105      105       60        65      -67.5     65         170       130    137.5     145      145          315            1
Jacqueline Pope        NI   83.1       84       25    M1      90     100       110      110       60      62.5       -65     62.5       172.5      125    132.5     140      140         312.5           2
Jaqueline Blasberry    EM    84        84       26    M2     110     125      -138      125     72.5      82.5       -91     82.5       207.5     152.5   162.5     171      171         378.5           1
Helen Toms             SW   83.7       84       31    M2    117.5   122.5      125      125     57.5      62.5       -65     62.5       187.5      135    142.5    147.5    147.5         335            2
Julia Fabrizi          SW   80.4       84       27    M2     -90      90        95       95     67.5      72.5        75      75         170       130     140    -142.5     140          310            3
Jo Whiteley           NW    107.1     84+       28    M1    102.5   112.5     117.5    117.5    67.5      72.5       -75     72.5        190       140     155      160      160          350            1
Paola Roccuzzo         GL   96.5      84+       30    M1    122.5   127.5      135      135     62.5      67.5      72.5     72.5       207.5     127.5    135      140      140         347.5           2
Sarah Marsden          EM   102.3     84+       29    M1    112.5    120       125      125     72.5      77.5        80      80         205       120    127.5    132.5    132.5        337.5           3

                                                                                                                                                                                     British Record
