2018/9/22-23
                                                    第73回福井しあわせ元気国体公開競技パワーリフティング
順位集計                                                                                                                                                Wilks     Age
                                  BWt      WtCls   Wilks    Squat    Squat    Squat Bench Bench Bench            Dead     Dead     Dead      PL     Co. x    Coef x                                     Age   Misc
   Name        都道府県   Age    MF   (Kg)     (Kg)    Coeff      1        2        3     1     2     3              lift 1   lift 2   lift 3   Total   Total    Wilks    順位            Team         階級     Div   Div

松尾　賢太朗         神奈川県   1989   M     82.8     83     0.6685   -250      250     -261     -160     160      165      250      260     -272.5   675.0   451.21   924.98   1        筋トレクラブまっちゃん        83
 福島　勇輝         静岡県    1986   M     82       83     0.6724    230     -240      240     190     -195     -195      220      235     -245     665.0   447.12   916.60   2           F・T・GYM         83
  永井　肇         東京都    1984   M     82.9     83     0.6680    230      240     -245     140      145     -147.5    245      260      270     655.0   437.52   896.93   3         西東京パワー倶楽部         83
 仲田　廣人         愛知県    1994   M     82.7     83     0.6689    220      230      235     170     -177.5   177.5     220      240     -255     652.5   436.48   894.79   4         パワーフィットネス         83
 神野　亮司         愛知県    1981   M    81.45     83     0.6751    225     232.5    -237.5   145      150     -152.5    240      255     -262.5   637.5   430.39   882.30   5         ＭＢＣ　ＰＯＷＥＲ         83
 重岡　　慧         山口県    1989   M     82.6     83     0.6694    210     -220     -220     150     -160     -160      250      260      270     630.0   421.74   864.56   6              個人           83
 江川　昴汰         京都府    1996   M     80.1     83     0.6822    240     -252.5   -252.5   125     -130      130      235      245     -250     615.0   419.53   860.04   7     京都学園大学パワーリフティング部      83
 義田　大峰         東京都    1988   M    82.65     83     0.6692    200     -210     -210     160      165      170      210     -230     -230     580.0   388.12   795.65   8              TXP          83
 鈴木　康之         千葉県    1965   M    82.25     83     0.6711    210      215     -220     110     -120     -120      230      240     -245     565.0   379.19   777.33   9         TEAM I-CHIBA-N    83
 松山　顕心         新潟県    1986   M     82.4     83     0.6704    180      190     -200     130      140     -142.5    220      235     -245     565.0   378.77   776.48   10             個人           83
 三橋　　凱         京都府    2000   M    80.95     83     0.6777    170      200      205     120      125     -130      200     -230      230     560.0   379.50   777.98   11    京都学園大学パワーリフティング部      83
 荒井　政俊         茨木県    1985   M    82.35     83     0.6706    180      190     202.5    125     -130     132.5     200      210     -215     545.0   365.50   749.27   12         新日鉄住金鹿島          83
 武井　　天         福井県    1987   M    74.75     83     0.7142    165      175     182.5    120     -130      130      190      200      210     522.5   373.18   765.02   13        タケイパワージム          83
 竹内　洋和         長野県    1978   M     81.2     83     0.6764    150      160      165     130      140      145     -185      185     -210     495.0   334.82   686.37   14    チームレスキュートレーニングジム      83
 川又　　稜         北海道    1990   M     81.7     83     0.6739    200     -207.5   -207.5   -125    -125     -125      220     -230     -230      0.0     0.00     0.00    -          アイアンジム           83
 村井　優哉         大阪府    1991   M     81.7     83     0.6739   -205      210     -220     -140    -140     -140      220      240     -245      0.0     0.00     0.00    -              個人           83
 古川　　潤         京都府    1996   M     92.5     93     0.6298    250      270      280     130     142.5    147.5     250      275     287.5    715.0   450.31   923.14   1     京都学園大学パワーリフティング部      93
 落合　広樹         栃木県    1989   M    92.65     93     0.6293    235     -247.5    250     162.5    175     182.5    257.5    272.5    -285     705.0   443.67   909.52   2           KING BULL       93
 池田　翔一         沖縄県    1984   M     91.7     93     0.6325    230      245     252.5    160     167.5    -172.5    250      265     272.5    692.5   437.98   897.86   3          TEAM GUTEI       93
 大竹　優樹         神奈川県   1976   M    91.85     93     0.6320    215      230     -240     165     172.5     180      230      250      270     680.0   429.73   880.95   4             国際塾           93
 中島　良介         千葉県    1989   M    86.75     93     0.6509   -220      220      230     165     -172.5   -172.5    260     -270     -270     655.0   426.34   874.00   5              個人           93
 森　　隆博         大阪府    1989   M    92.15     93     0.6310    230     -240      240     130      140     -147.5    230      240      245     625.0   394.35   808.42   6          Ｋ’s　ＧＹＭ          93
 蛯名　城聖         青森県    1980   M     92.3     93     0.6305    190      210     -220     155      170     -180      200      220      240     620.0   390.89   801.32   7              個人           93
 廣渡　浩平         岐阜県    1987   M    92.65     93     0.6293    210     -220      220     155     -162.5   162.5     215      225      230     612.5   385.46   790.19   8         フェニックスジム          93
 田村　洋司         北海道    1990   M    92.45     93     0.6300    200      215     227.5    120      130     137.5     200      220     242.5    607.5   382.71   784.55   9          BURST LIMIT      93
 岡﨑　洋平         福島県    1984   M     89.9     93     0.6388    210      215     222.5    135     142.5    -150      210      220     227.5    592.5   378.46   775.85   10        会津パワークラブ          93
 細畑　幸佑         東京都    1999   M    88.95     93     0.6423   227.5     240     -242.5   117.5   -127.5   -127.5   212.5     225      230     587.5   377.33   773.52   11             個人           93
 大野　直人         茨木県    1968   M     91.4     93     0.6335    185      195      205     135      140     142.5     220     232.5     240     587.5   372.17   762.95   12        パワーハウスつくば         93
 板津　昌也         岐阜県    1976   M    89.85     93     0.6389    195     -205     -205     125      130     -132.5    220      235     -252.5   560.0   357.80   733.50   13         PEACE GYM        93
 清水　峻明         長野県    1991   M     92.7     93     0.6292    190     -200      200     130      140      145      185      200      205     550.0   346.04   709.37   14        パワーハウス長野          93
 北原　太郎         福井県    1986   M    88.85     93     0.6426    170      185     -190     140      150     -155      200      210     -220     545.0   350.24   717.99   15             個人           93
 川畑　義貴         山口県    1987   M     92.2     93     0.6308   -195      195      200     117.5   122.5     125      205      215      220     545.0   343.78   704.75   16         ステイヤング           93
古賀　友太郎         東京都    1990   M     90.9     93     0.6352    240      255     -262.5   145     152.5    -157.5   -260     -260     -260      0.0     0.00     0.00    -              TXP          93
 永井　宏典         愛知県    1995   M     92.3     93     0.6305    240      250     -255     -125    -125     -125     -235     -245               0.0     0.00     0.00    -           ちからこぶ           93
 羽田　　大         福島県    1988   M    104.1     105    0.5994    250      265     -272.5   172.5   177.5    -180      250      265      275     717.5   430.06   881.62   1         RED ZONE 福島      105
 堀口　耀介         東京都    1993   M    103.2     105    0.6013   227.5     245      255     185     192.5    197.5     220      240      255     707.5   425.40   872.08   2              TXP         105
 陣内　秀聡         兵庫県    1975   M    104.8     105    0.5980    250      270     -280     160      165      170      250      265     -272.5   705.0   421.56   864.19   3          フジモトジム          105
 山田　哲也         千葉県    1989   M    104.2     105    0.5992    240      255     -267.5   155      165     -167.5    240      255      260     680.0   407.44   835.25   4              個人          105
小早川　公則         愛知県    1976   M    101.5     105    0.6050    240      255      260     150     -160     -160      250      265     -270     675.0   408.41   837.23   5         ＭＢＣ　ＰＯＷＥＲ        105
 作原　恵太         千葉県    1985   M    103.6     105    0.6004    240      250      260     160      165     167.5     235      245     -255     672.5   403.79   827.76   6      新日鉄住金君津ボディビル同好会     105
 大光　智史         岡山県    1980   M    97.95     105    0.6138    220      230      235     -155     155     -157.5    265      275     -280     665.0   408.16   836.74   7          岩崎ＢＣ津山          105
 前田　有輝         兵庫県    1994   M     96.6     105    0.6174    240      250      260     145      150     -155      230      250     -260     660.0   407.51   835.39   8        マッスルプロダクション       105
 渡辺　明彦         千葉県    1958   M    104.3     105    0.5990    215      235      240     170      180     -182.5    210     232.5     240     660.0   395.32   810.41   9      新日鉄住金君津ボディビル同好会     105
 大島　　陣         茨木県    1991   M    94.35     105    0.6240    195      205      215     135     -145      145      230      245      260     620.0   386.87   793.08   10    ヴィスポパワーリフティングクラブ     105
 岡本　康央         福井県    1972   M    103.5     105    0.6006    200      215      225     150      160     -165      200      230     -245     615.0   369.39   757.26   11             個人          105
 竹田　知弘         神奈川県   1986   M     101      105    0.6062    210      220      230     115      125      130      200      210     -220     570.0   345.54   708.35   12         小田原アリーナ         105
 増澤　賢治         長野県    1977   M     105      105    0.5976    170      180     -195     155      160     -165      205      215     -220     555.0   331.64   679.87   13             個人          105
 細川　広一         北海道    1969   M    100.2     105    0.6081    190     -200      200     -130     130     -132.5    200      205     -210     535.0   325.34   666.94   14      名寄パワーリフティング協会      105
  西　星也         神奈川県   1989   M    103.6     105    0.6004    170      180     -185     120      125      130      200      210      215     525.0   315.22   646.21   15         小田原アリーナ         105
 中川　　毅         高知県    1976   M    98.35     105    0.6127    185      190      195     115      120     -122.5   -185      185      190     505.0   309.43   634.33   16          元気クラブ          105
 樋口　幸男         新潟県    1985   M    103.9     105    0.5998    160      175     -190     105      110      115      150      165      175     465.0   278.91   571.76   17             個人          105
 中嶌　　章         千葉県    1986   M    117.3     120    0.5781    260      275     -280     172.5    180     182.5    262.5     270     277.5    735.0   424.89   871.03   1              個人          120
 遠藤　健太         宮城県    1988   M    105.5     120    0.5966    260     -270      270     180     -200     -200      220      240      245     695.0   414.61   849.96   2         仙台市体育館ＰＣ         120
 松澤　孝信         神奈川県   1992   M    107.7     120    0.5924    225      235      245     155     -162.5   162.5     240     262.5    272.5    680.0   402.86   825.86   3    スーパーパワーアサマトレーニングクラブ   120
 宮本　覚道         岐阜県    1978   M    117.4     120    0.5780   -232.5   232.5     245     192.5   -200      200     212.5     225      235     680.0   393.01   805.68   4          あかつき幼稚園         120
越久田　匡利         神奈川県   1978   M    116.4     120    0.5792    210      230     -240     120      125     -130      215      230     -240     585.0   338.84   694.62   5              個人          120
 阿部　朔介         千葉県    1995   M    115.4     120    0.5805    210      220     -225     125      130      135      205      215     -230     570.0   330.89   678.33   6              個人          120
 難波　俊行         岡山県    1976   M    107.15    120    0.5934    200      210      215     -140     140     -147.5    180      200      210     565.0   335.29   687.35   7           チーム岡山          120
 秋山　継徳         青森県    1979   M    131.1    UNL     0.5647    220      240      260     140      155      170      230      250     -270     680.0   384.03   787.26   1              個人          120+
 岩重　豪樹         鹿児島県   1986   M    135.2    UNL     0.5618    250      260     -265     160     -180     -180     -260      260     -270     680.0   382.05   783.20   2          薩摩リフターズ         120+
 奥川　正章         三重県    1981   M     126     UNL     0.5689    250     -260     -265     155     -165     -165      240      250      260     665.0   378.34   775.60   3              個人          120+
 梶野　直樹         埼玉県    1984   M    150.7    UNL     0.5529    220     -235      235     -165    -165      165      240     252.5    -265     652.5   360.79   739.62   4           BIG　Five       120+
  大坊　健         東京都    1976   M    137.5    UNL     0.5603    210      225      235     147.5    155      160      220      235      245     640.0   358.62   735.17   5              TXP         120+
 髙橋　昌士         滋賀県    1976   M    124.8    UNL     0.5700    170      180      200     135      140      145      160      180      200     545.0   310.67   636.87   6        LAKE SIDE POWER   120+
2018/9/22-23
                                                   第73回福井しあわせ元気国体公開競技パワーリフティング
順位集計                                                                                                                                                Wilks     Age
                                  BWt     WtCls   Wilks    Squat    Squat    Squat Bench Bench Bench             Dead     Dead     Dead      PL     Co. x    Coef x                                        Age   Misc
   Name        都道府県   Age    MF   (Kg)    (Kg)    Coeff      1        2        3     1     2     3               lift 1   lift 2   lift 3   Total   Total    Wilks    順位             Team            階級    Div   Div

 可児　理恵         岐阜県    1979   F    48.5     52     1.3143    105      110     -115      70      72.5      75       140      150      156     341.0   448.18   918.78   1          ぴくしい整形外科            軽量級
 齊藤　　恵         北海道    1982   F    46.4     47     1.3573    80       90       95       45       50      52.5      110      120      130     277.5   376.66   772.16   2           BURST LIMIT        軽量級
上林　理紗子         東京都    1989   F    56.5     57     1.1684    100     107.5    112.5     55      57.5      60       125      135     142.5    315.0   368.06   754.52   3             No Limits        軽量級
 佐藤　佳奈         東京都    1986   F    50.75    52     1.2702    85       95       100      40       45       50       125      135     -140     285.0   362.00   742.10   4               個人             軽量級
 萩原　杏奈         長野県    1986   F    56.1     57     1.1750    95      102.5     105      50      52.5      -55      120     127.5     135     292.5   343.68   704.54   5          パワーハウス長野            軽量級
 島野　実優         埼玉県    1991   F    56.2     57     1.1733    85       95       100     47.5      50      52.5      125      135      140     292.5   343.20   703.55   6               個人             軽量級
 白滝　真弓         千葉県    1970   F    46.45    47     1.3563    85       -90      90      47.5      -50      -50      110     112.5    -115     250.0   339.08   695.10   7           BIG BEAR GYM       軽量級
 田中　亜弥         東京都    1987   F    51.8     52     1.2504   82.5     92.5      100      45       50      -52.5     110      120     -130     270.0   337.59   692.07   8               TXP            軽量級
 中田　佳見         岡山県    1971   F    47.05    52     1.3439    70       80      82.5      55       60      -62.5     90       100     102.5    245.0   329.25   674.96   9            岩崎ＢＣ津山            軽量級
小林　菜々子         福井県    1991   F    43.7     47     1.4145    55       65      72.5      50       55       -60      -90     97.5     102.5    230.0   325.33   666.93   10         タケイパワージム            軽量級
 伊藤　桃夏         東京都    1997   F    56.4     57     1.1701    85       90      -92.5     55       60      -62.5     110      120      125     275.0   321.77   659.62   11         チーム　ミラクル            軽量級
本多　まゆみ         福岡県    1984   F    56.3     57     1.1717    90      -100     -100      45      -52.5    -52.5     125     132.5    -135     267.5   313.43   642.52   12              個人             軽量級
 田代　由季         宮城県    1965   F    49.65    52     1.2915    75       80      -82.5     50       -55      -55      100      105     107.5    237.5   306.73   628.79   13   ＴＨＥ　ＺＥＮ　ＣＬＵＢ　Ｋ＆Ｂ　ＧＹＭ      軽量級
 鈴木　有佳         福井県    1969   F    49.7     52     1.2905    -75      75       80      57.5     62.5      -65      -95               95      237.5   306.49   628.31   14              個人             軽量級
 坪井　美樹         千葉県    1983   F    51.9     52     1.2485    90      92.5     -97.5     60      -62.5    -62.5    -115     -120     -120      0.0     0.00     0.00    -       TEAM KASHIWA FITNESS   軽量級
 野村　　優         京都府    2000   F    69.25    72     1.0023    130      140     -145      75      82.5      85       170      180     187.5    412.5   413.45   847.57   1      京都学園大学パワーリフティング部        重量級
 竹内　あい         三重県    1989   F    70.6     72     0.9890    160     172.5    -180      75      82.5     -87.5     140      150     -160     405.0   400.56   821.15   2            Jungle gym        重量級
 白石　　匡         大阪府    1980   M    58.35    59     0.8752    160      170      175     112.5    117.5     120      190      200      210     505.0   441.97   906.03   1            Ｋ’s　ＧＹＭ           59
 髙橋　和行         兵庫県    1978   M    58.25    59     0.8766    165      175      180      110      115     -117.5    200     207.5    -212.5   502.5   440.49   903.00   2               個人             59
 水野　貴章         千葉県    1967   M    58.6     59     0.8717    160     167.5     170      110      115      120      200      210     -217.5   500.0   435.84   893.47   3         ゴールドジム成田千葉           59
  井上　卓         埼玉県    1985   M    58.8     59     0.8689    140      150     -160     -140      150     -160      190      195     -205     495.0   430.11   881.73   4               個人             59
 森　　一兵         福岡県    1987   M    58.5     59     0.8731    165      175     -182.5    100     -107.5   107.5     190      200     -210     482.5   421.26   863.58   5               個人             59
 渡邊　大志         千葉県    1995   M    58.7     59     0.8703   162.5     170      175     -92.5    92.5      100      185      190      195     470.0   409.04   838.53   6            Club Poison       59
 伊藤　達也         北海道    1994   M    58.95    59     0.8669    135      145     -152.5    130     137.5    -145      170      180     -195     462.5   400.92   821.89   7           BURST LIMIT        59
 溝尾　元洋         東京都    1980   M    57.65    59     0.8852    140     -147.5   147.5     120      125     -130      160     167.5    177.5    450.0   398.35   816.61   8               個人             59
 北澤　国彦         長野県    1974   M    57.05    59     0.8941    150      160     162.5     95       100     -102.5    170      180     -185     442.5   395.64   811.07   9      チームレスキュートレーニングジム        59
 源田　清和         富山県    1972   M    56.95    59     0.8956    135      145      150      105     107.5    -110      170      175      180     437.5   391.83   803.26   10              MAT            59
 山田　翔也         愛知県    1989   M    58.9     59     0.8675    140      150     -152.5    90       100     -105      170     182.5    -187.5   432.5   375.21   769.18   11     ＰＯＷＥＲ　ＢＯＭＢ！　ＧＹＭ         59
 石川　康二         愛知県    1975   M    58.4     59     0.8745    145     -152.5   -152.5    80       85      -87.5     180      190     -202.5   420.0   367.28   752.93   12           Ｃure-Ｃare         59
 富田　英吉         東京都    1971   M    57.6     59     0.8859   122.5     130      135      80       85      -87.5     150      160      170     390.0   345.52   708.32   13           Team Raws         59
 清水　和雄         和歌山県   1984   M    49.55    59     1.0333    125     -132.5   -132.5   92.5      100     102.5     145      155      160     387.5   400.40   820.82   14     和歌山県パワーリフティング協会         59
  芦原　徹         奈良県    1990   M    65.85    66     0.7867    200      210     212.5    142.5    147.5    -152.5    240     252.5    -260     612.5   481.83   987.76   1       マッスルプロダクション奈良          66
 池上　宏樹         東京都    1991   M    65.3     66     0.7922   -207.5   207.5    212.5    137.5    142.5     145     252.5    -260     -260     610.0   483.21   990.58   2               TXP            66
宮﨑　賀寿雄         静岡県    1986   M    65.65    66     0.7886    190      200     -205      155     -160     -160      220     232.5    -257.5   587.5   463.33   949.83   3            F・T・GYM           66
 小川　　渉         千葉県    1984   M    65.6     66     0.7891   192.5    202.5     205      135      140     142.5     220      230     -240     577.5   455.73   934.25   4           木更津市消防署            66
  井戸　豊         石川県    1983   M    65.6     66     0.7891    215      225      233     107.5     115     117.5     200      210      220     570.5   450.21   922.92   5         石川県協会本部道場            66
 鬼塚　恭平         千葉県    1989   M    65.8     66     0.7872    170      180      190      120     122.5     125      215      225      235     550.0   432.94   887.52   6            Club Poison       66
 豊田　純也         沖縄県    1985   M    65.5     66     0.7901    175      185     -192.5    115     -122.5   -122.5    220      245     -252.5   545.0   430.63   882.78   7           Team Advance       66
 伊東　優太         北海道    1984   M    65.2     66     0.7932    180      190     -200      110      115      120      230     -240     -240     540.0   428.31   878.03   8           リアルスィング            66
 永田　和久         鹿児島県   1981   M    65.65    66     0.7886    190      205     -210      135      140     -142.5    195     -205              540.0   425.87   873.03   9           薩摩リフターズ            66
 近藤　大祐         愛知県    1983   M    65.8     66     0.7872    170     177.5    182.5    122.5    -130     -130      200     222.5    -225     527.5   415.23   851.22   10       デンソー刈谷パワークラブ          66
 久保　　豊         愛知県    1963   M    65.1     66     0.7942    170     -177.5   177.5     120      125     -127.5    200      215     -225     517.5   410.99   842.52   11           ちからこぶ             66
 田頭　知彦         広島県    1984   M    64.6     66     0.7993    140      150      160      125      135     -137.5    190      205      220     515.0   411.66   843.89   12              個人             66
 谷口　　守         石川県    1984   M    65.3     66     0.7922    170      180               125      130     -135      200     -220              510.0   404.00   828.19   13           加賀屈強会             66
 若林　康平         大阪府    1994   M    65.3     66     0.7922    165     -175     -175      120     -125     -125      190      215      220     505.0   400.04   820.07   14         関大Ｓ＆Ｃクラブ            66
 小林　一貴         東京都    1982   M    64.65    66     0.7988    140      150     157.5     110      120     122.5     180      205      220     500.0   399.41   818.78   15              TXP            66
 井坂　彰良         茨木県    1982   M    65.85    66     0.7867    150      160      165      120      125     -130     -185      195     -200     485.0   381.53   782.14   16              個人             66
  深河　正         兵庫県    1972   M    65.5     66     0.7901    150      155      160     137.5    -145     -145      170      180     -192.5   477.5   377.29   773.45   17       マッスルプロダクション           66
 倉持　修一         茨木県    1967   M    63.45    66     0.8116    150     157.5    162.5     110      120     -125      175      185     -192.5   467.5   379.44   777.86   18              個人             66
 石原　禎二         神奈川県   1978   M     65      66     0.7952    155      165     -172.5    100      105     -107.5   -185      190     -195     460.0   365.79   749.87   19        戸塚スポーツセンター           66
 安部　　航         神奈川県   1989   M    65.8     66     0.7872    155     -162.5   -162.5   -100     102.5    -105     182.5    -192.5   -192.5   440.0   346.35   710.02   20        戸塚スポーツセンター           66
 荒木　雄介         東京都    1982   M    62.3     66     0.8246    125      140      150      85       95       100      150      170     -185     420.0   346.35   710.01   21           Team Raws         66
 武井　　風         福井県    1992   M    63.1     66     0.8155    100     -150               140     -150      150      100                       350.0   285.43   585.14   22         タケイパワージム            66
 藤井　優弥         兵庫県    1998   M    73.35    74     0.7239    210     -220      220     137.5     145     -147.5   -250      270     272.5    637.5   461.46   945.99   1          パワーハウス赤穂            74
 原田　　潤         北海道    1988   M    73.75    74     0.7210    200     212.5    217.5     150      155     157.5    252.5    262.5    -270     637.5   459.67   942.32   2           リアルスィング            74
 梶原　広大         岡山県    1991   M    73.8     74     0.7207    200      210      215      145      155     -160      250      260     -270     630.0   454.04   930.78   3            チーム岡山             74
  西　隆太         群馬県    1985   M     74      74     0.7193   -195      195     -205      150      160      165      250     -262.5   -262.5   610.0   438.78   899.50   4               個人             74
 福住　昌也         大阪府    1986   M    73.25    74     0.7246    215      220     -227.5    140     147.5    -152.5    215      225      235     602.5   436.55   894.93   5          関大Ｓ＆Ｃクラブ            74
 西出　拓矢         石川県    1986   M    73.45    74     0.7232    210      215      220      145      150     -152.5    210      220      230     600.0   433.89   889.48   6            マッスル石川            74
 八代　雄大         千葉県    1991   M     74      74     0.7193    195      205     -215      125      130     132.5     240      260     -267.5   597.5   429.79   881.07   7            Club Poison       74
 栁田　雅彦         神奈川県   1994   M    71.5     74     0.7375    190     -205     207.5    127.5    137.5    142.5     220      230      240     590.0   435.13   892.01   8             湘南ＢＰ             74
 長野　友紀         千葉県    1997   M    73.5     74     0.7228    195      205     -212.5   -132.5    140     -145      225      235      245     590.0   426.45   874.22   9          TEAM I-CHIBA-N      74
 合田　隆宏         沖縄県    1984   M    73.45    74     0.7232    200     -212.5   -212.5    130     -135     -135      240      255     -262.5   585.0   423.04   867.24   10          Team Advance       74
八須　拳太郎         埼玉県    1990   M     73      74     0.7264    210     -220     -222.5   117.5    122.5    127.5     225      240     -255     577.5   419.47   859.92   11              個人             74
日野山　勇二         福井県    1982   M    73.45    74     0.7232    185     -200     -205      125     -135      135      235      250     -257.5   570.0   412.20   845.00   12              個人             74
 鍋倉　　光         神奈川県   1989   M    73.75    74     0.7210    165     -185     -190      130      140     -150      220      240      250     555.0   400.18   820.37   13   スーパーパワーアサマトレーニングクラブ       74
 青山　博哉         神奈川県   1988   M    71.85    74     0.7348    200     -212.5   -212.5    115      120     -125      210      220     -225     540.0   396.81   813.46   14        横濱ベンチラバーズ            74
 平野　雅之         新潟県    1976   M    73.15    74     0.7253    180      195     -200      100      105     -107.5    240     -260     -260     540.0   391.65   802.89   15       新潟トレーニングセンター          74
 飛奈　駿佑         滋賀県    1991   M    73.65    74     0.7217    165      170      175      135      140     -145      205      215      225     540.0   389.74   798.97   16        LAKE SIDE POWER      74
 五月女　健         茨木県    1990   M    73.7     74     0.7214    185     -195     -195      120     -125     -125      210      220      230     535.0   385.95   791.19   17      水戸市パワーリフティング協会         74
 津田　康孝         福岡県    1981   M    72.05    74     0.7333    180      190     -200      120      125     -127.5    200      210      215     530.0   388.67   796.77   18            B・P・S            74
日比野　智之         愛知県    1984   M    73.5     74     0.7228    165     -175     -175      120      125     -130      240     -250     -250     530.0   383.08   785.32   19         東名アスレチック            74
岡野　龍太郎         香川県    1987   M    73.45    74     0.7232    160     -175      175      130     -140     -140      195      210      220     525.0   379.65   778.29   20       高松トレーニングクラブ           74
 東　　陽介         福井県    1988   M    73.5     74     0.7228    160      170      180      115      125     -130      180      200      210     515.0   372.24   763.09   21              個人             74
 築地　　悠         静岡県    1983   M    73.2     74     0.7249   -170     -170      170      105      110     -112.5    220      230     -240     510.0   369.71   757.91   22              個人             74
 阿部　仁志         愛知県    1993   M    73.4     74     0.7235    160     -170     -170      130      140     142.5     190     207.5    -215     510.0   368.99   756.42   23        ＭＢＣ　ＰＯＷＥＲ            74
伊佐治　亮助         岐阜県    1983   M    71.8     74     0.7352    170     -180     -180      115      120     -122.5    200      210     -220     500.0   367.61   753.60   24          PEACE GYM          74
 水野　直樹         愛媛県    1971   M    73.65    74     0.7217    165      180     -185      110     -115     -115      180      200     -210     490.0   353.66   724.99   25           チーム愛媛             74
氷見山　貴史         新潟県    1983   M    73.6     74     0.7221    170     -182.5   -182.5    115      120      125     -180      180     -200     475.0   343.00   703.14   26              個人             74
