第２１回ジャパンクラシックパワーリフティング選手権大会
                                         2017.2.25-26 　　 岡崎中央総合公園体育館第一錬成道場                                                                         JAPAN POWERLIFTING ASSOCIATION

                                                                                                                                           日本新記録
                                                                                                                                                                          Wilks
                                                BWt    Squat    Squat   Squat Bench Bench Bench         Dead     Dead     Dead     Best     Best      Best
No.      Name                Team        生年                                                                                                                    PL Total   Co. x    順位
                                                (Kg)     1        2       3     1     2     3           lift 1   lift 2   lift 3   Squat   Bench     Dead lift
                                                                                                                                                                          Total
      サブジュニア女子43kg級

 1      浜田　華澄              厚木商業高校        2000 41.02     75       80     82.5     40      45     -47.5    85       95       100     82.5     45         100      227.5     334.86    1
      ジュニア女子43kg級

 2      上野　円香               岡山大学         1995 42.62     50       60      -70     30      35     37.5     70       80       85       60      37.5        85      182.5     262.37    1
      ジュニア女子47kg級

 3      菊池　雅              春日部共栄高校        1998 46.68     85       90     -97.5    55      60     -62.5    105      115     -120      90      60         115      265.0     358.15    1
      一般女子47kg級
 4      可児　理恵             フェニックスジム       1979 46.75     110     115     116.5    70      75     77.5    142.5     150     -153     116.5    77.5       150      344.0     464.42    1

 5      辻　紀子                 個人          1964   45.8   92.5     97.5    -102.5   57.5   -60     -60      115      120     -125     97.5     57.5       120      275.0     376.72    2
 6      青木 千明            名城大学校友修練会       1992   46.6    80       85      90      50      55     57.5     115      120     122.5     90      57.5      122.5     270.0     365.36    3
 7      中田　佳見              岩崎ＢＣ津山        1971   46.6   -82.5    82.5    -87.5    60     62.5    -65      100      110     112.5    82.5     62.5      112.5     257.5     348.44    4

 8      西川　裕子                個人          1960 46.65     65       70     72.5     40     42.5    -45      100      105     -110     72.5     42.5       105      220.0     297.47    5
      サブジュニア女子52kg級

 9      湯浅　美音         チームレスキュートレーニングジム   2002 51.02     40       45      -50     20     -27.5   -27.5    70       85      -92.5     45      20          85      150.0     189.75    1
      一般女子52kg級
10      木村　初子         スーパーアサマトレーニングクラブ   1951   51.4    -90      -90     90      45      50              130      140     147.5     90      50        147.5     287.5     361.63    1

11     磯田　あかね         スーパーアサマトレーニングクラブ   1970 50.25     85       -95     -95     55     57.5     60      110     117.5    -120      85      60        117.5     262.5     335.94    2
12     糸井　千都香                ＴＸＰ         1972   51.2    80      -87.5   87.5     50     52.5     55      90      97.5     -105     87.5     55         97.5     240.0     302.79    3

13      堀　友貴子            Ｐｏｗｅｒ　Ｌｉｎｅ      1988 48.75     65      72.5     -75     55      60     62.5     95      -102.5   -105     72.5     62.5        95      230.0     301.14    4
14      大島　珠美              PEACE GYM     1973 49.45     70       75      80      37.5    40     -42.5   92.5      100      105      80      40         105      225.0     291.47    5
15      岩井　知子                個人          1975 検量オーバー                                                                                                                               失格
16      鈴木　静            ゴールドジム名古屋金山      1967                                                                                                                                      棄権
      サブジュニア女子57kg級

17      大西　翔子            京都府立北桑田高校       1999 53.92    -125     130      140     50      55     -60      110     127.5     140      140     55         140      335.0     406.02    1

18      神谷　美月         チームレスキュートレーニングジム   2000 56.58     60       -70     -70     25     27.5    -30      70       85       100      60      27.5       100      187.5     218.84    2
      ジュニア女子57kg級

19      小林　展代                ＴＸＰ         1997    57    87.5      95     102.5    55      60     62.5     115      120     -127.5   102.5    62.5       120      285.0     330.71    1
20      浦野　萌々               草加高校         1998   54.5    75       -80     80      42.5    45     -47.5    90       100     -102.5    80      45         100      225.0     270.43    2
      一般女子57kg級

21     中井　美貴子                個人          1990 56.32     90      100     -107.5   60     62.5     65      110      125     -135      100     65         125      290.0     339.69    1

22       番 詩織                個人          1991 56.62     85       90      -95     55     57.5     60      100      110      120      90      60         120      270.0     314.95    2

23      田中　彰子             パワーハウス赤穂       1964 53.86     80       -90     -90     47.5    50     52.5     85       95       100      80      52.5       100      232.5     282.03    3
24     三浦　恵美子         スーパーアサマトレーニングクラブ   1974 56.82    92.5     -100     100     -60    -60     -60                                                                                失格
25      中野　栞               網走パワーズ        1991                                                                                                                                      棄権
      サブジュニア女子63kg級

26      池田　光咲              キムンカムイ        1999 62.92    102.5    -105    -105     60      65     -67.5    130      140     -143     102.5    65         140      307.5     330.56    1

27      野村　優              京都府立農芸高校       2000 61.52     60                       50      60      70      65                         60      70          65      195.0     213.25    2
      ジュニア女子63kg級

28      堤　彩夏               京都学園大学        1995   61.8    115     125     -135     62.5   67.5    -70      140      150     -152.5    125     67.5       150      342.5     373.25    1
      一般女子63kg級
29     西田　万留々                個人          1993   62.1    140     150     -155     67.5    70     72.5     140     -147.5   147.5     150     72.5      147.5     370.0     401.73    1
30      上田　早穂              ちからこぶ         1980    62     130     135     -140     82.5   -85     -85      140      145     -152.5    135     82.5       145      362.5     394.08    2
31      堤　彩夏               京都学園大学        1995   61.8    115     125     -135     62.5   67.5    -70      140      150     -152.5    125     67.5       150      342.5     373.25    3

32     山崎　まりな                ＴＸＰ         1988 60.35    112.5    115     117.5    57.5    60     62.5     140      150     157.5    117.5    62.5      157.5     337.5     374.58    4

33      前野　由衣                個人          1989   62.2   -112.5   112.5   -122.5   65      70     72.5    142.5    152.5    -160     112.5    72.5      152.5     337.5     366.00    5
34      鈴木　恭子         スーパーアサマトレーニングクラブ   1977   62.3    115     -125     125     62.5   67.5    -70      130      140     -150      125     67.5       140      332.5     360.13    6
35      林　久子              雷神ファクトリー       1951   61.6    115     -125    -125     65     72.5    -75      125      135     137.5     115     72.5      137.5     325.0     355.06    7
36      中根　春美              ちからこぶ         1961   59.9   -105     105     -112.5   60     -65     -65      120     127.5    -132.5    105     60        127.5     292.5     326.53    8
37      芦川　聖子              パワーハウス        1974 61.56     95      102.5    105     52.5    55     57.5     110      120     -127.5    105     57.5       120      282.5     308.79    9
38      吉田　早希                個人          1988 検量オーバー                                                                                                                               失格
      ジュニア女子72kg級
39     窓場　加津紗              京都学園大学        1996 67.74     150     -160     160     80     -85      85      160      175      185      160     85         185      430.0     437.75    1
40      山元　マヤ               埼玉大学         1995 71.18     100     110      120     75      80     82.5     120      130      140      120     82.5       140      342.5     336.87    2
      一般女子72kg級
41      岡田　有加                個人          1992 70.25    -140     140     -147.5   80     82.5     85      170      180     185.5     140     85        185.5     410.5     407.38    1
42      竹内　あい                個人          1989   69.2    140     150     -160     80      85     87.5     120      130      140      150     87.5       140      377.5     378.56    2

43      照屋　利恵             POWERSPORT     1975 68.35     110     120     -125     80      85     -90      125      135     -140      120     85         135      340.0     343.93    3
44      金子　睦                 ＴＸＰ         1986 70.65     115     125     -135     65      70     -75      120     -130      130      125     70         130      325.0     321.28    4
      サブジュニア女子8４kg級

45      オヌ　花               常総学院高校        2000 78.28     105     120     -130     52.5   57.5    -62.5    130      140     152.5     120     57.5      152.5     330.0     305.71    1
      ジュニア女子84kg級

46      飯野　暁子            アピアスポーツクラブ      1997 79.52     110     120      128     75     82.5    -86      120      130      140      128     82.5       140      350.5     321.79    1
      一般女子84kg級
47      梅村　優子              ちからこぶ         1974   82.2    155     161.5   -165     70     72.5    -75      145      155     -160     161.5    72.5       155      389.0     350.76    1
                                                                                                                                                                                Wilks
                                                   BWt    Squat    Squat    Squat Bench Bench Bench             Dead     Dead     Dead     Best     Best    Best
No.      Name                Team           生年                                                                                                                       PL Total   Co. x    順位
                                                   (Kg)     1        2        3     1     2     3               lift 1   lift 2   lift 3   Squat   Bench   Dead lift
                                                                                                                                                                                Total
      サブジュニア男子53kg級
48      松崎　涼               浦和学院高校           1999   52.7    150      160     -165      80       85       88       175      185     -195      160     88       185      433.0     419.02   1

49      山田　真哉              浦和学院高校           2001 52.22     105      115     -120      80      87.5      -90      145      155      165      115     87.5     165      367.5     359.03   2
      ジュニア男子53kg級

50      松井　太基            東北大学ボディビル部         1996 52.25     105      110     -115      65       70       -75      130     -140     -140      110     70       130      310.0     302.68   1
      サブジュニア男子59kg級

51      山﨑　悠生             京都府立農芸高校          2000 57.04     90       100      105      75       80       -85      130     142.5    152.5     105     80      152.5     337.5     301.81   1
52      石田　輝彦              東奥義塾高校           1999 57.16     100      105     -115      70       75      77.5      145      155     -160      105     77.5     155      337.5     301.20   2
53      村岡　和               東奥義塾高校           1999   58.2    100      105     -115      60      -62.5     -65     -150      155     -160      105     60       155      320.0     280.74   3
54      水谷　綾介              東奥義塾高校           2001 54.34     75       85       90       50       60       -70      105      115      125      90      60       125      275.0     257.93   4
      ジュニア男子59kg級

55     大久保　孔明            東北大学ボディビル部         1997   57.3    100      110      115      60       65       -70      130      140      150      115     65       150      330.0     293.82   1
      一般男子59kg級
56      蛯原　孝晴                 個人            1980 58.45     185     -196     197.5     135      140     142.5     200      215      220     197.5   142.5     220      560.0     489.31   1

57      佐竹　優典              青山学院大学           1996   58.7    180      190     -197.5    120     127.5     130      220      230     -240.5    190     130      230      550.0     478.66   2
58      宮城　善              ＭＯＺＵ ｋｉｍｕ         1986   58.5    190     197.5    -202.5    120      125     127.5     215     -222.5   -225     197.5   127.5     215      540.0     471.46   3
59      大谷　剛史           マッスルプロダクション         1988   58.4   -170     -170      170      120      125     127.5     215      230     -237.5    170    127.5     230      527.5     461.29   4

60      水野　貴章            ゴールドシム成田千葉         1967   58.5    160     -170      170      120      125     -127.5    195      205      210      170     125      210      505.0     440.90   5
61      三河　涼          スーパーアサマトレーニングクラブ      1986 58.65     160      175      185      105     -115     -115     197.5    212.5    -217.5    185     105     212.5     502.5     437.67   6

62      犬飼　雄基                 個人            1988   58.6   162.5    -170     -170     102.5     110     -115     177.5     190     -200     162.5    110      190      462.5     403.15   7
63      大内　俊幸                 個人            1979   58.7    145     -155      155      100      105     107.5     195     -205     -205      155    107.5     195      457.5     398.16   8
64      田端　昌之                 個人            1993 58.55     170     -175     -175      105      110      115      160      170     -180      170     115      170      455.0     396.93   9

65      丹　優樹          スーパーアサマトレーニングクラブ      1993 56.35    -135     -150      150     97.5     102.5    -105      185      200     -210      150    102.5     200      452.5     409.44   10
66      池村　正樹                 個人            1974   58.7    135      145     147.5     110      120     -122.5    175      185     -195     147.5    120      185      452.5     393.81   11

67      北澤　国彦         チームレスキュートレーニングジム      1974 55.95    -150      150      160      95       100     102.5     170      180     -190      160    102.5     180      442.5     403.18   12
68      小林　勉                  個人            1987 58.15     140     147.5    152.5    97.5     102.5     105      180     -192.5            152.5    105      180      437.5     384.13   13
69     小巻　建方朗                 個人            1988   58.1   -150      150     152.5     85      -87.5    87.5      170      175     -177.5   152.5    87.5     175      415.0     364.67   14

70      溝尾　元洋                 個人            1980 57.15     125     -140      140     -112.5   112.5     120     -150      150     -165      140     120      150      410.0     365.97   15
71      石川　康二            Ｃｕｒｅ－Ｃａｒｅ          1975   58.7    135      145      150      80       85       -90      175     -190     -190      150     85       175      410.0     356.82   16

72      鈴木　城                  個人            1992   58.2    115      125     -135      90       95       100      160     -170      170      125     100      170      395.0     346.53   17
73      宮下　直幸                 個人            1986   57.2    115      125      130      75       -80      -80      155      170     -180      130     75       170      375.0     334.45   18

74     佐々木　亮平         パーフェクト・ボディー・クリエーション   1990 58.55    137.5    142.5    -147.5   67.5      70      72.5      160     -170     -185     142.5    72.5     160      375.0     327.14   19
      サブジュニア男子66kg級

75      武藤　隼人               越谷北高校           2000 63.12    -145     -145      145      90      97.5     -102.5    180      190     -200      145     97.5     190      432.5     352.62   1

76      内野　力仁              浦和学院高校           1999 64.44     110      115     -122.5    70      77.5     -82.5    -140      140      150      115     77.5     150      342.5     274.34   2
77      三上　勝矢              東奥義塾高校           1999 62.92     85       -95      95       65       -70      -70      140     -150     -150      95      65       140      300.0     245.26   3
      ジュニア男子66kg級

78      木内　陽介              青山学院大学           1996   65.5    190      200      205      120      130      135      230      250     262.5     205     135     262.5     602.5     476.06   1

79      杉浦　康宏               ちからこぶ           1994   65.9    190      200     -205      125      130      135      220      230     -240      200     135      230      565.0     444.19   2

80      東　真彦                慶應義塾            1995   65.5    190      200     -207.5    135      140     -142.5    190      200     -202.5    200     140      200      540.0     426.68   3
81      鈴木　康之              Ｆ．Ｔ．ＧＹＭ          1996 64.25     130      140     142.5     105      110     112.5     190      200     -210     142.5   112.5     200      455.0     365.37   4

82      安田　尚記              北海道学園大学          1995   65.4    160      165      170      80       85       -90      180     192.5    -202.5    170     85      192.5     447.5     354.04   5

83      米本　大郎              clubポインズ         1996 63.05     125      135      140      90       95       100      145      155      165      140     100      165      405.0     330.51   6

84      矢﨑　尚悟               慶應義塾            1996   63.7    140     -150     -150     92.5     97.5      100     -160      160     -167.5    140     100      160      400.0     323.56   7
      一般男子66kg級

85      井上　雄介             雷神ファクトリー          1981 65.46     210      220      225     157.5    -165      165      245      255     -263.5    225     165      255      645.0     509.90   1

86      古清水　駿              国際武道大学           1993 65.44     185      195      205      120      125     -127.5    235      245     -263      205     125      245      575.0     454.68   2

87      杉浦　康宏               ちからこぶ           1994   65.9    190      200     -205      125      130      135      220      230     -240      200     135      230      565.0     444.19   3

88      上田　孝道                 個人            1993 65.78     180      190     -195      120      125     -130      230      240     -245      190     125      240      555.0     436.98   4

89      両角　保宏                 個人            1977 65.26     180     -187.5   187.5     125      130     -132.5    220      230     -237.5   187.5    130      230      547.5     433.92   5
90      西村　直也             雷神ファクトリー          1982   65.5   172.5    182.5    187.5    112.5    117.5    122.5     190      205     212.5    187.5   122.5    212.5     522.5     412.85   6
91      井戸　豊                高岡ＴＣ            1983 65.44    -212.5   217.5    -232     97.5     102.5    -107.5    185      195     -205     217.5   102.5     195      515.0     407.23   7
92      田頭　知彦                 個人            1984    65     145      155      160     137.5    -140     -140      195      205     212.5     160    137.5    212.5     510.0     405.55   8

93     宮崎　賀寿雄               F. T. GYM       1986 65.66     160      165      170      135      140     -142.5    180      200     -220      170     140      200      510.0     402.16   9

94      向井　陽紀                 個人            1987   65.5    155     -162.5   162.5     110      115     -120      180      190     -200     162.5    115      190      467.5     369.39   10

95      近藤 大祐           デンソー刈谷パワークラブ        1983 65.54     135      145      150     112.5     115     -117.5    190      200     -205      150     115      200      465.0     367.23   11
96      井坂　彰良             パワーハルクジム          1982 65.82     140      150      160      120      125     -127.5    160      170      180      160     125      180      465.0     365.94   12
97      槻　大二郎         スーパーアサマトレーニングクラブ      1988 65.48     160     167.5    -170      110     -117.5             175      185     -192.5   167.5    110      185      462.5     365.53   13

98      小林　一貴                ＴＸＰ            1982 64.76     135      145     -152.5    105     112.5    -120      180     192.5    202.5     145    112.5    202.5     460.0     366.93   14
99      荒木　雄介           中央市場トレーニング部         1982 64.14    -135      140     152.5     100      110     112.5     165      180     187.5    152.5   112.5    187.5     452.5     363.89   15

100     竹川　佳克            パワーフィットネス          1968   65.7    140      150      155     97.5      105     107.5     180      190     -200      155    107.5     190      452.5     356.64   16
101     吉原　健太              ノーリミッツ           1979 65.18     145      155     -160      100      105     -107.5    180      185     -190      155     105      185      445.0     353.05   17

102     伊藤　良一             仙台市体育館ＰＣ          1954   65.4   -150      150     -160      90       95      -100     -190      190     -195      150     95       190      435.0     344.15   18

103     安部　航                  個人            1989 65.26     150     -155      155      95      -100     -100      175     182.5    -185      155     95      182.5     432.5     342.78   19
104     吉本　文俊           蒲郡トレーニングセンター        1977 65.82     135      150     -160      90       95      -105      160      180     -185      150     95       180      425.0     334.46   20

105     藤井　輝              パワーハウス赤穂          1993                                                                                                                                         棄権
      サブジュニア男子74kg級
106     片倉　渉               常総学院高校           1999 71.44     140      150     -160      90      97.5     -102.5    170     -175     -175      150     97.5     170      417.5     308.10   1
107     工藤　瑛士              慶應義塾高校           1999   71.5   -145      145     -157.5    85       90      -92.5     170     -180     -185      145     90       170      405.0     298.69   2
108     後藤　優誠                 個人            2002 67.32     105      120      130      85      92.5     97.5      125     142.5    152.5     130     97.5    152.5     380.0     293.61   3
                                                                                                                                                                                 Wilks
                                                      BWt    Squat   Squat    Squat Bench Bench Bench            Dead     Dead     Dead     Best     Best    Best
No.      Name                  Team            生年                                                                                                                     PL Total   Co. x    順位
                                                      (Kg)     1       2        3     1     2     3              lift 1   lift 2   lift 3   Squat   Bench   Dead lift
                                                                                                                                                                                 Total
      ジュニア男子74kg級

109     矢木　龍馬               POWERSPORT         1997   73.7   200     -210     212.5     140     145     147.5    -210      210      225     212.5   147.5     225      585.0     422.02   1
110     福田　忠浩           マッスルプロダクション            1996 72.86    170      185     -190      140     145      150      220     237.5    -250      185     150     237.5     572.5     416.42   2
111     江川　昂汰               京都学園大学             1996 71.98    190      205      210      100     105      110      205      215      225      210     110      225      545.0     399.95   3

112     谷澤　直紀                  ＴＸＰ             1995 73.22    180      190      195      120     127.5    135      190     202.5     215      195     135      215      545.0     395.01   4
113     峯　彰宏             加須トレーニングジム            1994   72.5   175     -185     -187.5    115     120      125      215      230     -250      175     125      230      530.0     386.90   5

114     内藤　潤            TEAM KASHIWA FITNESS   1996   73.6   170      180     -185      120     -130    -130      210     -220      220      180     120      220      520.0     375.49   6
115     岡村　祥汰            東北大学ボディビル部            1994 72.68    160      170      180      100     105     -110      200      220     -235      180     105      220      505.0     367.98   7
116     田中　啓左               仙台東高等学校            1998   72.9   150     162.5    172.5     110     122.5   -125      175     192.5     205     172.5   122.5     205      500.0     363.54   8

117     岡本　悠                   B. A. D         1996 73.12    170      180     -190      110     -120     120      180      200     -210      180     120      200      500.0     362.75   9
118     石井　尚紀                  B. A. D         1995 70.36    125      130      135      150     -160     160     -180      180      190      135     160      190      485.0     362.04   10

119     河南　文人             京都府立北桑田高校            1998 72.66    155      170     -180      90      100      105      180      190     -200      170     105      190      465.0     338.90   11
120     鈴木　馨太                  ＴＸＰ             1996 69.44    130      140     -150      135     140      145      165     172.5    -180      140     145     172.5     457.5     344.97   12
121     澤木　康太            東北大学ボディビル部            1994 72.38    -150     150      155      95      102.5   -105      165     172.5     180      155    102.5     180      437.5     319.76   13
      一般男子74kg級
122     比嘉　善浩               POWERSPORT         1991 73.56    250     -270      270      145     152.5   -155      275     -292.5   302.5     270    152.5    302.5     725.0     523.72   1

123    伊勢崎　勝史                   個人             1987 73.62    220     -230      230      155     160     -165      240     -250      250      230     160      250      640.0     462.05   2
124     池上　宏樹                  ＴＸＰ             1991 72.96    207.5    215     -220      140     145     147.5     245     252.5    257.5     215    147.5    257.5     620.0     450.52   3
125   デヴィン　マクドナルド           ノーリミッツ             1986   73.1   200     212.5    -217.5   157.5    162.5    165      230     242.5    -250     212.5    165     242.5     620.0     449.90   4

126     大島　逸生            TEAM RED VOLTGE       1992 73.62    210      220     -225      140     145     -150      240      250     -257.5    220     145      250      615.0     444.00   5
127     渋谷　優輝           TEAM KASHIWA FITNESS   1985 73.38    235     242.5    -247.5    140     147.5    150      170      210     -227.5   242.5    150      210      602.5     436.00   6

128     合田　隆宏             Ｔｅａｍ　Advance         1984 73.24    -195     195     -202.5    130     135     137.5     240     252.5    -257.5    195    137.5    252.5     585.0     423.91   7
129     鈴木　祐輔                  B. A. D         1984 73.96    180     -190      190      180     185     -190      200      205      210      190     185      210      585.0     420.96   8
130     小泉　安弘               CLUBポインズ           1975 73.42    190      200      205     -137.5   137.5   -145      220      235      240      205    137.5     240      582.5     421.36   9

131     伊藤　高行                   個人             1964 73.08    190      200     207.5    117.5    125     127.5     215      230      240     207.5   127.5     240      575.0     417.33   10

132     仲村　龍治                   個人             1981 73.58    190     -200      200     162.5    -170    -170      210     -222.5   -222.5    200    162.5     210      572.5     413.48   11

133    日比野　智之              東名アスレチック            1984 73.64    177.5   -182.5   182.5     120     -125     125     247.5    257.5    -260     182.5    125     257.5     565.0     407.83   12
134     鍋倉　光          スーパーアサマトレーニングクラブ         1989 72.34    -175     175     -190      130     140     -145      210      230     247.5     175     140     247.5     562.5     411.28   13
135     山本　航平                   個人             1991   73.8   180      190     -195      135     142.5   147.5     225     -250     -250      190    147.5     225      562.5     405.39   14
136     伊藤　知樹           デンソー刈谷パワークラブ           1969    74    185     -190     -190     132.5    137.5    140      225     -232.5   -232.5    185     140      225      550.0     395.62   15
137     辻　善衛                    個人             1969 72.28    -190     195     -202.5    120     125     127.5     220     -235     -235      195    127.5     220      542.5     396.90   16

138     林　二士                    個人             1971 73.48    175      185     -190      130     -135     135     -215      220     -230      185     135      220      540.0     390.39   17
139     山口　貞行                   個人             1991 71.26    180      190     -200      105     -110     115      200      220     -230      190     115      220      525.0     388.16   18
140     村永　陵次                   個人             1970    73    170     182.5     185      125     -130     130      190      205     207.5     185     130     207.5     522.5     379.52   19
141     阿部　仁志                 サン笠寺             1993 72.86    170     -185     -185     117.5    127.5    130      195     212.5    -215      170     130     212.5     512.5     372.78   20
142     水野　直樹                   個人             1971   73.4   160      175      185      105     110      115      200     -210      210      185     115      210      510.0     368.99   21

143     山田　賢                   B. A. D         1992 73.96    145      155      160      135     140     -142.5    185      200     -210      160     140      200      500.0     359.79   22
144     戸川　俊輔                 Cure-Care        1980 73.64    160      170     -175      110     115     -117.5    200      210     -220      170     115      210      495.0     357.30   23
145     神谷　正人                ちからこぶ             1974   73.6   170     -175     -175      115     120     -122.5   177.5     190     -200      170     120      190      480.0     346.61   24
146     浅野　勇一           ゴールドジム名古屋金山            1971 72.62    160      170     -177.5   107.5    115      120      160      170      180      170     120      180      470.0     342.68   25
147     釣船　雅俊              パワーハウス赤穂            1983   73.3   150      160     -165     107.5    115      120      165      175     -185      160     120      175      455.0     329.52   26

148     藤原　和人              雷神ファクトリー            1976 73.46    135     -150     -150      110     -115    -115      180      195     -202.5    135     110      195      440.0     318.16   27
      サブジュニア男子83kg級
149    シルバ　英樹                国士舘高校             1999 82.34    -190     190     -202.5    95      102.5    110     -240      240     -250      190     110      240      540.0     362.17   1
150     福岡　鉄平          たいそうべやスポーツクラブ           1999   81.6   180      190     -195      110     -115    -115      210      230     -240      190     110      230      530.0     357.41   2

151    富田　慎之介               浦和学院高校             2001 80.74    155     -170      170      95      105     -110      170      180      185      170     105      185      460.0     312.24   3

152     念代　朋哉               東奥義塾高校             2001 80.64    120      130     -140      60       65      -70      165      175      185      130     65       185      380.0     258.13   4
      ジュニア男子83kg級
153     仲田　廣人             パワーフィットネス            1994   82.3   200      210      220      150     160     167.5     210      230      240      220    167.5     240      627.5     420.98   1
154     伊藤　直登          十勝パワーリフティング協会           1997 81.25    190      210      215      135     145      150      200      220      230      215     150      230      595.0     402.30   2

155     宇津木　啓                 東洋大学             1996   81.9   -210     210      225     142.5    152.5   -157.5    190      200     207.5     225    152.5    207.5     585.0     393.62   3

156     林　弘一郎                 慶應義塾             1994 80.95    180      200     -215     142.5    147.5   -150      235     -245     -250      200    147.5     235      582.5     394.75   4
157     磯島　望宏                   個人             1994 82.35    190      205     -215      140     -150     150      190      205      215      205     150      215      570.0     382.26   5
158     石田　典大               東京理科大学             1997   79.6   190     202.5    207.5     100     107.5   112.5     165      180     -190     207.5   112.5     180      500.0     342.43   6
159     大澤　嵩樹            東北大学ボディビル部            1997    82    200      210     -215     -140     -140    -140                                                                              失格
160     本庄　孝                京都学園大学             1996                                                                                                                                       棄権
161     藤森　裕人                   個人             1998                                                                                                                                       棄権
                                                                                                                                                                                 Wilks
                                                      BWt    Squat   Squat    Squat Bench Bench Bench            Dead     Dead     Dead     Best     Best    Best
No.      Name                  Team            生年                                                                                                                     PL Total   Co. x    順位
                                                      (Kg)     1       2        3     1     2     3              lift 1   lift 2   lift 3   Squat   Bench   Dead lift
                                                                                                                                                                                 Total
      一般男子83kg級

162     福島　勇輝                 F. T. GYM        1986   81.9   220     232.5    -237.5   190      200     -205      220      230      235     232.5    200      235      667.5     449.13   1
163     横田　正敏                  ＴＸＰ             1989    82    220      230     237.5    145      155      160      250      265     -272.5   237.5    160      265      662.5     445.44   2
164     信田　泰宏                   個人             1988 82.85    230     -240              190     -200               235     -245     -245      230     190      235      655.0     437.68   3

165    松尾　賢太朗           筋トレクラブまっちゃん            1989 82.65    210      220      230     150     -155      155      230      240      255      230     155      255      640.0     428.27   4
166     永井　肇                    個人             1984   82.6   230      240     -250     135      140     -145      245      255     -265      240     140      255      635.0     425.08   5

167     西村　直樹          トレーニングジムKENKODO         1987 79.85    245      254     -257.5   125      135     -140     -230     232.5     240      254     135      240      629.0     429.93   6
168     仲田　廣人             パワーフィットネス            1994   82.3   200      210      220     150      160     167.5     210      230      240      220    167.5     240      627.5     420.98   7
169     三輪　景吾              東名アスレチック            1981   82.7   210      215      220     170     -175     -175      225      230     -232.5    220     170      230      620.0     414.74   8

170     大城　王寛            Ｔｅａｍ　Ｇｕｔｅｉ            1987   80.1   205      210      215     150      155     -160      230      245     -250      215     155      245      615.0     419.53   9
171     川口　充                    個人             1970 82.35    200      210     217.5    145     152.5    157.5     220      230     237.5    217.5   157.5    237.5     612.5     410.77   10

172     日高　豪志           ゴールドジム名古屋金山            1986 81.65    200     212.5     225     127.5    135      140      225      245     -255      225     140      245      610.0     411.21   11
173     土谷　智則                   個人             1972 82.05    187.5   197.5     205     135     142.5    147.5     230      240     247.5     205    147.5    247.5     600.0     403.27   12
174     藤枝　幸司           愛知県警察バ－ベルクラブ           1982   82.2   190      195      200     140      145     -147.5    250     -260     -260      200     145      250      595.0     399.47   13

175     迫田　泰英                  ＴＸＰ             1990   82.5   197.5   207.5    -217.5   137.5    145     -150      215     232.5    -242.5   207.5    145     232.5     585.0     391.90   14
176     長尾　潤                    個人             1985 81.25    187.5   -197.5   -197.5   132.5    140     -142.5    235      245     -247.5   187.5    140      245      572.5     387.09   15

177     村井　優哉                   個人             1991 80.65    180      190      200     120      130      135      220      230      235      200     135      235      570.0     387.17   16
178     片桐　圭一                   個人             1982   81.7   200      210     -220     120      125      130      220      230     -240      210     130      230      570.0     384.10   17
179     鈴木　聖矢            Ｐｏｗｅｒ　Ｌｉｎｅ            1990 81.85    180      190     -200     -155     155      160      220     -235     -240      190     160      220      570.0     383.67   18

180     栗原　弘教                   個人             1985   82.5   195      205     -215     125      130      135      200      215      230      205     135      230      570.0     381.85   19
181     山口　貴也                   個人             1991   82.5   200      210      215     125      130     -135      225     -235     -235      215     130      225      570.0     381.85   20

182     田村　僚馬                   個人             1984   82.7   172.5   177.5     180     130      135     137.5    247.5    -252.5   -252.5    180    137.5    247.5     565.0     377.95   21
183     義田　大峰                  ＴＸＰ             1988 82.35    180      190     -200     155     162.5    -167.5    210     -220     -220      190    162.5     210      562.5     377.23   22
184     谷澤　一矢          横浜マリントレーニングジム           1971   82.3   200     -210     -210     130     -137.5   -137.5    220      230     -240      200     130      230      560.0     375.69   23

185     後藤　政史             横浜ワンダースリー            1962   82.9   190     -200     -200     125      130     -135      230      240     -245      190     130      240      560.0     374.07   24

186     石川　良平               MBC POWER          1972   82.8   170     -180      180     130     137.5    -140      200      220     -225      180    137.5     220      537.5     359.30   25

187     村上　貴信                   個人             1989 80.15    190      200     -205     140      145     -147.5    180      190     -205      200     145      190      535.0     364.81   26
188     西本　良亮              パワーハウス赤穂            1979   82.4   170      180      185     130      140      145      180      190      195      185     145      195      525.0     351.96   27
189     福岡　広輔               筋肉道場馬鹿力            1991   79.7   165      170      175     125     -135     -135      195      210     -220      175     125      210      510.0     349.00   28
190     原田　勢司                   個人             1961    81    170      185     -190      90      100      105      200      210      220      185     105      220      510.0     345.49   29
191     大谷　朋男               ノーリミッツ             1961 82.75    170      180     -185     120     -125      125      180      195     -202.5    180     125      195      500.0     334.35   30

192     石沢　剛司                   個人             1985   79.9   -160    -160     -160                                                                                                        失格
      サブジュニア男子93kg級
193     山岸　浩也         チームレスキュートレーニングジム         1999 92.84    130      145      150      70      80       -85     167.5     175     182.5     150     80      182.5     412.5     259.34   1
      ジュニア男子93kg級
194     古川　潤                京都学園大学             1996   88.8   240      250     257.5    130      140      145      260      280     -300     257.5    145      280      682.5     438.73   1

195     軍司　和貴                   個人             1994 91.02    210      220      230     127.5    135     -140      220      235      250      230     135      250      615.0     390.39   2
196     宮　元気                    個人             1994 90.32    200      210     -215     125      135      140      210      225     -235      210     140      225      575.0     366.42   3
197     鈴木　和也               首都大学東京             1994 92.28    180      190      200     120     127.5    132.5     200      210      220      200    132.5     220      552.5     348.37   4
198     鳥屋　直弘            東北大学ボディビル部            1995 91.46    170      180     -190     120     -130     -130      190      205      215      180     120      215      515.0     326.14   5
199    小久保　耀太           TEAM KASHIWA FITNESS   1998 91.08    180      190      200     115     -120      120      170     -180               200     120      170      490.0     310.94   6

200     榊原　蓮                 ちからこぶ             1998 89.88    170      180     -190     100     -105      105      170      180     187.5     180     105     187.5     472.5     301.85   7
      一般男子93kg級
201    宇佐美　清孝               MBC POWER          1970 91.85    225     -237.5   237.5    165      175      180      265     282.5    287.5    237.5    180     287.5     705.0     445.53   1
202     風張　透                ノーリミッツ             1988 92.65    240     -252.5   252.5    180     192.5    197.5     230      250      255     252.5   197.5     255      705.0     443.67   2

203     落合　広樹                   個人             1989    92    227.5   242.5     250     165      175      180     257.5    272.5    -280      250     180     272.5     702.5     443.60   3

204     西川　洋祐                   個人             1985   92.4   260      270      275     135     142.5    -147.5    265     282.5    -287.5    275    142.5    282.5     700.0     441.09   4
205     古川　潤                京都学園大学             1996   88.8   240      250     257.5    130      140      145      260      280     -300     257.5    145      280      682.5     438.73   5
206     重岡　慧                    個人             1989    92    220     -230      240     160      170      175      265     -285     -285      240     175      265      680.0     429.39   6
207    古賀　友太郎                  ＴＸＰ             1990 89.25    230      245      260     125      135     137.5     240      260     -272.5    260    137.5     260      657.5     421.55   7

208     佐野　雅史                 高岡ＴＣ             1985 91.15    200      215      220     130      140     -150      275      295     -301      220     140      295      655.0     415.49   8

209     森　隆博                Ｋ’Ｓ　ＧＹＭ            1989 91.95    245      255      260     130      140     -145      245      255     -260      260     140      255      655.0     413.71   9
210    長谷川　航世                  怪力塾             1989   92.3   210      225     232.5    147.5    155     -160     212.5    227.5    -237.5   232.5    155     227.5     615.0     387.74   10
211     高木　啓樹              ストロングライン            1981   92.7   190     207.5     215     150     162.5    167.5     180      200     212.5     215    167.5    212.5     595.0     374.35   11
212     神尾　明宏                   個人             1970 92.05    212.5   222.5    -232.5   115      120      125      215     232.5    242.5    222.5    125     242.5     590.0     372.46   12
213     鈴木　達史                   個人             1991 84.55    170      185      190     130     142.5    -147.5    225      240      245      190    142.5     245      577.5     381.34   13
214 根立エリキベニシオ                  ＴＸＰ             1987   84.7   180      190     -200     122.5    130      135      195      205     217.5     190     135     217.5     542.5     357.87   14
215     大矢　浩貴                 昭和ＳＣ             1993   92.5   155     -170     -170     150     -162.5   -180      210     -230     -230      155     150      210      515.0     324.35   15
216     北野　利雄              仙台市体育館ＰＣ            1946   86.8   180      195      200      80     -110     -110      205      215     -222.5    200     80       215      495.0     322.10   16

217     内藤　宏二                   個人             1988 91.75    -245    -245     -245     140      150     -160      260     267.5    -272.5                                                 失格
218     清水　峻明              パワーハウス長野            1991   92.3   190      200     -210     125      135     -140     -200     -210     -215                                                   失格
219     増澤　賢治         チームレスキュートレーニングジム         1997                                                                                                                                       棄権
      サブジュニア男子105kg級
220     山田　将弘               浦和学院高校             2001 99.22    -155    -160     -160                                                                                                        失格
      ジュニア男子105kg級

221     坂本　寛明                  ＴＸＰ             1996 102.4    225      240      245     150      165     -175.5    230      245     -250      245     165      245      655.0     394.98   1
222     荒川　龍一         学習院大学ウエイトトレーニング部         1994 98.56    215      235     -237.5   130     137.5    -140      220      245     -250      235    137.5     245      617.5     378.03   2
223     大原　友海                早稲田大学             1996   104    -240     240     -250     145      150     -152.5    220     227.5    -235      240     150     227.5     617.5     370.30   3
224     田中　章太                   個人             1995 101.2    180      190     -200     171      175     -180      190      200      215      190     175      215      580.0     351.27   4
                                                                                                                                                                                 Wilks
                                                      BWt    Squat   Squat    Squat Bench Bench Bench            Dead     Dead     Dead     Best     Best    Best
No.      Name                  Team            生年                                                                                                                     PL Total   Co. x    順位
                                                      (Kg)     1       2        3     1     2     3              lift 1   lift 2   lift 3   Squat   Bench   Dead lift
                                                                                                                                                                                 Total
      一般男子105kg級

225     武田　裕介                  ＴＸＰ             1985   104    280      300      310     195      205      215      265      285      303      310     215      303      828.0     496.39   1
226     平井　勇輝                 高岡ＴＣ             1984   104    235      245      250     160      170     -175      250      270      280      250     170      280      700.0     419.65   2
227     大光　智史               岩崎ＢＣ津山             1980 97.64    217.5   227.5    232.5    157.5   162.5    -165      265     272.5    -277.5   232.5   162.5    272.5     667.5     410.25   3

228     中根　孝弘                   個人             1971 102.3    205      225      230     160      170      175      220      240     252.5     230     175     252.5     657.5     396.69   4
229     浜田　誠司                   個人             1972 104.6    230     -245      245     170     177.5    -180      220      235     -245      245    177.5     235      657.5     393.39   5

230     神野　亮司               MBC POWER          1981 94.54    -230     230      240     150      155     -160      240      255     -262.5    240     155      255      650.0     405.21   6
231     幸喜　輝明              パワーハウス赤穂            1980   98.7   220      235     -245     145      155     -165      210      225      230      235     155      230      620.0     379.34   7
232     岩波 吾猛                   個人             1980 104.6    240     -255     -255     130      140     -145      220      230     -235      240     140      230      610.0     365.05   8

233     越前　祐輔                POWE BOX          1988 97.82    210      230     -242.5   145      150     152.5     200      220     -232.5    230    152.5     220      602.5     370.01   9
234     富永　雪路                   個人             1964 102.8    210     -222.5   222.5    120     -125     -125      230     242.5    -250     222.5    120     242.5     585.0     352.25   10

235     二宮　正晴           デンソー刈谷パワークラブ           1961 103.7    190     -200     -200     140     147.5    -152.5    210     222.5    232.5     190    147.5    232.5     570.0     342.08   11
236     田原　優貴           蒲郡トレーニングセンター           1985 102.6    190      210     -220     120      130     -137.5    190      210     -220      210     130      210      550.0     331.42   12
      一般男子120kg級

237     阪田　達也                   個人             1976 118.2    250     262.5             165      170     -175     -260      260      270     262.5    170      270      702.5     405.34   1
238     秋田　裕介           マッスルプロダクション石川          1986 112.5    230     -250      260     130      140     147.5     230      240      250      260    147.5     250      657.5     384.42   2

239     田邊　秀将                   個人             1989 118.7    220     237.5    247.5    150     -157.5   157.5     200      220      235     247.5   157.5     235      640.0     368.90   3
240     山崎　大介                  ＴＸＰ             1981 110.5    190      205     217.5    130     -140     142.5     210      225      240     217.5   142.5     240      600.0     352.61   4
241     松澤　孝信         スーパーアサマトレーニングクラブ         1992   112    180      200     -210     160      165      170      140                        200     170      140      510.0     298.56   5
      サブジュニア男子120kg超級
242     小柳　拓夢           TEAM KASHIWA FITNESS   1999 127.9    210      220      230     140     -150     -150      230      240      250      230     140      250      620.0     351.72   1
      ジュニア男子120kg超級
243     齋藤　颯汰               ノーリミッツ             1995 126.8    225      240      251     167.5   -175      175      240     252.5    -260      251     175     252.5     678.5     385.52   1
      一般男子120kg超級

244     海老田　旭                  ＴＸＰ             1979 135.4    240      255     -267.5   150      160      170      245     -260      270      255     170      270      695.0     390.38   1

245     秋山　継徳                   個人             1979 122.7    222.5   237.5    252.5    137.5   147.5    157.5     230      250      270     252.5   157.5     270      680.0     389.04   2

246     加瀬　智               Ｋ’Ｓ　ＧＹＭ横浜           1991 120.1    240      250     -260     175     -182.5   -182.5    210      215      220      250     175      220      645.0     370.75   3
247     宮本　覚道               あかつき幼稚園            1978   123    220     -235      235     192.5   197.5    -202.5    190      205     212.5     235    197.5    212.5     645.0     368.79   4
248     安井　篤史             シロクマパワージム            1972 120.3    200      220      230     150     -165     -165      210      220     -230      230     150      220      600.0     344.79   5
249     田村　尚道                  ＭＡＴ             1986 125.4    160     -200      210     -100     130     -200      180     -200      225      210     130      225      565.0     321.78   6
  【ベストリフター賞】            女子            【日本新記録樹立表】                                  男子            【日本新記録樹立表】
                        カテゴリー    性別   階級   種目      氏名      生年     体重       記録     カテゴリー    性別   階級     種目     氏名      生年      体重       記録
男子ベストリフター賞(愛知県知事賞)       一般      女子   84   SQ     梅村　優子    1974   82.20   161.5    一般      男子   120+   BP    宮本　覚道    1978   123.00   197.5
                         一般      女子   84   TOT    梅村　優子    1974   82.20   389.0    一般      男子   105    SQ    武田　裕介    1985   104.40   310.0
  一般男子74kg級　　比嘉　善浩      マスターズ1   女子   84   SQ     梅村　優子    1974   82.20   161.5    一般      男子   105    BP    武田　裕介    1985   104.40   215.0
                        マスターズ1   女子   84   DL     梅村　優子    1974   82.20   153.0    一般      男子   105    DL    武田　裕介    1985   104.40   303.0
                        マスターズ1   女子   84   TOT    梅村　優子    1974   82.20   389.0    一般      男子   105    TOT   武田　裕介    1985   104.40   828.0
女子ベストリフター賞(愛知県教育委員会賞)
                         ジュニア    女子   84   SQ     飯野　暁子    1997   79.52   128.0   マスターズ2   男子   105    DL    富永　雪路    1964   102.80   242.5
                         ジュニア    女子   84   BP     飯野　暁子    1997   79.52    82.5    一般      男子    93    DL    佐野　雅史    1985   91.15    295.0
  一般女子47kg級　 可児　理恵       ジュニア    女子   84   TOT    飯野　暁子    1997   79.52   350.5   マスターズ1   男子    93    DL    宇佐見　清孝   1970   91.85    287.5
                         ジュニア    女子   84   S-BP   飯野　暁子    1997   79.52    82.5   マスターズ1   男子    93    TOT   宇佐見　清孝   1970   91.85    705.0
                        サブジュニア   女子   84   SQ      オヌ　花    2000   78.28   120.0   マスターズ3   男子    93    SQ    北野　利雄    1946   86.80    200.0
                        サブジュニア   女子   84   BP      オヌ　花    2000   78.28    57.5   マスターズ4   男子    93    SQ    北野　利雄    1946   86.80    200.0
                        サブジュニア   女子   84   DL      オヌ　花    2000   78.28   152.5   マスターズ4   男子    93    DL    北野　利雄    1946   86.80    215.0
                        サブジュニア   女子   84   TOT     オヌ　花    2000   78.28   330.0   マスターズ4   男子    93    TOT   北野　利雄    1946   86.80    495.0
                         一般      女子   72   DL     岡田　有加    1992   70.25   185.5    一般      男子    83    SQ    西村　直樹    1987   79.85    254.0
                         一般      女子   72   TOT    窓場　加津紗   1996   67.74   430.0    一般      男子    74    SQ    比嘉　善浩    1991   73.56    270.0
                         ジュニア    女子   72   SQ     窓場　加津紗   1996   67.74   160.0    一般      男子    74    DL    比嘉　善浩    1991   73.56    302.5
                         ジュニア    女子   72   BP     窓場　加津紗   1996   67.74    85.0    一般      男子    74    TOT   比嘉　善浩    1991   73.56    725.0
                         ジュニア    女子   72   DL     窓場　加津紗   1996   67.74   185.0   マスターズ1   男子    74    TOT   小泉　安弘    1975   73.42    582.5
                         ジュニア    女子   72   TOT    窓場　加津紗   1996   67.74   430.0   マスターズ2   男子    74    DL    伊藤　高行    1964   73.08    240.0
                        サブジュニア   女子   63   SQ     池田　光咲    1999   62.92   102.5   マスターズ2   男子    74    TOT   伊藤　高行    1964   73.08    575.0
                        サブジュニア   女子   63   BP      野村　優    1999   61.52    70.0    ジュニア    男子   120+   SQ    齋藤　颯太    1995   126.84   251.0
                        サブジュニア   女子   63   TOT    池田　光咲    1999   62.92   307.5    ジュニア    男子   120+   BP    齋藤　颯太    1995   126.84   175.0
                        サブジュニア   女子   63   S-BP    野村　優    1999   61.52    70.0    ジュニア    男子   120+   TOT   齋藤　颯太    1995   126.84   678.5
                        マスターズ2   女子   63   DL      林　久子    1951   61.60   137.5   サブジュニア   男子   120+   SQ    小栁　拓夢    1999   127.90   230.0
                        マスターズ3   女子   63   DL      林　久子    1951   61.60   137.5   サブジュニア   男子   120+   BP    小栁　拓夢    1999   127.90   140.0
                         一般      女子   57   SQ     大西　翔子    1999   53.92   140.0   サブジュニア   男子   120+   DL    小栁　拓夢    1999   127.90   250.0
                         ジュニア    女子   57   SQ     大西　翔子    1999   53.92   140.0   サブジュニア   男子   120+   TOT   小栁　拓夢    1999   127.90   620.0
                         ジュニア    女子   57   TOT    大西　翔子    1999   53.92   335.0    ジュニア    男子   105    BP    田中　章太    1995   101.24   175.0
                        サブジュニア   女子   57   SQ     大西　翔子    1999   53.92   140.0    ジュニア    男子    93    SQ     古川　潤    1996   88.80    257.5
                        サブジュニア   女子   57   BP     大西　翔子    1999   53.92    55.0   サブジュニア   男子    83    DL    シルバ　英樹   1999   82.34    240.0
                        サブジュニア   女子   57   DL     大西　翔子    1999   53.92   140.0    ジュニア    男子    83    BP    仲田　廣人    1994   82.30    167.5
                        サブジュニア   女子   57   TOT    大西　翔子    1999   53.92   335.0    一般      男子    66    DL    木内　陽介    1996   65.50    262.5
                        サブジュニア   女子   57   S-BP   大西　翔子    1999   53.92    55.0    ジュニア    男子    66    DL    木内　陽介    1996   65.50    262.5
                        マスターズ1   女子   52   DL     木村　初子    1951   51.40   147.5    一般      男子    59    SQ    蛯原　孝晴    1980   58.45    197.5
                        マスターズ2   女子   52   DL     木村　初子    1951   51.40   147.5    一般      男子    59    TOT   蛯原　孝晴    1980   58.45    560.0
                        マスターズ3   女子   52   DL     木村　初子    1951   51.40   147.5    ジュニア    男子    59    SQ    佐竹　優典    1996   58.70    190.0
                         一般      女子   47   SQ     可児　理恵    1979   46.75   116.5    ジュニア    男子    59    TOT   佐竹　優典    1996   58.70    550.0
                         一般      女子   47   TOT    可児　理恵    1979   46.75   344.0   サブジュニア   男子    53    SQ     松崎　涼    1999   52.70    160.0
                        サブジュニア   女子   43   SQ     浜田　華澄    2000   41.02    82.5   サブジュニア   男子    53    BP     松崎　涼    1999   52.70     88.0
                        サブジュニア   女子   43   BP     浜田　華澄    2000   41.02    45.0   サブジュニア   男子    53    DL     松崎　涼    1999   52.70    185.0
                        サブジュニア   女子   43   DL     浜田　華澄    2000   41.02   100.0   サブジュニア   男子    53    TOT    松崎　涼    1999   52.70    433.0
                        サブジュニア   女子   43   TOT    浜田　華澄    2000   41.02   227.5
                        サブジュニア   女子   43   S-BP   浜田　華澄    2000   41.02    45.0
                                 男子 クラブ対抗団体戦                                                     女子 クラブ対抗団体戦
                                                                                             女子 クラブ対抗団体戦
団体名      ＴＸＰ                                         団体名     ＭＢＣ　ＰＯＷＥＲ
 階級      カテゴリー 氏名                 順位        得点       階級      カテゴリー 氏名         順位        得点         団体名    ＴＸＰ
 74kg      Ｊｒ      鈴木　馨太               12        1   83kg     一般     石川　良平         25          1   階級     カテゴリー 氏名           順位       得点
 74kg      Ｊｒ      谷澤　直紀                4        5   93kg     一般     宇佐美　清孝         1         12   57kg     Ｊｒ    小林　展代           1        8
105kg      Ｊｒ      坂本　寛明                1        8   105kg    一般     神野　亮司          6          5   52kg     一般    糸井　千都香          3        8
 66kg      一般      小林　一貴               14        1                                                 63kg     一般    山崎　まりな          4        7
 74kg      一般      池上　宏樹                3        8                   合計得点     6位              18   72kg     一般    金子　睦            4        7
 83kg      一般      義田　大峰               22        1
 83kg      一般      横田　正敏                2        9   団体名     雷神ファクトリー                                             合計得点       1位        30
 83kg      一般      迫田　泰英               14        1   階級      カテゴリー 氏名         順位        得点
 93kg      一般      根立エリキベニシオ           14        1   66kg     一般     井上　雄介          1         12   団体名    スーパーアサマトレーニングクラブ
 93kg      一般      古賀　夕太郎               7        4   66kg     一般     西村　直也          6          5   階級     カテゴリー 氏名           順位       得点
105kg      一般      武田　裕介                1    12      74kg     一般     藤原　和人         27          1   52kg     一般    木村　初子           1    12
120kg      一般      山崎　大介                4        7                                                 52kg     一般    磯田　あかね          2        9
120kg超     一般      海老田　旭                1    12                      合計得点     7位              18   57kg     一般    三浦　恵美子     -
                                                                                                   63kg     一般    鈴木　恭子           6        5
                   合計得点           1位         49      団体名     ちからこぶ
                                                     階級      カテゴリー 氏名         順位        得点                        合計得点       2位        26
団体名      ノーリミッツ                                      66kg      Ｊｒ    杉浦　康宏          2          7
 階級      カテゴリー 氏名                 順位        得点       93kg      Ｊｒ    榊原　蓮           7          2   団体名    ちからこぶ
120kg超     Ｊｒ      齋藤　颯汰                1        8   66kg     一般     杉浦　康宏          3          8   階級     カテゴリー 氏名           順位       得点
 66kg      一般      吉原　健太               17        1   74kg     一般     神谷　正人         24          1   63kg     一般    中根　春美           8        3
 74kg      一般      デヴィン　マクドナルド          4        7                                                 63kg     一般    上田　早穂           2        9
 83kg      一般      大谷　朋男               30        1                   合計得点     8位              18   84kg     一般    梅村　優子           1    12
 93kg      一般      風張　透                 2        9
                                                     団体名     スーパーアサマトレーニングクラブ                                     合計得点       3位        24
                   合計得点           2位         26      階級      カテゴリー 氏名         順位        得点
                                                     59kg     一般     丹　優樹          10          1   団体名    京都学園大学
団体名      京都学園大学                                      59kg     一般     三河　涼           6          5   63kg     Ｊｒ    堤　彩夏            1        8
 階級      カテゴリー 氏名                 順位        得点       66kg     一般     槻　大二郎         13          1   72kg     Ｊｒ    窓場　加津紗          1        8
 74kg      Ｊｒ      江川　昂汰                3        6   74kg     一般     鍋倉　光          13          1   63kg     一般    堤　彩夏            3        8
 83kg      Ｊｒ      本庄　孝           -                  120kg    一般     松澤　孝信          5          6
 93kg      Ｊｒ      古川　潤                 1        8                                                                合計得点       4位        24
 93kg      一般      古川　潤                 5        6                   合計得点     9位              14


                   合計得点           3位         20      団体名     パワーフィットネス
                                                     階級      カテゴリー 氏名         順位        得点
団体名      慶應義塾                                        83kg      Ｊｒ    仲田　廣人          1          8
 階級      カテゴリー 氏名                 順位        得点       66kg     一般     竹川　佳克         16          1
 74kg      ＳＪｒ     工藤　瑛士                2        7   83kg     一般     仲田　廣人          7          2
 66kg      Ｊｒ      東　真彦                 3        6
 66kg      Ｊｒ      矢﨑　尚悟                7        2                   合計得点     10位             11
 83kg      Ｊｒ      林　弘一郎                4        5
                                                     団体名     パワーハウス赤穂
                   合計得点           4位         20      階級      カテゴリー 氏名         順位        得点
                                                     66kg     一般     藤井　輝     -
団体名      Ｆ．Ｔ．ＧＹＭ                                     74kg     一般     釣船　雅俊         26          1
 階級      カテゴリー 氏名                 順位        得点       83kg     一般     西本　良亮         27          1
 66kg      Ｊｒ      鈴木　康之                4        5   105kg    一般     幸喜　輝明          7          4
 66kg      一般      宮崎　賀寿雄               9        2
 83kg      一般      福島　勇輝                1    12                      合計得点     11位              6


                   合計得点           5位         19      団体名     デンソー刈谷パワークラブ
                                                     階級      カテゴリー 氏名         順位        得点
                                                     66kg     一般     近藤 大祐         11          1
                                                     74kg     一般     伊藤　知樹         15          1
                                                     105kg    一般     二宮　正晴         11          1


                                                                     合計得点     12位              3
                                          男子 都道府県対抗団体戦                                                                                             女子 都道府県対抗団体戦
都道府県      東京都                                                    都道府県      青森県                                                         都道府県 愛知県
  階級      カテゴリー   氏名       所属                  順位 得点               階級      カテゴリー   氏名       所属                       順位       得点        階級   カテゴリー     氏名       所属                    順位       得点
  74kg      Jr    鈴木　馨太    ＴＸＰ                   12  1             59kg      SJr   村岡　和     東奥義塾高校                        3        6    47kg  一般       青木 千明    名城大学校友修練会                  3        8
  74kg      Jr    谷澤　直紀    ＴＸＰ                    4  5             59kg      SJr   水谷　綾介    東奥義塾高校                        4        5    52kg  一般       鈴木　静     ゴールドジム名古屋金山           -
  83kg      Jr    磯島　望宏    個人                     5  4             59kg      SJr   石田　輝彦    東奥義塾高校                        2        7    52kg  一般       堀　友貴子    Ｐｏｗｅｒ　Ｌｉｎｅ                 4     7
  93kg      Jr    軍司　和貴    個人                     2  7             66kg      SJr   三上　勝矢    東奥義塾高校                        3        6    57kg  一般       番 詩織     個人                         2     9
  93kg      Jr    鈴木　和也    首都大学東京                 4  5             83kg      SJr   念代　朋哉    東奥義塾高校                        4        5    63kg  一般       中根　春美    ちからこぶ                      8     3
  105kg     Jr    坂本　寛明    ＴＸＰ                    1  8             105kg    一般     越前　祐輔    ＰＯＷＥＲ　ＢＯＸ                     9        2    63kg  一般       上田　早穂    ちからこぶ                      2     9
  105kg     Jr    田中　章太    個人                     4  5             120kg    一般     田邊　秀将    個人                            3        8    84kg  一般       梅村　優子    ちからこぶ                      1    12
 120kg超     Jr    齋藤　颯汰    ノーリミッツ                 1  8            120kg超    一般     秋山　継徳    個人                            2        9
  66kg     一般     荒木　雄介    中央市場トレーニング部           15  1                                                                                                          合計得点                      1位    45
  66kg     一般     吉原　健太    ノーリミッツ                17  1                                      合計得点                     6位        36
  66kg     一般     小林　一貴    ＴＸＰ                   14  1                                                                                 都道府県    東京都
  66kg     一般     上田　孝道    個人                     4  7           都道府県 沖縄県                                                               階級     カテゴリー   氏名       所属                    順位       得点
  74kg     一般     デヴィン　マクドナルド
                           ノーリミッツ                 4  7            階級   カテゴリー       氏名       所属                       順位       得点        57kg     Ｊｒ    小林　展代    ＴＸＰ                        1        8
  74kg     一般     池上　宏樹    ＴＸＰ                    3  8            74kg   Jr        矢木　龍馬    POWERSPORT                    1     8       47kg    一般     西川　裕子    個人                         5        6
  83kg     一般     片桐　圭一    個人                    17  1            59kg  一般         宮城　善     ＭＯＺＵ ｋｉｍｕ                     3     8       52kg    一般     糸井　千都香   ＴＸＰ                        3        8
  83kg     一般     原田　勢司    個人                    29  1            74kg  一般         合田　隆宏    Ｔｅａｍ　Advance                  7     4       52kg    一般     岩井　知子    個人                    -
  83kg     一般     永井　肇     個人                     5  6            74kg  一般         比嘉　善浩    POWERSPORT                    1    12       63kg    一般     山崎　まりな   ＴＸＰ                        4     7
  83kg     一般     義田　大峰    ＴＸＰ                   22  1            83kg  一般         大城　王寛    Ｔｅａｍ　Ｇｕｔｅｉ                    9     2       63kg    一般     芦川　聖子    パワーハウス                     9     2
  83kg     一般     横田　正敏    ＴＸＰ                    2  9                                                                                  63kg    一般     前野　由衣    個人                         5     6
  83kg     一般     迫田　泰英    ＴＸＰ                   14  1                                      合計得点                     7位        34       72kg    一般     岡田　有加    個人                         1    12
  83kg     一般     信田　泰宏    個人                     3  8                                                                                  72kg    一般     金子　睦     ＴＸＰ                        4     7
  83kg     一般     栗原　弘教    個人                    19  1           都道府県 神奈川県
  83kg     一般     大谷　朋男    ノーリミッツ                30  1            階級    カテゴリー      氏名       所属                       順位       得点                                合計得点                  2位        42
  83kg     一般     長尾　潤     個人                    15  1            74kg    SJr      工藤　瑛士    慶應義塾                          2        7
  93kg     一般     風張　透     ノーリミッツ                 2  9            66kg    Jr       東　真彦     慶應義塾                          3        6   都道府県 神奈川県
  93kg     一般     根立エリキベニシオＴＸＰ                   14  1            66kg    Jr       矢﨑　尚悟    慶応義塾                          7        2    階級   カテゴリー     氏名       所属                    順位       得点
  93kg     一般     古賀　夕太郎   ＴＸＰ                    7  4            83kg    Jr       林　弘一郎    慶應義塾                          4        5    43kg   ＳＪｒ     浜田　華澄    厚木商業高校                     1     8
  105kg    一般     富永　雪路    個人                    10  1            59kg   一般        佐々木　亮平   ﾊﾟｰﾌｪｸﾄ･ﾎﾞﾃﾞｨｰ･ｸﾘｴｰｼｮﾝ       19        1    52kg  一般       木村　初子    ｽｰﾊﾟｰｱｻﾏﾄﾚｰﾆﾝｸﾞｸﾗﾌﾞ        1    12
  105kg    一般     武田　裕介    ＴＸＰ                    1 12            59kg   一般        丹　優樹     ｽｰﾊﾟｰｱｻﾏﾄﾚｰﾆﾝｸﾞｸﾗﾌﾞ          10        1    52kg  一般       磯田　あかね   ｽｰﾊﾟｰｱｻﾏﾄﾚｰﾆﾝｸﾞｸﾗﾌﾞ        2     9
  105kg    一般     岩波　吾猛    個人                     8  3            59kg   一般        三河　涼     ｽｰﾊﾟｰｱｻﾏﾄﾚｰﾆﾝｸﾞｸﾗﾌﾞ           6        5    57kg  一般       三浦　恵美子   ｽｰﾊﾟｰｱｻﾏﾄﾚｰﾆﾝｸﾞｸﾗﾌﾞ   -
  120kg    一般     山崎　大介    ＴＸＰ                    4  7            66kg   一般        安部　航     個人                           19        1    63kg  一般       鈴木　恭子    ｽｰﾊﾟｰｱｻﾏﾄﾚｰﾆﾝｸﾞｸﾗﾌﾞ        6        5
 120kg超    一般     海老田　旭    ＴＸＰ                    1 12            66kg   一般        槻　大二郎    ｽｰﾊﾟｰｱｻﾏﾄﾚｰﾆﾝｸﾞｸﾗﾌﾞ          13        1
                                                                  74kg   一般        鍋倉　光     ｽｰﾊﾟｰｱｻﾏﾄﾚｰﾆﾝｸﾞｸﾗﾌﾞ          13        1                            合計得点                  3位        34
                           合計得点                1位        50       83kg   一般        後藤　政史    横浜ワンダースリー                    24        1
                                                                  83kg   一般        谷澤　一矢    横浜ﾏﾘﾝﾄﾚｰﾆﾝｸﾞｼﾞﾑ              23        1   都道府県    京都府
都道府県 兵庫県                                                          83kg   一般        松尾　堅太朗   筋トレクラブまっちゃん                   4        7    階級     カテゴリー   氏名       所属                    順位       得点
 階級    カテゴリー      氏名       所属                  順位       得点        93kg   一般        鈴木　達史    個人                           13        1    57kg     ＳＪｒ   大西　翔子    京都府立北桑田高校                  1     8
 74kg    Jr       福田　忠浩    マッスルプロダクション              2        7    93kg   一般        内藤　宏二    個人                       -                  57kg    一般     中井　美貴子   個人                         1    12
 59kg   一般        大谷　剛史    マッスルプロダクション              4        7    120kg  一般        松澤　孝信    ｽｰﾊﾟｰｱｻﾏﾄﾚｰﾆﾝｸﾞｸﾗﾌﾞ           5        6    63kg    一般     西田　万留々   個人                         1    12
 66kg   一般        藤井　輝     パワーハウス赤穂            -                 120kg超  一般        加瀬　智     Ｋ’Ｓ　ＧＹＭ横浜                     3        8
 66kg   一般        井上　雄介    雷神ファクトリー                 1    12                                                                                                     合計得点                  4位        32
 66kg   一般        西村　直也    雷神ファクトリー                 6     5                                 合計得点                     8位        34
 74kg   一般        釣船　雅俊    パワーハウス赤穂                26     1                                                                            都道府県 関西学生連盟
 74kg   一般        藤原　和人    雷神ファクトリー                27     1      都道府県      埼玉県                                                          階級   カテゴリー 氏名           所属                    順位       得点
 83kg   一般        西本　良亮    パワーハウス赤穂                27     1       階級       カテゴリー   氏名       所属                       順位       得点        43kg   Ｊｒ  上野　円香        岡山大学                       1        8
 105kg  一般        幸喜　輝明    パワーハウス赤穂                 7     4       74kg       Jr    峯　彰宏     加須トレーニングジム                    5        4    63kg   Ｊｒ  堤　彩夏         京都学園大学                     1        8
 120kg  一般        阪田　達也    個人                       1    12       93kg       Jr    宮　元気     個人                            3        6    72kg   Ｊｒ  窓場　加津紗       京都学園大学                     1        8
                                                                  74kg      一般     伊勢崎　勝史   個人                            2        9    63kg  一般   堤　彩夏         京都学園大学                     3        8
                           合計得点                2位        43       93kg      一般     高木　啓樹    ストロングライン                     11        1
                                                                  105kg     一般     中根　孝弘    個人                            4        7                            合計得点                  5位        32
都道府県 愛知県                                                          105kg     一般     浜田　誠司    個人                            5        6
 階級    カテゴリー      氏名       所属                  順位       得点                                                                             都道府県 全国高校連盟
 66kg    Jr       杉浦　康宏    ちからこぶ                    2     7                                 合計得点                     9位        32       階級   カテゴリー 氏名           所属                    順位       得点
 83kg    Jr       仲田　廣人    パワーフィットネス                1     8                                                                             63kg   ＳＪｒ 野村　優         京都府立農芸高校                   2        7
 93kg    Jr       榊原　蓮     ちからこぶ                    7     2      都道府県 千葉県                                                               84kg   ＳＪｒ オヌ　花         常総学院高校                     1        8
 59kg   一般        石川　康二    Ｃｕｒｅ－Ｃａｒｅ               16     1       階級    カテゴリー      氏名       所属                       順位       得点        47kg   Ｊｒ  菊池　雅         春日部共栄高校                    1        8
 59kg   一般        犬飼　雄基    個人                       7     4      120kg超   SJr      小柳　拓夢    TEAM KASHIWA FITNESS          1        8    57kg   Ｊｒ  浦野　萌々        草加高校                       2        7
 59kg   一般        宮下　直幸    個人                      18     1       66kg    Jr       米本　大郎    clubポインズ                      6        3
 66kg   一般        杉浦　康宏    ちからこぶ                    3     8       74kg    Jr       内藤　潤     TEAM KASHIWA FITNESS          6        3                            合計得点                  6位        30
 66kg   一般        近藤 大祐    デンソー刈谷パワークラブ            11     1       93kg    Jr       小久保　耀太   TEAM KASHIWA FITNESS          6        3
 66kg   一般        竹川　佳克    パワーフィットネス               16     1       59kg   一般        水野　貴章    ゴールドシム成田千葉                    5        6
 66kg   一般        吉本　文俊    蒲郡トレーニングセンター            20     1       74kg   一般        小泉　安弘    CLUBポインズ                      9        2
 74kg   一般        戸川　俊輔    Ｃｕｒｅ－Ｃａｒｅ               23     1       74kg   一般        仲村　龍治    個人                           11        1
 74kg   一般        伊藤　知樹    デンソー刈谷パワークラブ            15     1       74kg   一般        林　二士     個人                           17        1
 74kg   一般        阿部　仁志    サン笠寺                    20     1       74kg   一般        渋谷　優輝    TEAM KASHIWA FITNESS          6        5
 74kg   一般        日比野　智之   東名アスレチック                12     1       83kg   一般        田村　僚馬    個人                           21        1
 74kg   一般        神谷　正人    ちからこぶ                   24     1       93kg   一般        西川　洋祐    個人                            4        7
 74kg   一般        浅野　勇一    ゴールドジム名古屋金山             25     1       93kg   一般        神尾　明宏    個人                           12        1
 83kg   一般        石川　良平    MBC POWER               25     1
 83kg   一般        三輪　景吾    東名アスレチック                 8     3                                 合計得点                     10位       29
 83kg   一般        仲田　廣人    パワーフィットネス                7     4
 83kg   一般        日高　豪志    ゴールドジム名古屋金山             11     1      都道府県 関西学生連盟
 83kg   一般        鈴木　聖矢    Ｐｏｗｅｒ　Ｌｉｎｅ              18     1       階級   カテゴリー 氏名             所属                       順位       得点
 83kg   一般        藤枝　幸司    愛知県警察バ－ベルクラブ            13     1       74kg   Jr  江川　昂汰          京都学園大学                        3        6
 93kg   一般        宇佐美　清孝   MBC POWER                1    12       83kg   Jr  本庄　孝           京都学園大学                   -
 93kg   一般        大矢　浩貴    昭和ＳＣ                    15     1       93kg   Jr  古川　潤           京都学園大学                        1        8
 105kg  一般        二宮　正晴    デンソー刈谷パワークラブ            11     1       93kg  一般   古川　潤           京都学園大学                        5        6
 105kg  一般        神野　亮司    MBC POWER                6     5
 105kg  一般        田原　優貴    蒲郡トレーニングセンター            12     1                                 合計得点                     11位       20

                           合計得点                3位        40      都道府県 静岡県
                                                                  階級   カテゴリー       氏名       所属                       順位       得点
都道府県 全国高校連盟                                                       66kg   Jr        鈴木　康之    Ｆ．Ｔ．ＧＹＭ                       4     5
 階級    カテゴリー 氏名            所属                  順位       得点        66kg  一般         宮崎　賀寿雄   Ｆ．Ｔ．ＧＹＭ                       9     2
 53kg    SJr 松崎　涼          浦和学院高校                   1        8    74kg  一般         村永　陵次    個人                           19     1
 53kg    SJr 山田　真哉         浦和学院高校                   2        7    83kg  一般         福島　勇輝    Ｆ．Ｔ．ＧＹＭ                       1    12
 59kg    SJr 山﨑　悠生         京都府立農芸高校                 1        8
 66kg    SJr 内野　力仁         浦和学院高校                   2        7                              合計得点                     12位       20
 66kg    SJr 武藤　隼人         越谷北高校                    1        8
 74kg    SJr 片倉　渉          常総学院高校                   1        8   都道府県      大阪府
 83kg    SJr 富田　慎之介        浦和学院高校                   3        6   階級        カテゴリー   氏名       所属                       順位 得点
 83kg    SJr シルバ　英樹        国士舘高校                    1        8     59kg      一般    小巻　建方朗   個人                         14  1
 105kg   SJr 山田　将弘         浦和学院高校                   1        8     74kg      一般    大島　逸生    TEAM　ＲＥＤ VOLTAGE            5  6
                                                                   83kg      一般    村井　優哉    個人                         16  1
                           合計得点                4位        40        93kg      一般    森　隆博     Ｋ’Ｓ　ＧＹＭ                     9  2
                                                                  120kg超     一般    安井　篤史    シロクマパワージム                   5  6
都道府県      関東学生連盟
 階級       カテゴリー 氏名         所属                  順位       得点                                  合計得点                     13位       16
 66kg       Jr  木内　陽介      青山学院大学                   1        8
 83kg       Jr  宇津木　啓      東洋大学                     3        6   都道府県      岡山県
 83kg       Jr  石田　典大      東京理科大学                   6        3    階級       カテゴリー   氏名       所属                       順位       得点
 105kg      Jr  大原　友海      早稲田大学                    3        6    83kg       Jr    藤森　裕人    個人                       -
 105kg      Jr  荒川　龍一      学習院大学ｳｴｲﾄﾄﾚｰﾆﾝｸﾞ部        2        7    59kg      一般     大内　俊幸    個人                            8        3
 59kg      一般   佐竹　優典      青山学院大学                   2        9    105kg     一般     大光　智史    岩崎ＢＣ津山                        3        8
 66kg      一般   古清水　駿      国際武道大学                   2        9
                                                                                            合計得点                     14位       11
                           合計得点                5位        39
                                                                 都道府県      京都府
                                                                  階級       カテゴリー   氏名       所属                       順位 得点
                                                                  74kg       Jr    河南　文人    京都府立北桑田高校                  11  1
                                                                  83kg      一般     川口　充     個人                         10  1
                                                                  74kg      一般     山口　貞行    個人                         18  1

                                                                                            合計得点                     15位           3
