                                    BWt     WtCls                                          Best                           Best           Sub   Deadlift Deadlift Deadlift  Best                   Coeff
       Name            Age    Div                   Schwartz   Squat 1 Squat 2 Squat 3           Bench 1 Bench 2 Bench 3                                                              PL Total            Pl-Div-WtCl        Team
                                    (Lb)    (Lb)                                          Squat                          Bench          Total    1        2        3      Deadlift                Score
  Jennifer Gimmel      28    FOG    199.4   SHW     0.8625     347.22   374.78   402.34   402.34 242.51 -259.04 259.04 259.04           661.38 319.67 -341.71 -341.71 319.67          981.05     383.8125 1-FOG-SHW       Powercorps
    Kelli Michael      32    FOR    147.5    148    1.0272     137.79   154.32   165.35   165.35 77.161 88.184 -93.696 88.184           253.53 154.32 176.37 203.93 203.93            457.45     213.144   1-FOR-148      Hell's Lovers

    Mike Wagner        44    MM2G 232.4      242    0.5968     451.94   540.13   584.22   584.22   297.62   352.74 -369.27 352.74       936.96   496.04 -551.15 -551.15 496.04        1432.99     387.92    1-MM2G-242

     Tim Wilke         36    MM1G 241.3      242    0.5893     628.31   699.96     0      699.96   374.78   391.32   402.34    402.34   1102.3   617.29   650.36 -661.38 650.36       1752.66    468.4935 1-MM1G-242                      *Best Lifter Full Power

    Les Bencze         53    MM3G 162.8      165    0.7207     352.74   374.78 -385.81 374.78      187.39   214.95 -225.97 214.95       589.73   330.69   358.25   374.78    374.78   964.51     315.30625 1-MM3G-165

    Rob Buchla         46    MM6R 195.6      198    0.6432     380.29 -413.36 435.41      435.41   264.55   297.62   314.16    314.16   749.56   407.85   468.48   490.52    490.52   1240.09      361.8    1-MM6R-198    Powercorps

   Nick Frazzetta      47    MM6R   254.8    275    0.5803     407.85   440.92 -496.04 440.92      -336.2   352.74 -363.76 352.74       793.66   451.94   468.48   501.55    501.55   1295.20    340.92625 1-MM6R-275
                             MM2R
    Kevin Farley       44      T    214.2    220    0.6158     402.34   429.9    451.94   451.94   330.69   352.74 -363.76 352.74       804.68   451.94 -501.55      0       451.94   1256.62     351.006   1-MM2RT-220
                             MM2R
     Bull Huber        43      T    307.9    308    0.559      165.35     0        0      165.35   165.35     0        0       165.35   330.69   501.55   534.62   545.64    545.64   876.33     222.2025 1-MM2RT-308     Hell's Lovers
                             MT2R
   David Aleman        16      T    162.5    165    0.7214     292.11   319.67   341.71   341.71   187.39   214.95   231.48    231.48   573.2    275.58   325.18   352.74    352.74   925.93      302.988   1-MT2RT-165   Powercorps
                             MT2R
      DJ Nelson        16      T    193.1    198    0.6475     270.06 303.13 336.2     336.2 187.39 214.95 -236.99 214.95               551.15   308.64 347.22      369.27   369.27   920.42     270.33125 1-MT2RT-198    Powercorps
     Tyler Scott       18     MT3   195.7    198    0.6428     314.16 -347.22 358.25 358.25 -242.51 -270.06 270.06 270.06               628.31   314.16 369.27      413.36   413.36   1041.67     303.723   1-MT3-198     Powercorps
    Andrew Scott       18     MT3   198.5    220    0.6384     314.16 341.71 -374.78 341.71 242.51 270.06 -286.6 270.06                 611.78   314.16 374.78      396.83   396.83   1008.60     292.068   1-MT3-220     Powercorps
    Jayson Eddy        19     MT3   275.9    308    0.5698     451.94 485.01 512.57 512.57 319.67 -341.71 -341.71 319.67                832.24   501.55 523.59     -540.13   523.59   1355.83     350.427   1-MT3-308
   Austin Breunig      14     MT1   123.5    132    0.9103     214.95 231.48 253.53 253.53 115.74 137.79 154.32 154.32                  407.85   225.97 248.02      275.58   275.58   683.43      282.193   1-MT1-132     Powercorps
     Josh Nilsen       20     MJR   161.3    165    0.7249     314.16 352.74 380.29 380.29 281.09 314.16 -330.69 314.16                 694.45   402.34 429.9       440.92   440.92   1135.37     373.3235 1-MJR-165       ZenZen
    Eric Rudolph       20     MJR   179.9    181    0.6744     297.62 319.67 336.2     336.2 225.97 -231.48 231.48 231.48               567.68   297.62 314.16      347.22   347.22   914.91      279.876   1-MJR-181     Powercorps
 Alex Camacho (Jr)     23     MJR   236.4    242    0.5933     473.99 490.52 -507.06 490.52 314.16 325.18 -341.71 325.18                815.7    501.55 540.13       573.2   573.2    1388.90     373.779   1-MJR-242     Powercorps
   Zach Mayfield       20     MJR    269     275    0.5728     385.81 -424.39 -451.94 385.81 336.2 -369.27 -407.85 336.2                722.01   457.45 -507.06     507.06   507.06   1229.06     319.336   1-MJR-275
                             MM3R
   Thomas Drake        54      T     297     308    0.5622 -446.43 446.43 485.01 485.01 352.74 374.78                 391.32   391.32   876.33   501.55 540.13 567.68 567.68          1444.01    368.241 1-MM3RT-308 Strength Beyond
     Nick Skridla      32    MOG     154     165    0.7502 -314.16 325.18 -358.25 325.18 225.97 -253.53              -253.53   225.97   551.15    429.9 -451.94 -451.94 429.9         981.05     333.839   1-MOG-165
  Joshua Anderson      32    MOG    291.8    308    0.5638 600.75 628.31 650.36 650.36 457.45 479.5                  -507.06   479.5    1129.9   628.31 672.4 -705.47 672.4           1802.26    460.9065 1-MOG-308
    Nick Detman        30    MOG    333.5   SHW     0.5526 683.43 744.05 -804.68 744.05 496.04 534.62                -562.17   534.62   1278.7   545.64 -600.75 -600.75 545.64        1824.31    457.2765 1-MOG-SHW Powercorps
   Victor Forchette    37    MOR    198.5    220    0.6384 473.99 -490.52 -490.52 473.99 -264.55 -281.09             -281.09     0        0      462.97 479.5 490.52 490.52            0.00          0         0
   Patrick Warren      24    MOR     210     220    0.6211 418.87 435.41 457.45 457.45 -314.16 -319.67               -319.67     0        0       479.5 518.08 -556.66 518.08          0.00          0         0
      Tim Filus        28    MOR    234.7    242    0.5946 496.04 529.1 551.15 551.15 363.76 391.32                  -407.85   391.32   942.47   496.04 534.62 562.17 562.17          1504.64    405.8145 1-MOR-242    Powercorps
     Larry Brown       30    MOR    241.5    242    0.5893 451.94 490.52 -518.08 490.52 308.64 336.2                  374.78   374.78   865.31   540.13 578.71 611.78 611.78          1477.08    394.831   2-MOR-242

Alex Camacho (Open)    23    MOR    236.4    242    0.5933     473.99   490.52 -507.06 490.52      314.16   325.18 -341.71 325.18       815.7    501.55   540.13    573.2    573.2    1388.90     373.779   3-MOR-242     Powercorps
      Jesse Brill      29    MOR    233.8    242    0.5954     402.34   424.39 446.43 446.43       303.13   314.16 -336.2 314.16        760.59   402.34   424.39   462.97    462.97   1223.55     330.447   4-MOR-242

Chris "Herm" Hartman   24    MOR    275      275    0.5701     595.24   617.29   -622.8   617.29   424.39   435.41   451.94    451.94   1069.2   551.15   589.73   606.27    606.27   1675.50     433.276   1-MOR-275     Powercorps      *Best Lifter RAW F.P.
                             MO-
   James Pligge        24     RT    177.3    181    0.6806     407.85   429.9    446.43   446.43   292.11   303.13   314.16    314.16   760.59   457.45   501.55   540.13    540.13   1300.71     401.554   1-MO-RT-181   Powercorps
                             MO-
Andy Dyreson (Raw)     25     RT    196.1    198    0.6421     407.85   451.94   485.01   485.01   253.53   286.6      0       286.6    771.61   501.55   551.15   573.2     573.2    1344.81     391.681   1-MO-RT-198"Needs A Sponsor"
                             MO-
    Kraig Kalka        30     RT    210.1    220    0.6211     429.9    473.99   501.55   501.55   314.16 -325.18 -325.18 314.16        815.7    501.55 -545.64 -545.64 501.55        1317.25    371.10725 1-MO-RT-220
                         MO-
Andy Dyreson (Eq)   25   GT    196.1   198   0.6421   407.85   451.94   485.01   485.01   253.53   286.6   0   286.6   771.61   501.55   551.15   573.2   573.2   1344.81   391.681   1-MO-GT-198"Needs A Sponsor"
                                       BWt     WtCls                                            Best       Coeff
Name                       Age   Div                   Schwartz   Bench 1 Bench 2 Bench 3                           Pl-Div-WtCl     Team
                                       (Lb)    (Lb)                                            Bench       Score
Ryan Michie                23  MJE     215.8    220    0.6139     402.34    -429.9    -429.9   402.34   112.03675    1-MJE-220      ZenZen
Mike Rumple                70 MM7R      208     220    0.6241     159.83   -170.86    170.86   170.86    48.36775   1-MM7R-220    Powercorps
Bryan Hoffman              37 MM1G     234.1    242    0.5952     617.29   -655.87    705.47   705.47     190.464   1-MM1G-242     Hoffman
Dwight Roberson (UPA)      46 MM6R     219.6    220    0.6096     352.74    369.27   -385.81   369.27     102.108   1-MM6R-220    Powercorps    *Best Lifter Raw Bench Only
Dwight Roberson (UPA-AD)   46 MM6RT    219.6    220    0.6096     352.74    369.27   -385.81   369.27     102.108   1-MM6RT-220   Powercorps
Gage Lovely                13 MT1G     123.1    123    0.9135     132.28     143.3   -154.32   143.30     59.3775   1-MT1G-123     Hoffman
Corey Cavitt               17  MT2     199.2    220     0.637      336.2    358.25    380.29   380.29    109.8825    1-MT2-220    Powercorps
Divale Roberson (UPA-AD)   20 MJRT     146.4    148    0.7813     270.06    281.09     286.6   286.60     101.569   1-MJRT-148    Powercorps
Divale Roberson (UPA)      20  MJR     146.4    148    0.7813     270.06    281.09     286.6   286.60     101.569    1-MJR-148    Powercorps
Chad Roscoe                20  MJR     172.4    181    0.6927     248.02    275.58    314.16   314.16    98.70975    1-MJR-181    Powercorps
Tommy Harrison (UPA)       36  MOG     303.8    308    0.5602     705.47   -854.28    865.31   865.31    219.8785    1-MOG-308     Gladiators   *Best Lifter Bench Only
Al Kennedy                 51  MM3      222     242    0.6069     303.13     336.2   -358.25   336.20    92.55225    1-MM3-242     Gladiators
Jamie Hernandez            35  MM1     148.2    148    0.7738     225.97    253.53   -264.55   253.53      88.987    1-MM1-148    Powercorps
Tommy Harrison (UPA-AD)    36 MO-GT    303.8    308    0.5602     705.47   -854.28    865.31   865.31    219.8785   1-MO-GT-308    Gladiators
