WkdWbVlYVnNkR1J2YldGcGJueDFjMkZ3YkcxcGMzTnBjM...                                                                                              https://doc-0k-b0-docsviewer.googleusercontent.com/viewer/secu...


   12/10/2011                                                                          American Open & Police and Fire Nationals
                                                                                                                                                                                                                                        (3)
   Powerlifting Results                 Bwt     WtCls          Wilks          Age SQ                                  Best     BP                               Best    Sub                              Best    (1) PL      (2)               Pl
                          Team   Div                    lot#            Age                SQ-1     SQ-2     SQ-3                    BP-1     BP-2     BP-3                     DL-1    DL-2    DL-3                                   Age-        Pl-Div- WtCls-Evt
   Name                                 (kg)     (kg)          Coeff          Coeff rack                              SQ      rack                              BP      Total                             DL     Total    Wilks Pts           Code
                                                                                                                                                                                                                                       Wilks
   Ashlee Grisham                 F-O   51.3     52     17     1.2597   19    1.04    10     80      -92.5     -95     80     10-3   -37.5      40       -45   40        120     80     97.5    112.5    112.5    232.5   292.880     304.595  1      1-F-O-52-PL
   Patricia Maizels               F-O   65.77   67.5    30      1.04    34      1     13   137.5    -142.5   -142.5   137.5   3-0     55       57.5      -60  57.5       195    -140    -140     140      140      335    348.400      0.000   1     1-F-O-67.5-PL
   Patrice Lockhart              F-SO    88      90     7      0.6459   29      1     12     -25      25      27.5    27.5    12-5    45        50       -55   50       77.5    102.5   -115     115      115     192.5   124.336      0.000   1     1-M-SO-90-PL
   Tyler "Bear" Maizels          M-Y    48.7     52     18     1.0532   13    #N/A    10     90      -92.5    92.5    92.5    10      40       42.5      -45  42.5       135     100    102.5    105      105      240    252.768      #N/A    1      1-M-Y-52-PL
   Ian Celstin                    M-T   50.3     52     12     1.0166   17    1.08    10    -105     -105     105      105    10-4    60        65       75    75        180    142.5   157.5    -165    157.5    337.5   343.103     370.551  1      1-M-T-52-PL
   Andrew Hoang                  M-JR    59      60     8      0.8662   20    1.03    12   147.5    162.5     175      175    12-4   77.5       85       90    90        265     175     190    212.5    212.5    477.5   413.610     426.019  1     1-M-JR-60-PL
   Michael Blaize                M-M3   59.8     60     25     0.8555   62    1.393   10   102.5    112.5     -120    112.5   10-3    55        60       65    65       177.5    120     130     -140     130     307.5   263.066     366.451  1     1-M-M3-60-PL
   Adrian McGhee                 M-SO   58.7     60     20     0.8703           0     14     100    117.5    137.5    137.5   14-1    70       77.5      -80  77.5       215    137.5    165     -170     165      380    330.714      0.000   1     1-M-SO-60-PL
   Curtis Spencer                M-O     66     67.5    2      0.7852   18    1.06    12     185      200     220      220    12-3    95       110      130    130       350     185    227.5    -245    227.5    577.5   453.453     480.660  1     1-M-O-67.5-PL
   Vincent Glorioso              M-O    63.27   67.5    29     0.8136   22    1.01    12     165    172.5     -180    172.5   8-0    -92.5     92.5     100    100      272.5    195    -210     -210     195     467.5   380.358     384.162  1     2-M-O-67.5-PL
   Curtis Spencer                 M-T    66     67.5    2      0.7852   18    1.06    12     185      200     220      220    12-3    95       110      130    130       350     185    227.5    -245    227.5    577.5   453.453     480.660  1     1-M-T-67.5-PL
   Vincent Glorioso              M-JR   63.27   67.5    29     0.8136   22    1.01    12     165    172.5     -180    172.5   8-0    -92.5     92.5     100    100      272.5    195    -210     -210     195     467.5   380.358     384.162  1    1-M-JR-67.5-PL
   Andre McGhee                  M-SO   63.7    67.5    19     0.8089           0     13    -100      100    -102.5    100    14-1    55        60      72.5 72.5       172.5    100     125    137.5    137.5     310    250.759      0.000   1    1-M-SO-67.5-PL
   Hunter Poole                  M-O     74      75     32     0.7193   24      1     13     115      135     -155     135    12-5    80      -107.5   -107.5 80         215     125    157.5    175      175      390    280.527      0.000   1      1-M-O-75-PL
   Joe Keith                     M-RO   72.1     75     13     0.733    29      1     12     165      175     180      180    12-3    140     -147.5   147.5 147.5      327.5    175     190    -197.5    190     517.5   379.327      0.000   1     1-M-RO-75-PL
   Steven Juraszek               M-M1    73      75     11     0.7264   41    1.01    15     135      145     155      155    12-6   142.5    -152.5   152.5 152.5      307.5    130     145    162.5    162.5     470    341.408     344.822  1     1-M-M1-75-PL
   Carlos Bowser                 M-G    77.6    82.5    15     0.6963   20    1.03    12     245    272.5    282.5    282.5   12-6   142.5     155     162.5 162.5       445     225    277.5   -302.5   277.5    722.5   503.077     518.169  1     1-M-G-82.5-PL
   Clinton Lauman Jr             M-RO   80.9    82.5    14     0.6779   49    1.113   15   -182.5   -182.5   -182.5     0     12-6     0                        0         0       0                        0        0      0.000       0.000   1
   James Townsend                M-O    89.35    90     1      0.6408   30      1     13   227.5      240     245      245    11-3    200     207.5     210    210       455     240    252.5   -260     252.5    707.5   453.366      0.000   1      1-M-O-90-PL
   Johnny Hisaw                  M-RO   83.9     90     10     0.6633   35      1     17    -125      125     135      135    14-6   97.5      105      -115   105       240     185    197.5   207.5    207.5    447.5   296.827      0.000   1     1-M-RO-90-PL
   Andrew Rumney                 M-O    95.5     100    26     0.6206   21    1.02    18     245      260    272.5    272.5   12-1   -155      155      160    160      432.5   207.5   217.5   227.5    227.5     660    409.596     417.788  1     1-M-O-100-PL
   Austin Sutton                 M-RO    97      100    23     0.6163   26      1     16    -220    227.5    -247.5   227.5   14-6    140      150     -157.5 150       377.5    230     250    272.5    272.5     650    400.595      0.000   1    1-M-RO-100-PL
   Dink Lumley                   M-M2    100     100    28     0.6086   50    1.13 16-i      175    -187.5   187.5    187.5   12-6    145     157.5    -162.5 157.5      345     175     185     195      195      540    328.644     371.368  1    1-M-M2-100-PL
   Kyle Ramsey                   M-JR   107.5    110    4      0.5928   20    1.03    15     320    337.5     355      355    12-6    205     217.5    222.5 222.5      577.5    265     275    287.5    287.5     865    512.772     528.155  1     1-M-JR-110-PL
   Raymond Curtis                M-R4    93      100    22     0.6282   79    2.005   17    -62.5    62.5      -85    62.5    16-6    85      -92.5     92.5 92.5        155     125     135    142.5    142.5    297.5   186.889     374.713  1    1-M-R4-100-PL
   Russell Loper                 M-M1    103     110    21     0.6017   15    1.18 15-i      155    167.5    172.5    172.5   14-6    130     137.5     140    140      312.5    165     175    182.5    182.5     495    297.842     351.453  1    1-M-M1-110-PL
   Matt McGregor                 M-O     98      100    27     0.6136   26      1     12    -230     -230     -240      0     13-6   142.5    152.5    -162.5 152.5       0      265     285     300      300       0      0.000       0.000   1
   Louis Maxwell                 M-SO   143.8   125+    33     0.5566   30      1     20   227.5      250    277.5    277.5   12-7   127.5     150     162.5 162.5       440    257.5    265    272.5    272.5    712.5   396.577      0.000   1   1-M-SO-125+-PL
   John Hurt                     M-PF    160    125+    5      0.5482   40      1     22     160    172.5    -202.5   172.5   16-6   -150     -160      160    160      332.5   237.5    250    -260      250     582.5   319.327     319.327  1   1-M-PF-125+-PL
   Louis Maxwell                 M-O    143.8   125+    33     0.5566   30      1     20   227.5      250    277.5    277.5   12-7   127.5     150     162.5 162.5       440    257.5    265    272.5    272.5    712.5   396.577      0.000   1    1-M-O-125+-PL

                                                                                                                                                                                                                                        (3)
   Bench Press Results                  Bwt     WtCls          Wilks          Age SQ                                  Best     BP                               Best    Sub                              Best    (1) Best    (2)               Pl
                          Team   Div                    lot#            Age                SQ-1     SQ-2     SQ-3                    BP-1     BP-2     BP-3                     DL-1    DL-2    DL-3                                   Age-        Pl-Div- WtCls-Evt
   Name                                 (kg)     (kg)          Coeff          Coeff rack                              SQ      rack                              BP      Total                             DL        BP    Wilks Pts           Code
                                                                                                                                                                                                                                       Wilks
   Patrick Canal                 M-RO 81.5      82.5    16     0.6749   62    1.393                                           14-6   127.5    -137.5   -137.5   127.5                                             127.5   86.050      119.867  1    1-M-RB-82.5-BP
   Matt Waters                   M-RO 92.5       100    6      0.6298   39      1                                             12-5   117.5    137.5     150      150                                               150    94.470       0.000   1    1-M-RB-100-BP
   Chip Hultquist                M-M   80.5     82.5    9       0.68    62    1.393                                           7-1    127.5    132.5       0     132.5                                             132.5   90.100      125.509  1   1-M-MB-82.5-BP
   Patrick Canal                 M-M   81.5     82.5    16     0.6749   62    1.393                                           14-6   127.5    -137.5   -137.5   127.5                                             127.5   86.050      119.867  1   2-M-MB-82.5-BP
   Nancy Burge                    F-O  65.3     67.5    31     1.0455   48    1.097                                           14-6     60       65       -70     65                                                65     67.958      74.549   1    1-F-BO-67.5-BP
   Matt Waters                   M-O   92.5      100    6      0.6298   39      1                                             12-5   117.5    137.5     150      150                                               150    94.470       0.000   1    1-M-BO-100-BP
   Roy Billiot                   M-O 103.77      110    3      0.6001   39      1                                             13-6    -235     -235     235      235                                               235    141.023      0.000   1    1-M-BO-110-BP
   Joe Hnizdo                    M-PF 146.06    125+    24     0.5554   31      1                                             16-6   -222.5   222.5    -227.5   222.5                                             222.5   123.577      0.000   1   1-M-BO-125+-BP
   Samuel DiGiovanni              M-T   75       75     34     0.6155   16     1.3                                            14-6    120      125     127.5X    125                                               125    89.075      89.075   1     1-M-BO-75-BP




1 of 1                                                                                                                                                                                                                                      3/22/13 10:13 AM
