
подготовил Сергей РыжукIV
    Чемпионат Украины среди девушек и юношей
г. Мариуполь, 23 - 25 декабря, 1994 года.

ДЕВУШКИ
 -36,00 кг.
 1. Подвишина Наталья/81	 35,00	Виноградов	 50,0	 27,5	 80,0	157,5
 2. Грицай Света/81		 35,00	Петровеньки	 47,5	 22,5	 80,0	150,0
 -40,00 кг.
 1. Петренко Яна/81		 38,50	Токмак		 77,5	 42,5	 95,0	215,0
 2. Черновцан Наташа/81		 39,50	Черновцы	 70,0	 35,0	100,0	205,0
 -44,00 кг.
 1. Мирошниченко Аня/80		 43,00	Кировоград	 92,5	 40,0	110,5	242,5
 2. Штырева Наташа/77		 44,00	Феодосия	 70,0	 42,5	 90,0	202,5
 3. Букарева Лена/80		 43,90	Кировоград	 70,0	 30,0	 95,0	195,0
 -48,00 кг.
 1. Гуминская Леся/80		 48,00	Херсон		 77,5	 45,0	100,0	222,5
 2. Корнилова Вика/79		 47,50	Херсон		 52,5	 42,5	 70,0	165,0
 -52,00 кг.
 1. Щербань Вероника/80		 52,00	Кировоград	130,5	 67,5	130,5	327,5
 2. Османова Люда/76		 52,00	Ялта		107,5	 85,0	120,0	312,5
 3. Ващенюк Вика/77		 51,20	Чернигов	 95,0	 52,5	120,0	267,5
 -  Титова Люда/78		 50,90	Жмеринка	100,0	 50,0	---,-	    0
 -  Гагарина Люда/78		 52,00	Виноградов	---,-	---,-	---,-	    0
 -  Шип Наташа/76			Горловка		снята врачем
 -56,00 кг.
 1. Пурчел Майя/79		 56,00	Кировоград	 90,0	 45,0	120,0	255,0
 2. Банникова Люда/77		 56,00	Горловка	 90,0	 40,0	120,0	250,0
 3. Рыльцева Таня/80		 52,30	Кировоград	 70,0	 35,0	 85,0	190,0
 4. Ковтун Наташа/79		 55,30	Рубежное	 62,5	 30,0	 77,5	170,0
 -60,00 кг.
 1. Андресюк Люсьена/77		 58,60	Горловка	117,5	 52,5	140,0	310,0
 2. Волобуева Лена/78		 60,00	Мариуполь	102,5	 40,0	130,0	272,5
 3. Пилипенко Лена/77		 60,00	Боярка		 95,0	 52,5	110,0	255,0
 4. Кашул Света/78		 60,00	Черновцы	 90,0	 45,0	110,0	245,0
 -  Сысоенко Аня/76		 59,40	Черкассы	---,-	---,-	---,-	    0
 -67,50 кг.
 1. Зварич Света/80		 66,80	Кировоград	100,0	 50,0	110,0	260,0
 2. Вербицкая Лена/76		 61,70	Киевская	 90,0	 45,0	100,0	235,0
 3. Матяш Юля/80		 62,00	Рубежное	 72,5	 40,0	 80,0	192,5
 
ЮНОШИ
 -44,00 кг.
 1. Скакун Игорь/79		 43,90	Кировоград	 80,0	 52,5	107,5	240,0
 2. Деменский Александр/81	 42,20	Херсон		 80,0	 45,0	107,5	227,5
 3. Ахмедов Азик/79		 42,80	Виноградов	 82,5	 45,0	100,0	227,5
 4. Мартинов Роман/82		 41,70	Херсон		 75,0	 40,0	100,0	215,0
 5. Вареник Игорь/82		 35,70	Белая Церковь	 70,0	 40,0	100,0	210,0
 6. Чумак Владимир/82		 33,60	Рубежное	 60,0	 35,0	 75,0	170,0
 -  Слисаренко Вячеслав/82	 40,00	Херсон		---,-	---,-	---.-	    0
 -48,00 кг.
 1. Куделя Иван/78		 47,50	Горловка	100,0	 60,0	110,0	270,0
 2. Костыря Александр/82	 47,60	Софиевка	 75,0	 45,0	122,5	242,5
 3. Самойленко Сергей/82	 47,20	Кировоград	 70,0	 35,0	100,0	205,0
 -  Яцков Антон/82		 47,50	Макеевка	---,-	---,-	---.-	    0
 -52,00 кг.
 1. Керестей Михаил/78		 51,55	Виноградов	140,0	 90,0	160,0	390,0
 2. Казмирчук Николай/78	 49,00	Кировоград	125,0	 70,0	140,0	335,0
 3. Тимошенко Николай/80	 51,10	Черкассы	120,0	 60,0	130,0	310,0
 4. Ярема Олег/79		 52,00	Вольногорск	105,0	 65,0	127,5	295,0
 5. Оломский Александр/78	 50,15	Горловка	100,0	 75,0	110,0	285,0
 6. Цеханский Александр/78	 51,35	Макеевка	100,0	 70,0	115,0	285,0
 7. Кузнецов Артур/79		 51,85	Макеевка	 87,5	 50,0	117,5	255,0
 -56,00 кг.
 1. Сидоровнин Виктор/79	 54,90	Феодосия	150,0	 85,0	152,5	387,5
 2. Минчев Геннадий/78		 56,00	Корсунь-Шевчен	125,0	100,0	155,0	380,0
 3. Бровди Юрий/79		 55,70	Виноградов	122,5	 62,5	135,0	315,0
 4. Гололобов Илья/77		 53,10	Макеевка	105,0	 80,0	125,0	310,0
 5. Коротков Денис/80		 54,70	Херсон		 95,0	 55,0	145,0	295,0
 6. Ивашина Константин/81	 53,60	Вольногорск	 80,0	 57,5	 90,0	227,5
 -60,00 кг.
 1. Купар Александр/77		 60,00	Виноградов	145,0	 87,5	157,5	390,0
 2. Потеряйкин Дмитрий/78	 58,90	Горловка	125,0	 85,0	165,0	375,0
 3. Березовский Владимир/78	 59,20	Христиновка	125,0	 75,0	170,0	370,0
 4. Гушеватый Виталий/76	 59,50	Жмеринка	145,0	 95,0	130,0	370,0
 5. Рудницкий Дмитрий/78	 59,80	Черкассы	135,0	 75,0	152,5	362,5
 6. Сиротюк Тарас/77		 59,70	Горловка	130,0	 80,0	150,0	360,0
 7. Нижинский Михаил/79		 59,70	Мариуполь	135,0	 55,0	145,0	335,0
 8. Полюх Михаил/79		 57,50	Виноградов	122,5	 62,5	145,0	332,5
 9. Барский Игорь/80		 59,00	Вольногорск	105,0	 60,0	120,0	285,0
 -  Николайчук Игорь/76		 60,00	Черкассы	140,0	 97,5	---,-	    0
 -67,50 кг.
 1. Быков Алексей/78		 67,50	Рубежное	175,0	110,0	202,5	487,5
 2. Колганов Эдуард/79		 64,00	Горловка	200,0	 85,0	180,0	465,0
 3. Забожный Андрей/78		 66,30	Белая Церковь	195,0	 90,0	180,0	465,0
 4. Деревянко Сергей/77		 67,30	Рубежное	147,5	102,5	207,5	457,5
 5. Булец Михаил/77		 65,00	Чернигов	160,0	107,5	187,5	455,0
 6. Фомин Александр/78		 67,50	Белая Церковь	150,0	110,0	175,0	435,0
 7. Роменский Александр/78	 66,50	Дружковка	140,0	110,0	160,0	410,0
 8. Будюков Владимир/77		 65,60	Дружковка	132,5	110,0	160,0	402,5
 9. Мазур Валерий/78		 64,10	Мариуполь	130,0	 95,0	155,0	380,0
10. Габида Дмитрий/79		 62,00	Мариуполь	135,0	 87,5	155,0	377,5
11. Пономаренко Андрей/78	 66,00	Донецк		137,5	 90,0	150,0	377,5
12. Хорфей Виталий/78		 66,10	Мариуполь	140,0	 80,0	155,0	375,0
13. Лень Олег/79		 66,50	Боярка		125,0	 80,0	150,0	355,0
14. Гемель Вячеслав/80		 66,60	Днепропетровск	100,0	 70,0	125,0	290,0
 -  Курбак Евгений/78		 65,00	Донецк		112,5	---,-	---,-	    0
 -  Пламенский Александр/78	 65,60	Донецк		135,0	---,-	---,-	    0
 -75,00 кг.
 1. Назаренко Алексей/77	 73,40	Смела		180,0	117,5	220,0	517,5
 2. Дорошенко Александр/77	 73,00	Чернигов	190,0	105,0	220,0	515,0
 3. Морщагин Олег/78		 74,50	Ждановка	170,0	140,0	205,0	515,0
 4. Цыхмистренко Евгений/76	 74,10	Рубежное	170,0	107,5	197,5	475,0
 5. Милютин Константин/78	 71,00	Киев		160,0	112,5	170,0	442,5
 6. Павлов Николай/78		 73,80	Христиновка	150,0	100,0	192,5	440,0
 7. Святун Андрей/80		 73,50	Токмак		170,0	 92,5	170,0	432,5
 8. Погореленко Игорь/79	 70,70	Горловка	150,0	 80,0	200,0	430,0
 9. Шахов Иван/78		 72,10	Белая Церковь	140,0	110,0	175,0	425,0
10. Сеник Сергей/76		 71,30	Боярка		150,0	105,0	165,0	420,0
 -82,50 кг.
 1. Бойчук Михаил/77		 80,00	Винница		215,0	120,0	210,0	545,0
 2. Литус Руслан/77		 82,50	Бердянск	220,0	105,0	200,0	525,0
 3. Кафилинос Сергей/77		 80,00	Кировоград	180,0	137,5	200,0	517,5
 4. Сокур Виктор/76		 78,65	Горловка	185,0	120,0	190,0	495,0
 5. Шевченко Виталий/77		 81,60	Черкассы	175,0	115,0	205,0	495,0
 6. Шендрик Игорь/76		 77,50	Мариуполь	160,0	110,0	215,0	485,0
 7. Белокуров Денис/78		 77,60	Белая Церковь	150,0	105,0	187,5	442,5
 8. Абрамович Александр/77	 80,05	Дружковка	140,0	127,5	200,0	440,0
 9. Дубровский Михаил/76	 76,00	Дружковка	140,0	110,0	180,0	430,0
10. Иванчук Василий/77		 77,30	Боярка		160,0	 80,0	180,0	420,0
11. Шпак Виталий/78		 80,40	Токмак		150,0	 95,0	175,0	420,0
12. Толочко Михаил/78		 81,00	Токмак		145,0	 97,5	175,0	417,5
 -90,00 кг.
 1. Гриднев Андрей/76		 86,30	Горловка	200,0	120,0	215,0	535,0
 2. Левковский Ярослав/80	 85,10	Черкассы	180,0	105,0	190,0	475,0
 3. Мирошниченко Александр/77	 84,00	Токмак		160,0	120,0	160,0	440,0
-100,00 кг.
 1. Козюра Сергей/76		 95,25	Черкассы	225,0	135,0	250,0	610,0
 2. Толочко Александр/76	 91,00	Токмак		220,0	137,5	230,0	587,5
 3. Черненко Михаил/76		 90,20	Горловка	210,0	155,0	200,0	565,0
-110,00 кг.
 1. Горбач Андрей/76		107,00	Чернигов	270,0	170,0	280,0	720,0
 2. Суржан Сергей/77		100,15	Ялта		200,0	140,0	230,0	570,0
+110,00 кг.
 1. Пащенко Дмитрий/77		110,25	Бердянск	155,0	150,0	200,0	505,0





















© 2000 Сергей
    Рыжук.
    Авторские права  принадлежат
Федерации пауэрлифтинга
    Украины.
    Все права защищены. 

Пишите
    по поводу размещения рекламы на сайте ФПУ
Enquire about advertising on the UPF
    website

© 2000 Sergiy
    Ryzhuk.
    Copyright by
Ukrainian Powerlifting Federation.
    All rights reserved.







