 2015/7/13          文部科学大臣杯争奪・第42回全日本学生パワーリフティング選手権大会
                            Wilks                                                                                                               Wilks Co. x
  Name       Age   weight   Coeff    Squat 1   Squat 2   Squat 3 Bench 1   Bench 2   Bench 3   Dead lift 1 Dead lift 2 Dead lift 3   PL Total      Total      Team

女子52kg級
 入船　美月        4    47.05    1.3439    130       135       -140     62.5     -67.5     67.5        110         120         -125        322.5       433.40       岡山
 佐藤　安奈        4     38.1    1.5330    102.5     107.5     112.5    50        55       57.5        100         105          110        280.0       429.24       岡山
  南　采沙        4    50.15    1.2817    -125      125       -135     90       -97.5     97.5        100         -105                    322.5       413.36      京都学園
 伊東　咲子        2     51.7    1.2522    110       120       -125     55        -60       -60        -125        -130         130        305.0       381.93       東京
 上野　円香        2    41.35    1.4649     40        50       -62.5    40        45        -50         70          80         -92.5       175.0       256.35       岡山
 早川　琴果        2    46.45    1.3563    110       -115      -115     75        80        -85        -120        -120        -120         0.0         0.00        阪南

女子63kg級
 寺原万留々        4     62.4    1.0818    180       190       -200     105       115       120        160         -175        -175        470.0       508.44      京都学園
 西原まどか        4     52.3    1.2411    -130      -135      135      60        70       77.5        120         -130         130        342.5       425.08       阪南
  堤　彩夏        2    60.95    1.1014    145       155       165      55        -75       -75        135         145         -150        365.0       402.03      京都学園
 寺石　知央        4     56.3    1.1717     85        90       -100     65       67.5       70         120         130         -135        290.0       339.79      京都学園
 相馬　由貴        3    57.05    1.1596     95       -100      -100     60        65       67.5        105         115          120        282.5       327.59       岡山

女子63kg超級
 仲野　衣美        4    64.65    1.0533    130       140       -150     90       -100      -100        130         140         -150        370.0       389.73       阪南
 東内　夏希        4    63.05    1.0733     60       100       110      40        45                   105         -115         115        270.0       289.79       岡山

男子53kg級
 森脇　滉人        3     52.5    0.9715    195       205       -213     100       105       110        180         190          200        515.0       500.34       岡山
 新井　一真        2    51.06    1.0004    165       -180      180      105      -115      -115        -175        175         -220        460.0       460.17      東京農業
  貴田　沢        3    50.32    1.0161    120       140       -150     70       -110       110        120         130          140        390.0       396.29       岡山
 澤淵　圭吾        3    52.84    0.9651    145       -155      -155     65        70        -75        150         160         -170        375.0       361.90       岡山
 渡邉　竜佑        2    52.28    0.9758    130       140       -150     75        80        -85        130         140          145        365.0       356.16       岡山
  岡部汰郎        4    52.06    0.9801    100       110       120      -70       70        85         110         125          130        335.0       328.33       名城
 須田 幸哉        1    52.78    0.9662     -80       80        90      60        65        -70        100         120          130        285.0       275.37      青山学院




                                                                           1 / 4 ページ
 2015/7/13          文部科学大臣杯争奪・第42回全日本学生パワーリフティング選手権大会
                            Wilks                                                                                                               Wilks Co. x
  Name       Age   weight   Coeff    Squat 1   Squat 2   Squat 3 Bench 1   Bench 2   Bench 3   Dead lift 1 Dead lift 2 Dead lift 3   PL Total      Total       Team

男子59kg級
 佐竹　優典        2    58.98    0.8664    225       -240               135       145      -155        200         215          225        595.0       515.54       青山学院
 木村　和正        3    58.68    0.8706    190       200       -210     145       155       160        190         210         -235        570.0       496.23        岡山
  伊藤　怜        3    58.62    0.8714    170       175      -182.5    100      -107.5    -107.5      170         180         187.5       462.5       403.02        埼玉
 佐上　大幸        3     58.8    0.8689    170       -180      -180     -125      125      -135        160        167.5        -170        462.5       401.87        岡山
 時枝　正明        4    57.88    0.8819    -160      165      -167.5    100       105      107.5       140         150          155        427.5       377.00        東北
 垣内　弘也        3    58.36    0.8750    170       180       -190     75        80        -85        135         -155        -170        395.0       345.64        岡山
  永井大達        3    57.48    0.8877    185       195       -200     -95       -95       -95                                             0.0         0.00         名城

男子66kg級
 木内　陽介        1    65.38    0.7913    -245      245                150       160      162.5       250         265         272.5       680.0       538.11       青山学院
 古清水　駿        2     64.6    0.7993    -215      215       225      140      -145      -145        215         225          235        600.0       479.60       国際武道
 藤村　勇太        3    65.58    0.7893    -200      200       210      135      -140       140        190         200          215        565.0       445.98        岡山
 飯嶋　啓維        2    65.58    0.7893    180       190       205      130       140      -145        200         210          215        560.0       442.03       国際武道
  田中　翔        3    64.86    0.7966    180       190       -195     -130     -130       130        200         210         212.5       532.5       424.21       早稲田
 瀬尾　雅也        1    65.44    0.7907    200       212.5     -215     120      -130      -132.5      185        197.5         200        532.5       421.07      首都大学東京
 黒川　宏太        2    65.64    0.7887    180       190       195      140       145      -150        190         -200        -200        530.0       418.03        岡山
 岡田　治也        1     65.8    0.7872    160       170       -175     210      -215      -215        140         150         -155        530.0       417.20        阪南
 岩井　優介        3    65.38    0.7913    185       -200      -200     105      -112.5     115        180         190          200        500.0       395.67        東京
 森田　智也        3    64.38    0.8016    190       -205      -205     115      -125       125        160         170          175        490.0       392.80        岡山
  臼澤　豪        2     64.8    0.7973    -200      -200      200      -90       -90       90         170         180          190        480.0       382.68        東北
 中江　哲史        4    65.52    0.7899    -165      165       175      105       115      -120        -190        190         -210        480.0       379.17        東京
 笹山　知嶺        4    65.28    0.7924    180       200       -210     90        100      -102.5      -170        170         -180        470.0       372.41        東北
 乾　慎一郎        3    64.88    0.7964    180       -185      -185     -105     -105       105        165         175        -182.5       460.0       366.36        岡山
 西出　和正        3     65.1    0.7942    165       -175      -175     105      -115      -115        180         190         -195        460.0       365.32        東京
 三上　泰誠        2    62.42    0.8233    130       140       150      100      -110      -110        110         120         -125        370.0       304.60       北海学園
 安田　尚記        2    62.92    0.8175    170       -190      190      110      -115      -132.5      -190        -190        -190         0.0         0.00        北海学園




                                                                           2 / 4 ページ
 2015/7/13          文部科学大臣杯争奪・第42回全日本学生パワーリフティング選手権大会
                            Wilks                                                                                                               Wilks Co. x
  Name       Age   weight   Coeff    Squat 1   Squat 2   Squat 3 Bench 1   Bench 2   Bench 3   Dead lift 1 Dead lift 2 Dead lift 3   PL Total      Total      Team

男子74kg級
 逢野　崇大        3    72.74    0.7282    -270      -270      270      200      -215      -220        200         215         -235        685.0       498.84       阪南
 前川　知紀        3      74     0.7193    230       245       255      150      162.5     -170        200        212.5        -230        630.0       453.17      京都学園
  峯　彰宏        2     72.5    0.7300    200       -215      215      125       135       140        200         220         222.5       577.5       421.57      神奈川
 草野　亜基        2    71.48    0.7377    200       -220      220      150      -160      -160        190         -205         205        575.0       424.15       岡山
  楫　裕太        2     71.1    0.7406    180       190       -200     125      -130       130        210         220          225        545.0       403.62      国際武道
 森部　雅也        4     67.5    0.7710    160       175       190      130       135       140        180         190          200        530.0       408.64       阪南
  粂　裕         2     72.3    0.7315    205       210      -212.5    -105      105       110        200         210        -212.5       530.0       387.68       岡山
 義友　雄輝        2    72.84    0.7275    -185      185       195      145      -150       150        185         -195        -195        530.0       385.58       岡山
 佐藤　慶尚        3    73.36    0.7238    180       200       205      100       110      112.5       200         -210         210        527.5       381.80       埼玉
 早川　英吾        3    73.06    0.7259    175       -190      -195     130      -140      -140        170         200         -215        505.0       366.59       名城
 藤原　豪太        2      70     0.7494    180       190       200      95       -100       100        170         180          190        490.0       367.20      北海学園
 金子 尚人        4    68.88    0.7588    150       160       170      120       125      -130        170         180          190        485.0       368.01       東北
 石田　健吾        3    71.94    0.7342    170       180       -190     100      -110      -110        160         180         -195        460.0       337.71      愛知学院

男子83kg級
  古川　潤        1    81.12    0.6768    250       -270      -270     140      -155       155        260         -280        -280        665.0       450.08      京都学園
 土井原　健太       3    78.26    0.6924    225       235       240      180       190       195        200         210          215        650.0       450.06       岡山
 山下　大樹        4    81.74    0.6737    260       -270      270      135      -145       145        215        227.5       -237.5       642.5       432.83       阪南
 村野　知久        3     75.9    0.7067    210       -215               180       205       215        175        212.5        -225        637.5       450.53       阪南
 越川　裕太        3    82.34    0.6707    220       240       -250     -160      160       175        220         -240        -240        635.0       425.89      国際武道
 福岡　正基        4    77.44    0.6972    -225      230       -240     -165      170       175        205         225        -237.5       630.0       439.25       岡山
  野上　駿        4     82.1    0.6719    -205      205       215      150      -157.5    -157.5      225         240         -245        605.0       406.48       東京
 伊藤　壮志        2     78.4    0.6916    -200      200       215      155       165       170        -200        205        -247.5       590.0       408.04      北海学園
 加藤　直輝        3    81.36    0.6756    -190      190       -195     160      -165      -165        205         215         -235        565.0       381.70       岡山
 齊藤　恵太        3    81.16    0.6766    -185      190       -205     150       160      -170        185         205         -220        555.0       375.51      京都学園
 折道　卓也        3      77     0.6999    190       -200      -200     -135      135      -155        180         190         -210        515.0       360.43       阪南
  丹下裕次        2     81.3    0.6759    175       185       190      120       125      -130        175         -185        -185        490.0       331.18       名城
 藤本　健太        3    78.52    0.6909    -230      -230      -230     -150     -150      -150                                             0.0         0.00       愛知学院
 池元　優介        2    82.02    0.6723    -215      -215      -215                                                                         0.0         0.00        東京
  工藤　渓        3    82.14    0.6717    -230      -230      -230                                                                         0.0         0.00        東北



                                                                           3 / 4 ページ
  2015/7/13          文部科学大臣杯争奪・第42回全日本学生パワーリフティング選手権大会
                             Wilks                                                                                                               Wilks Co. x
   Name       Age   weight   Coeff    Squat 1   Squat 2   Squat 3 Bench 1   Bench 2   Bench 3   Dead lift 1 Dead lift 2 Dead lift 3   PL Total      Total      Team

男子93kg級
  吉田大亮         2    83.04    0.6673    240       -250      -250     170       180      -195        200        212.5        -225        632.5       422.07       阪南
 住友　博紀         4    90.76    0.6357    235       242.5     -250     130      -135       135        210         220        -257.5       597.5       379.83       岡山
 荒川　龍一         2    89.92    0.6387    170       200       -205     100       110      112.5       170         205          215        527.5       336.91      学習院
 矢原　大耀         3    84.24    0.6617    -160      170       -190     100       110       120        170        192.5       -227.5       482.5       319.29      北海学園
  石田　毅         3    89.76    0.6393    -230      -230      -230                                                                         0.0         0.00        岡山

男子105kg級
  堀口耀介         4    95.16    0.6216    270       290       302.5    250       275       290        240         260          275        867.5       539.20      青山学院
 大室　豪槻         4    93.02    0.6281    265       272.5     277.5    240       250      -260        215         220          225        752.5       472.66       阪南
 佐野　誓建         3    103.34   0.6010    265       -270               110       175                  275         -290        -290        715.0       429.70      京都学園
 福島　修平         4    95.74    0.6199    180       -200      200      145      -165      -165        180         200         -215        545.0       337.83      北海学園

男子105kg超級
 平山　健斗         4    113.48   0.5832    280       295       305      -180      180       185        250         260         270.5       760.5       443.49       岡山
 横山　恭平         4    109.1    0.5900    -300      -300      300      -190      190       205        -240        240         -255        745.0       439.55       阪南
 南場航太朗         3    107.16   0.5934    285       300       310     177.5      185      192.5       210        232.5       -257.5       735.0       436.16      東京農業
 石塚　峻太         4    117.3    0.5781    250       -270      270      160       170       180        210         -225        -225        660.0       381.54       東洋
 後藤　佑介         3    114.42   0.5818    170       180       -185    102.5     107.5      110        150         170         -180        460.0       267.65       名城
 高野遼太郎         2    105.76   0.5961     75                          75                              75                                 225.0       134.11       岡山




                                                                            4 / 4 ページ
