20th September 2014             Womens Classic Powerlifting Championships 2014 (Jnr & Snr)
Powerlifting Results            Weight   Age                                                                                                      Position in
                         Team                   SQ-1    SQ-2    SQ-3 BP-1 BP-2 BP-3 Sub Total DL-1            DL-2    DL-3    Total   Wilks Pts
Name                            Class    Cat.                                                                                                     Class/Cat.
47kg Snr
Rebecca Heath            SE       47      S      80     82.5     85     47.5    50    52.5    137.5   100     110     115     252.5   339.587         1
52kg Sub Jnr
Annabell Gillan          SCO      52     SJ     72.5    77.5     -80    45     47.5    50     127.5   100     107.5   110     237.5   296.068         1
52kg Jnr
Kaytee Poolton           WM       52      J     105     112.5 117.5 55         57.5    59     176.5   110     117.5 -122.5     294    366.500         1
Sussannah Butler         SM       52      J      80      85   87.5 47.5         50    52.5     140    100     -108 107.5      247.5   308.534         2
52kg Snr
Louise Edwards           YNE      52      S      80      87.5    92.5    50     55    57.5     150    140      147     150     300    373.980         1
Anita Kidgell             SE      52      S      70       75     77.5    50    52.5   -55      130    105     112.5    115     245    305.417         2
Elizabeth Hill           SCO      52      S     77.5    -82.5   -82.5    45    -50    -50     122.5   100     -105    -105    222.5   277.369         3
Rachel Smith              GL      52      S      60      -65     -65    32.5   -35    -35      92.5    85       90     95     187.5   233.738         4
57kg Sub Jnr
Lucy Rayner              SW       57     SJ      80      85      85     57.5   62.5   -67.5   147.5   100     110     115     262.5   304.605         1
57kg Jnr
Ellie Steel              WM       57      J     105     112.5 117.5 67.5       72.5    75     192.5   130      140     150    342.5   397.437         1
Molly Chapman            SW       57      J      75      80   -82.5  40         45    47.5    127.5   100     112.5   -115     240    278.496         2
57kg Snr
Louise Murray            SCO      57      S      130   135  140  80              83   85       225     140    -145   -145      365    423.546         1
Rosimery Lima            WAL      57      S     122.5 -130 -130 72.5            77.5 -80       200    147.5   157.5 160       357.5   414.843         2
Pelin Baykal             SW       57      S       95  102.5 110 57.5            62.5 -65      172.5   132.5   142.5 -150       315    365.526         3
Faye Jordan               EM      57      S       90   -95  -95  65             67.5  70       160     125    132.5 -140      292.5   339.417         4
Tiffany Annan             GL      57      S       95   100 102.5 50            -52.5 -52.5    152.5    115    122.5 -127.5     275    319.110         5
63kg Jnr
Shannon Clifford         NW       63      J     92.5    97.5    102.5   50      55    57.5     160     115    125      130     290    311.460         1
Alice Hogg               SCO      63      J     -90     92.5     100    50     52.5   57.5    157.5   -120    125     -130    282.5   303.405         2
63kg Snr
Abi Graham                EM      63      S     107.5   117.5 122.5 67.5       72.5    -75     195    150      160   170       355    381.270         1
Nina Cambatta             EM      63      S      105    112.5 -118 57.5         65    -67.5   177.5   145      150   155      332.5   357.105         2
Rebecca Lynn-Nicholson    GL      63      S      110    117.5 122.5 52.5       57.5     60    182.5   120      130 137.5       320    343.680         3
Khrys Kyriacou            SE      63      S     -123    122.5 -128    70       -75     -75    192.5   120     -125   125      317.5   340.995         4
Beverley Rodgers          SM      63      S      100     105  -110    70       72.5     75     180    125      130   135       315    338.310         5
Emma Cresswell           WAL      63      S       90    -100   100 52.5         55    -57.5    155    140      150  -155       305    327.570         6
Rowan Hendry-Horne       SCO      63      S      110     115   120    60        65     -70     185    110      120  -125       305    327.570         7
Lucy Cohen               WAL      63      S      100    -110 -110     55        60     62.5   162.5   130      140  -145      302.5   324.885         8
Moira Pritchard          SW       63      S     97.5    -103   105    60       -65     -65     165    120      125   130       295    316.830         9
Bethan Keeble            WAL      63      S       90    -100   100 52.5        -55      55     155    125     132.5 137.5     292.5   314.145         10
Leanne Knight            SW       63      S       90      95   100   -50        50    -52.5    150    125      130   135       285    306.090         11
Emma Lee-Yarwood          GL      63      S       85      90   92.5 52.5       57.5    -60     150    115      125   130       280    300.720         12
Vicki Cliffe             NM       63      S       70     82.5   85   42.5      47.5     50     135    110      130 137.5      272.5   292.665         13
Lynda Banks              SCO      63      S       85      90   -95   47.5       50     52.5   142.5   120     -125  -125      262.5   281.925         14
Phoebe Burton             SE      63      S     87.5    -92.5 -92.5 -52.5      52.5   -57.5    140     95     102.5 110        250    268.500         15
Lyzzi Wills              NW       63      S       70      80   -85   -45       -45      45     125     90     -100  -100       215    230.910         16
72kg Sub Jnr
Megan Davies             SW       72     SJ     82.5     90     92.5    40      45    -47.5   137.5   112.5   120     127.5   265     266.272         1
72kg Jnr
Rachel Atemie            GL       72      J     105      115    117.5   60     67.5    -70    185     165      175 177.5      362.5   354.126         1
Amy Spencer              WAL      72      J     100      105     110    55      60      65    175     120     127.5 -132.5    302.5   299.777         2
Rhiannon Edwards         WAL      72      J      95     -105    -108    55      60    -62.5   155     115      125 -127.5      280    283.388         3
72kg Snr
Louise Richardson         SE      72      S     145     -155 -155   65          70    -72.5    215    157.5 165 -172.5         380    390.336         1
Tanya Bull               WAL      72      S     115     -125 127.5 65          67.5    -70     195     160   170 -175          365    365.657         2
Louise Whithington       YNE      72      S     110      120 127.5 70           75     77.5    205     135   145  155          360    365.112         3
Megan Batchelor          SM       72      S     115      120  -123 -75          75    -77.5    195     140   150  160          355    354.574         4
Sophie Alexander          GL      72      S     110     117.5 -123  65         -70      70    187.5    130 142.5 150          337.5   333.146         5
Amanda Gisby             WAL      72      S     110      115   120  55          60    -62.5    180     135  -145 -145          315    336.294         6
Ella Hope                SW       72      S     110     117.5 -123  55          60     -65    177.5    125  -133              302.5   307.128         7
Lisa Boardman            YNE      72      S      95      100  -105  50         52.5     55     155     145                     300    293.910         8
Hannah Wragg              SE      72      S      85     92.5   100 52.5         55     -60     155     130   135 -140          290    289.652         9
Heidi Markeley           EM       72      S      80     87.5 92.5   55          60     62.5    155     115 127.5 130           285    283.518         10
Avril Hughes             NW       72      S     -85       90  92.5 47.5        -50    -52.5    140    127.5 135   140          280    277.732         11
Laura Porter              GL      72      S      90       95   100 47.5        -50     -50    147.5    110   115 117.5         265    262.350         12
Frankie Pagram           NM       72      S      75     82.5    90  45         47.5    -50    137.5    100                    237.5   236.977         13
Tracey Burn              NM       72      S      60     67.5   -70  35         37.5     40    107.5    110   115  120         227.5   237.055         14
84kg Sub Jnr
Charlie Chester          SW       84     SJ      110 117.5      125     47.5    55 -57.5       180    140     150      160     340    311.542         1
Abigail McLean            NI      84     SJ     102.5 110       115      55     60   62.5     177.5   135     145      155    332.5   318.768         2
Alicia Blum              YNE      84     SJ       95  -105      105     42.5   -47.5 47.5     152.5   120     130     -135    282.5   257.414         3
84kg Snr
Apple Doepner            SCO      84      S     120      130  -135 67.5         70    72.5    202.5   160     167.5 -172.5     370    356.902         1
Vicky McDonald           WAL      84      S     130     -140 -140   60         -62.5 -62.5     190    140     -145    145      335    301.500         2
Helen Toms               SW       84      S     115     122.5 127.5 60          65 -67.5      192.5   130      140   -150     332.5   297.587         3
84+kg Snr
Anna Macnab              GL      84+      S     172.5    180     185 77.5      82.5    -85    267.5    170    180     185.5    453    366.749         1
Kelly Phasey             WM      84+      S      145    -155    162.5 75        80     82.5    245     150    160     167.5   412.5   335.527         2
Emma Thorp               SE      84+      S      100     110    -120  50        55     -60     165    -130    140      150     315    267.624         3
Sarah Marsden            EM      84+      S      100     110     115  65       72.5   -77.5   187.5    100    115      125    312.5   262.719         4

                                Winner of Peter Fiore Trophy for Best Lifter : Louise Murray / Scotland
