                                                       Actual   WtCls                                               Best                                            Best    Sub                                                         Best
Flt C   Name                             Age   Div                      Squat  1   Squat  2   Squat  3   Squat  4           Bench 1   Bench 2   Bench 3   Bench 4                   Deadlift 1   Deadlift 2   Deadlift 3   Deadlift 4              PL Total
                                                       Age      (Lb)                                                Squat                                           Bench   Total                                                       Deadlift
A       FRANCES KORDOV                   30    FO-R    66.95    67.5    -80        87.5       97.5                  97.5    50        -55       -55                 50      147.5   105          112.5        125                       112.5      272.5
A       ADRIENNE NICKERSON               45    FM2-R   51.36    52      -75        75         -85                   85      -42.5     42.5      -47.5               42.5    127.5   85           92.5         100                       100        217.5
A       MONICA JOHNSTON (Both)           62    FM5-R   67.15    67.5    -50        50         -52.5      52.5       50      37.5      40        -42.5               37.5    87.5    87.5         92.5         98           98.5         98         188
A       KERRI NICHOLS                    33    FO-R    50.8     52      40         60         80                    60      35        42.5      -55                 42.5    102.5   62.5         77.5         87.5         92.5         87.5       210
A       RACHEL THERA                     17    FJ-R    51.6     52      55         -67.5      -70                   70      30        35        -40                 40      110     70           80           85           90           80         175
A       DEVON LANGELAAR (Both)           15    MT-R    48.75    52      62.5       67.5       72.5       82.5       62.5    30        -32.5     32.5      -37.5     32.5    95      77.5         87.5         90           95.5         87.5       195
A       JAMES KALYAN (both)              15    MT-R    67.1     67.5    75         85         90         92         85      47.5      52.5      55        56        47.5    132.5   102.5        115          125          130          115        270
A       MATT DUCKETT                     28    MO-R    58.2     60      75         -80        80                    80      60        67.5      -75                 60      140     80           85           105                       105        252.5
A       JEN SWAGER                       39    FO-R    70.1     75      75         -90        105                   105     60        -82.5     -82.5               82.5    187.5   115          130          147.5        -182.5       147.5      312.5
A       ROBYN VAN DEN BON                33    FO-R    81.15    82.5    80         -92.5      -95                   95      42.5      47.5      -60                 42.5    137.5   102.5        120          137.5                     120        265
A       SARAH JO BUFFALO                 27    FO-R    59.75    60      85         90         97.5                  90      42.5      -45       45                  45      135     110          115          122.5        127.5        122.5      265
A       JASMINE SCOTT                    28    FO      66.7     67.5    90         100        115                   115     35        42.5      -50                 50      165     90           102.5        110                       102.5      267.5
A       ERIKA WORGER                     31    FO-R    58.3     60      90         102.5      -117.5                102.5   62.5      -70       -70                 70      172.5   85           95           115                       115        280
A       LINDSAY BELL                     27    FO      65.5     67.5    105        -115       -142.5                142.5   65        -75       -75                 75      217.5   105          115          125                       125        295
A       COURTNEY JOHNSTON (Both)         30    FO-R    66.8     67.5    107.5      112.5      117.5      -121       117.5   60        -62.5     -62.5               62.5    180     -145         147.5        152.5        155          147.5      330
A       LIANE SABOURIN (Bench Only)      37    FOB     119.4    90+                                                 0       97.5      105       -115      -115      97.5    0                                                           0          0
B       BILL HURLEY                      31    MO-R    56.2     60      -115       -115       -115                  115     60        65        -70                 60      175     105          107.5        110                       107.5      0
B       MARTIN MAKSYMETZ (Both)          14    MT-R    108.1    110     120        -135       -140       140        120     60        65        70        -70.5     70      190     165          175          185          190          175        375
B       SHAWN DENEVE (Both)              22    MJ-R    66.5     67.5    120        135        -160                  120     100       -115      -115                100     220     120          137.5        157.5                     137.5      392.5
B       DANIEL PENNER                    25    MO-R    83.85    90      125        142.5      -160                  160     70        80        -87.5               87.5    247.5   145          155          170                       170        392.5
B       DAVE SWAGER                      35    MO-R    93.8     100     125        147.5      165                   165     102.5     115       -120                120     285     175          185          200                       185        480
B       RENAE WITZANEY                   36    FO      74.2     75      127.5      135        147.5                 135     75        -85       -92.5               92.5    227.5   125          137.5        -155                      137.5      360
B       DAN WITHNELL                     28    MO-R    102.15   110     130        150        162.5                 162.5   95        -102.5    -102.5              102.5   265     175          185          197.5                     185        455
B       ERIKA LUTZ                       25    FO      57.35    60      132.5      -142.5     -142.5                142.5   -75       -75       -75                 75      217.5   137.5        -142.5       -142.5                    142.5      0
B       CHACE STOKOWSKI (Both)           19    MT-R    81.05    82.5    145        160        -172.5                145     95        -102.5    102.5               95      240     185          195          -205                      205        457.5
B       CASEY CARR                       30    MO-R    96.15    100     150        157.5      170                   0       -135      -135      -135                135     0       182.5        192.5        205                       0          0
B       KOHLTON PARENTEAU                22    MJ-R    105.1    110     150        187.5      240                   187.5   150       187.5     -200      -200      200     387.5   145          197.5        -227.5                    227.5      625
B       LEE POWELL                       28    MO-R    87.6     90      155        182.5      200        207.5      0       100       -110      -120                100     0       220          230          237.5                     0          537.5
B       BERNICE FUSS (Both)              55    FM4     69.8     75      162.5      182.5      -197.5     197.5      0       55        130       -142.5              130     0       160          171.5        182.5                     0          495
B       GREG MCDOUGALL                   29    MO-R    102.25   110     165        177.5      195                   177.5   110       120       -130                120     297.5   225          240          -252.5                    252.5      555
B       MICHELLE SENGER (Both)           45    FM2     69.7     75      167.5      -187.5     187.5                 187.5   -90       90        97.5                90      277.5   100                                                 100        385
C       CHRIS SIEBER                     28    MO-R    105.9    110     -215       232.5      -240                  240     152.5     160       165                 152.5   392.5   250          260          272.5                     260        670
C       PAUL BINETTE                     23    MJ-R    109.55   110     -215       -252.5     255                   252.5   142.5     155       -165                155     407.5   272.5        295                                    295        705
C       ALLISON LOCKHART (Both)          30    FO      74.55    75      -205       205        -217.5                205     107.5     117.5     -127.5              0       0       170          190          195                       0          517.5
C       RORY MACINTYRE                   25    MO-R    98.35    100     -205       212.5      227.5                 0       125       -137.5    -137.5              0       0       215          230          240                       0          592.5
C       WREN HILL                        26    MO-R    94.6     100     -190       -190       190                   190     135       -142.5    -142.5              142.5   332.5   230          250          272.5                     272.5      597.5
C       TIM AGNEW (Both)                 24    MO      122.6    110     -185       -185       185                   185     105       -140      -140                140     325     160          185          -205                      205        475
C       ALEX COLLEAUX                    24    MO-R    88.45    90      180        -205       -205                  205     110       -117.5    -117.5              117.5   322.5   205          217.5        227.5                     227.5      517.5
C       DAVID BAUER                      20    MJ-R    88.85    90      197.5      210        227.5                 227.5   140       150       -155                155     382.5   170          190          197.5                     197.5      575
C       CLAY SPARKS                      17    MT-R    96.9     100     200        210        220                   210     110       117.5     122.5     -133      117.5   327.5   200          212.5        -220                      220        555
C       SCOTT JOHNSON (Both)             29    MO-R    87.5     90      200        210        -227.5                227.5   150       165       172.5               165     392.5   200          215          220                       220        602.5
C       BRAD WILSON                      23    MJ-R    106.85   110     200        215        232.5                 232.5   120       132.5     140                 132.5   365     230          247.5        -262.5                    262.5      620
C       JASON CORBEIL                    36    MO-R    89.5     90      205        215        -222.5                222.5   150       -157.5    -157.5              157.5   380     237.5        245          -262.5                    262.5      610
C       NATHANIEL DUTKEVICH              32    MO-R    96.85    100     215        -220       -220                  220     152.5     157.5     -160                152.5   372.5   220          232.5        -242.5                    242.5      605
C       BEN GUENTHER                     31    MO-R    95.35    100     215        -225       227.5                 215     152.5     -157.5    -157.5              157.5   372.5   265          275          -280                      280        655
C       BRAD OLSON                       29    MO-R    87.9     90      215        235        245                   245     140       150       -157.5              140     385     230          247.5        260                       260        655
D       KRIS SUNNESON                    26    MO      111.65   125     -320       332.5      342.5                 332.5   152.5     165       -182.5              152.5   485     265          280          -287.5                    287.5      787.5
D       AARON RUBIN (Both)               38    MO      86.95    90      222.5      247.5      252.5                 252.5   185       -197.5    -197.5              197.5   450     200          220          237.5                     237.5      675
D       JASON PATCH                      23    MO-R    74.55    75      225        235        240        250        225     125       -138      -138                125     350     242.5        250          -260                      260        615
D       RANDY SPARKS                     54    MM3     115.7    125     230        250        270                   270     140       150       155                 140     410     210          225          235                       235        660
D       MICHAEL MARTIN                   49    MM2     104.45   110     237.5      -260       -282.5                0       102.5     -125      -125                125     0       205          242.5        -272.5                    0          582.5
D       TRAVIS DERGOUSOFF                23    MJ      112.5    125     245        -275       -275                  0       130       135       142.5               135     0       250          277.5                                  277.5      665
D       CASEY KIEVITS                    26    MO      115.25   125     257.5      272.5      -277.5                257.5   192.5     -205      205                 205     462.5   227.5        247.5        267.5                     267.5      745
D       LUKE REMINGTON                   31    MO      136.25   140     260        -280       280                   260     150                                     0       0       250          272.5                                  250        702.5
D       DAN BELISLE                      39    MO      82.3     82.5    272.5      290        -300                  290     160       165       172.5               165     455     220          230          -237.5                    237.5      692.5
D       ANDREW FITZGERALD                23    MJ      99.8     100     275        300        320                   320     142.5     152.5     160                 142.5   462.5   230          260          -272.5                    260        740
D       STEVE SIDHU                      27    MO      97.95    100     275        300        -320                  320     150       160                           160     480     250          272.5        285                       250        745
D       CORY VELTING                     54    MM4     109.6    110     280        -300                             300     137.5     -147.5    -147.5              137.5   437.5   227.5        250                                    250        667.5
D       JOSH NELSON (Both)               28    MO      97.2     100     295        -330                             330     185       -192.5    -197.5              197.5   527.5   -250         -250         250                       250        730
D       ROB MORAO                        29    MO      97.5     100     297.5      320        -330                  320     237.5     255       -267.5              237.5   557.5   -235         235          255                       255        830
D       BRIAN BAILEY                     41    MM1     132.4    140     352.5      375        -390                  390     285       305       -320                305     695     235          260          272.5                     272.5      952.5
D       KEVIN MCNAUGHTON (Bench Only)    32    MOB-R   123.95   125                                                 0       182.5     195       -200                182.5   0                                                           0          0
D       TROY BRAMER (Bench Only)         22    MJB     99.8     100                                                 0       230       -240      -240                240     0                                                           0          0
D       PETER JAKOWBOWSKI (Bench Only)   51    MM3B    102.5    110                                                 0       -230      230       -250                0       0                                                           0          0
E       BRIAN JOHNSTON                   47    MM2     104.45   110     -375       -382.5     -382.5                382.5                                           0       0       225                                                 225        0
E       PATRICK THERA (Both)             49    MM2     122.9    125     -195       195        -200                  200     -215      -215      -215                215     415                                                         0          0
