                                      USAPL Mens Nationals 6-24-2013 ~ Killeen, TX
        Name             Team     Div(s)   Body Wt   Wt cls   SQ1      SQ2      SQ3      BP1      BP2      BP3      SUB      DL1      DL2      DL3     Total   Tm Pts   Wilks Total


    Zachary Young                 M-G        40       43      37.5      45      52.5      20       25       -30     77.5    52.5      60      67.5     145       0      193.632998


    Dalton La Coe                 M-T2      51.7      53       140      150     157.5     95       100     -105     257.5   182.5    197.5    -210     455       0      449.22149
     Juan Chapa                   M-T2      52.8      53      142.5     155     162.5    102.5     105     -110     267.5   142.5    -155     -160     410       0      395.977995
     Aaron Burch                  M-T3       53       53      187.5    202.5    212.5    127.5     140     -145     352.5   107.5    117.5     130     482.5     0      464.213264
     Josue Leon          BRAVE    M-T3       53       53      162.5    167.5     175     87.5      95       100     275      185      190     -200     465       0      447.376513


      Mario Leos         TIT-JR   M-JR      53.6      59      -162.5   167.5    172.5     115     -117.5   117.5    290      175     -182.5   -182.5   465       0      442.214988
   Xavier Clark (Jr.)             M-JR      58.8      59       145     152.5    -157.5   112.5    -122.5   -122.5   265      180     192.5    -197.5   457.5     0      397.52175
      Chris Tran         TIT-O    M-O       58.8      59      217.5     230      235      125      130      135     370      225     237.5    242.5    612.5     0      532.201251
   Jeremy Scruggs                 M-O       57.8      59      197.5    217.5    -227.5    110     -125     -125     327.5   217.5    -237.5   -270     545       0      481.235009
     Xavier Clark                 M-O       58.8      59       145     152.5    -157.5   112.5    -122.5   -122.5   265      180     192.5    -197.5   457.5     0      397.52175
  Ricky R. Guerra Jr.             M-T2       59       59      172.5    -180     182.5     110     -115      115     297.5    180      190     -195     487.5     0      422.272485
     Thomas Soto         TIT-JR   M-T3      58.7      59      202.5    217.5    -222.5   102.5    112.5     120     337.5    220     237.5    -245     575       0      500.422497
     Jerry Alaniz        TIT-JR   M-T3       59       59       205     222.5    232.5    127.5     140     -145     372.5   -187.5   187.5    -200     560       0      485.071983
     Hilario Luna                 M-T3      57.8      59      -157.5   157.5    -167.5    105     -110      110     267.5   177.5    -187.5   -187.5   445       0      392.935007
    Adrian Broom                  M-T3      58.1      59       155     -165     -165     -107.5   -107.5   -107.5    0      -205       0                0        0          0


   James Vang (Jr.)               M-JR      65.9      66      232.5    247.5    252.5    147.5     155     -160     407.5   227.5    242.5    -255     650       0      511.029992
Damario "Doc" Halloway   QUEST    M-O       65.8      66       230     242.5    247.5     160     167.5    -172.5   415      250     -257.5    270     685       0      539.231982
  Johnathan Bareng       TIT-O    M-O       65.4      66      237.5     250     -257.5    165      175     182.5    432.5   237.5     250     -255     682.5     0      539.925767
  Michael Hafenbrach     TIT-O    M-O       65.6      66       250      260     262.5     145     152.5     160     422.5   -237.5   237.5    -250     660       0      520.805994
     James Vang          QUEST    M-O       65.9      66      232.5    247.5    252.5    147.5     155     -160     407.5   227.5    242.5    -255     650       0      511.029992
     Jordon Ruiz                  M-T2       66       66      182.5    -207.5    215     -122.5   137.5      0      352.5   -160      160      195     547.5     0       429.897
   Jacob De La Paz                M-T2      65.2      66       175     182.5     190     -82.5    82.5     87.5     277.5    175      190      195     472.5     0      374.787008
  Quenton Winburn                 M-T2      60.4      66      -150     -150      150      75       80      -92.5    230      140     152.5    -160     382.5     0      324.24525
    Sawyer Yandell       TIT-JR   M-T3       65       66      227.5     235     -242.5    115      120      125     360     227.5    237.5     240     600       0      477.119994
   Dallas Delacruz                M-T3      64.7      66      217.5    -227.5   227.5     130      135     137.5    365      220      230     -235     595       0      474.988517
     Jerrell Howell               M-T3      59.3      66      -205      205     -232.5    100     -105     -105     305     -180      180       0      485       0      418.118502
    Jess Rutledge                 M-T3       64       66      172.5     180     -187.5    95      -102.5   -102.5   275     182.5     190      195     470       0      378.679002


   Kody Hernandez                 M-JR      72.5      74      192.5     205     212.5     120      125     132.5    345      190     -200     -200     535       0      390.55001
    Nathan Walton        QUEST    M-O       73.9      74      252.5    -262.5   262.5    -172.5   172.5    177.5    440     277.5     295     -307.5   735       0      529.200021
   Alexander Kang                 M-O       66.1      74      212.5     225      235      120     127.5    -132.5   362.5    220      235      245     607.5     0      476.401508
   Christian C. Dunn              M-T1      73.5      74       145      170      185      125     137.5    142.5    327.5    145      175     192.5    520       0      375.856009
      Tristan Pelitire                   M-T2   73.9    74    -227.5   -227.5   227.5    -162.5   -162.5   162.5    390     212.5    227.5    -250     617.5   0    444.600018
      Nathan Kimball                     M-T2   73.1    74    -170     182.5     185     112.5    -117.5   117.5    302.5   182.5    -187.5   -187.5   485     0    351.916002
     Austin Simmons             TIT-JR   M-T3   73.8    74    237.5    -260     -260     207.5    -217.5   217.5    455     227.5    242.5     250     705     0    508.093518
        Nate Stemo                       M-T3   73.4    74     270      285     -290      125     -135     -135     410      225     237.5    -245     647.5   0    468.466259
    Dwayne Nicholson                     M-T3   72.8    74     220     -235     -235     102.5    107.5     115     335      210     227.5    -237.5   562.5   0    409.387507
     James Windham              BRAVE    M-T3   73.2    74    -227.5   -237.5   -237.5   -160      160     -170      0      -205      205     -227.5    0      0        0


    Knute Douglas (Jr.)         TIT-O    M-JR   82.6    83     330      345     352.5     195     202.5    207.5    560      305     317.5    -325     877.5   12   587.39848
   Brooks Conway (Jr.)          QUEST    M-JR   82.4    83     275      295     -300     -197.5   197.5    202.5    497.5   272.5    -302.5   -302.5   770     9    516.208018
     James Marcotte                      M-JR   82.8    83     245     -255      255     -200     -207.5   207.5    462.5    210     227.5    237.5    700     0    467.950004
       Ty Timphony                       M-JR    83     83     243     252.5    -262.5    125     -135      135     387.5    265     -275     -275     652.5   0    435.543762
      Knute Douglas             TIT-O    M-O    82.6    83     330      345     352.5     195     202.5    207.5    560      305     317.5    -325     877.5   12   587.39848
      Brooks Conway             QUEST    M-O    82.4    83     275      295     -300     -197.5   197.5    202.5    497.5   272.5    -302.5   -302.5   770     9    516.208018
Johnathan (J.J.) Gonzales       QUEST    M-O    75.3    83     265     277.5    -282.5   -182.5   -182.5   -182.5    0      -240     -240      240      0      0        0
      Raynard Taylor                     M-T1   77.6    83    202.5     215     -230      125      130     132.5    347.5    210     222.5    232.5    580     0    403.854017
      Patrick Newell                     M-T1   77.1    83    182.5    197.5    -210     92.5     102.5    -110     300     182.5     200     -215     500     0    349.649996
       Jared Garcia                      M-T2   77.5    83    -207.5   207.5    -220      130     137.5     140     347.5    220     -237.5   237.5    585     0    407.686506
      Abram Guerra                       M-T3   82.7    83    272.5    -282.5   282.5     165     -182.5   182.5    465      235     257.5    -265     722.5   0    483.280259
      Wesley Prevot             BRAVE    M-T3   78.8    83     215     -222.5   227.5    117.5    127.5    -137.5   355      235      245     -255     600     9      413.58
     Dillon Ray Torres                   M-T3   80.7    83     195      205     -217.5   142.5     155     -160     360     227.5     240     -247.5   600     0    407.400012
        Taylor Nox              BRAVE    M-T3   80.5    83    227.5     240      250     -172.5   -175     -175      0      237.5     255     -262.5    0      0        0
Johnathan (J.J.) Gonzales (T)   QUEST    M-T3   75.3    83     265     277.5    -282.5   -182.5   -182.5   -182.5    0      -240     -240      240      0      0        0


        Dillon Kotz             TIT-JR   M-JR   90.7    93    227.5    252.5    -260      185      200     217.5    470      215     237.5    -250     707.5   12   449.899265
      Charlie Conner            QUEST    M-O    91.8    93    -320     322.5    337.5    252.5     260      270     607.5    255      270     -290     877.5   12   554.667738
    Nicholas Gutierrez          TIT-O    M-O    87.8    93     295     317.5     325      205      215     222.5    547.5   -267.5   -267.5   267.5    815     9    527.06052
       Matt Rodock                       M-O    92.5    93    -295      310      315     -180      180     -185     495      260      280      290     785     0    494.393017
         Kris Hunt                       M-O    92.5    93    292.5    -310     312.5    187.5    -200      200     512.5    270     -285     -285     782.5   0    492.818517
       Dale McLaren             QUEST    M-O    92.9    93     280     -297.5   -302.5   192.5    202.5     210     490      265     282.5     290     780     6    490.229988
      Lauren Cohen                       M-O    90.7    93    -325     -325     -325     -230       0                0        0                         0      0        0
   Alfonso (AJ) Alvarez         TIT-JR   M-T3    93     93     285     -295      310      175     -185      185     495      250     267.5    -282.5   762.5   12   479.002496
    Jamie Czajkowski                     M-T3    93     93    -282.5   -282.5   282.5     225     -230     -230     507.5   -230      230     -237.5   737.5   0    463.297496
     Erasmo Canales                      M-T3   85.7    93     185      195      200     -165      165     -170     365      200      215     -220     580     0    380.074012


     Luis Jaimes (Jr.)          TIT-O    M-JR   96.7    105    305     -315     317.5    -235      235     -245     552.5    265      275     -280     827.5   12   510.733014
        Luis Jaimes             TIT-O    M-O    96.7    105    305     -315     317.5    -235      235     -245     552.5    265      275     -280     827.5   12   510.733014
        JC Wright                        M-O    102.5   105   -300      310     317.5     190     -197.5   197.5    515     292.5     305     -315     820     0    494.29601
    Anthony Stavenski                    M-O    104.5   105    260     272.5     280     -265      265     -272.5   545      240      250     -255     795     0    475.886976
        Glenn May                        M-O    105     105   287.5    -305     -305      200     -212.5   -212.5   487.5    265      275      280     767.5   0    458.657987
         Ken Gack                        M-O    104.2   105   -300      300     312.5    227.5    -245      245     557.5   -305     -305     -305      0      0        0
     Matt Garcia         TIT-JR   M-T2   95.9    105     275      290     -295     192.5    205      210     500      275     -285       0      775     12   480.035019
  Trenton D. Elkins               M-T2   103.7   105    -272.5   272.5    -295     175      190     -200     462.5   267.5    -272.5   -272.5   730     0    438.145998
   Blade Bronstad                 M-T2   104.5   105     250     -265     287.5    142.5   157.5    -165     445     237.5    -252.5   -265     682.5   0    408.54448
      Sam Pope                    M-T3   103.9   105     250     -275      280     112.5    120     -130     400      230     242.5    -257.5   642.5   0    385.371494
    Brian Bowman                  M-T3   102.8   105    227.5    -240     -250     150      165     -190     392.5   212.5     225     -230     617.5   0    371.796759


    Scott Dobbins                 M-JR   119.1   120     320     337.5     350     242.5   252.5     255     605      275     -307.5   -307.5   880     0    506.792016
     Derek Moss                   M-JR   120     120    227.5    -250     -250     -220    -220     -220      0      -217.5     0                0      0        0
     Steve Mann          TIT-O    M-O    119.3   120     365      385      400     275      290     -297.5   690     277.5    297.5     310     1000    12   575.699985
    Ed McKelvey                   M-O    118     120     250     -272.5   -272.5   192.5    205     -217.5   455      250     272.5    282.5    737.5   0    425.684997
  Andre D. Gholsun       TIT-O    M-O    119.9   120    -350     -350     -350      0                         0        0                         0      0        0
 Michael L. Rodriguez    TIT-JR   M-T2   111.9   120    327.5    347.5    -367.5   -220     220     232.5    580      275     282.5    287.5    867.5   12   507.921252
  Morocco B Arnold                M-T2   109.5   120     250     -280     -292.5   165     -185     -185     415     247.5     275     -297.5   690     0    406.616984
    Donald Treglia       BRAVE    M-T2   115.7   120     190     -215     222.5    125      145      160     382.5    215     232.5    -265     615     8     356.7615
   Reginald Scales                M-T3   117.7   120    272.5     290     -300     -220     220      225     515      245      265     277.5    792.5   0    457.748002
   Garrett Chandler      BRAVE    M-T3   113.4   120    282.5    -295     297.5    175     182.5     190     487.5   282.5    292.5    -305     780     9    454.973996
Kevin "Dakotta" Cooksy            M-T3   108.9   120    277.5    292.5    -307.5   160     172.5     185     477.5    245      265     277.5    755     0    445.676518


   Aaron Gonzales                 M-JR   149.4   120+    345     367.5    -410     272.5   -287.5   -290     640      240     -285     -285     880     0    487.168012
  Joseph Cappellino      QUEST    M-O    163.6   120+    375     397.5     410     305      315     -322.5   725      310     327.5     340     1065    12   581.916011
    Randall Harris       TIT-O    M-O    155.2   120+    345     -375     -375     285     302.5    -310     647.5   -330      330     -337.5   977.5   9    538.211492
    Dustin Meaux                  M-O    144.6   120+    310     327.5    342.5    -265    272.5     280     622.5   287.5    -297.5   -307.5   910     0    506.142025
    Jason Christus                M-O    154.5   120+    330     -345     -345     252.5   -265     -265     582.5   282.5     325     -347.5   907.5   0    500.032499
     Justin Gray                  M-O    145.7   120+   297.5     305     -320     -210     210     222.5    527.5    295     -310     -310     822.5   0    456.98099
    Blaine Sumner        TIT-O    M-O    157.3   120+   -457.5   -457.5   -457.5   -330     330     -365      0       325      340     -352.5    0      0        0
  Michael Zawilinski              M-O    180.2   120+   -375     -375     -375     125      175      210      0      -200       0                0      0        0
   Matthew Harper        BRAVE    M-T2   133.6   120+   272.5     310     -322.5   185     212.5    222.5    532.5    185     227.5    272.5    805     12   453.134505
     Alex Devine         BRAVE    M-T2   141.5   120+   -220     222.5    232.5    135      150      165     397.5    230     237.5     240     637.5   9    355.661257
  Cameron Ellerbee                M-T2   127.7   120+   -242.5   -250     -250     155      160     -165      0       260     -272.5   -272.5    0      0        0
     Andy Askow                   M-T3   163.6   120+   307.5    322.5    332.5    215     232.5    242.5    575      250      270     -275     845     0    461.708009
    Charlie Sorto                 M-T3   138.9   120+   267.5    -285      285     150      160     167.5    452.5   237.5    252.5    -260     705     0    394.447485
    Adam Aleman                   M-T3   155.5   120+    285     307.5    -327.5   152.5    160      165     472.5   -212.5   212.5     220     692.5   0    381.221233
