15-Sep-18           Washington UPA Fall Championships-Lb Results
                                       BWt    WtCls                                                        Best                                             Best      Sub    Deadlift   Deadlift   Deadlift   Deadlift    Best                      Coeff
       Name         Age      Div                       Schwartz   Squat 1   Squat 2   Squat 3   Squat 4            Bench 1   Bench 2   Bench 3   Bench 4                                                                            PL Total                 Pl-Div-WtCl
                                       (Lb)     (Lb)                                                      Squat                                            Bench     Total      1          2          3          4       Deadlift                  Score
Mackie Fleishman    31       M-R-O     198    198.25   0.5861      611.78   650.36     677.91     0       677.91     429.9    468.48    490.52    0        490.52   1168.4   661.38      705.47    -727.52      0        705.47       1873.91     498.185   1-M-R-O-198.3
Justin Clifford     32       M-R-O     270     275.5   0.5243     -661.38   661.38    -699.96     0       661.38    374.78   -402.34   -402.34    0        374.78   1036.2   727.52     -804.68    -804.68      0        727.52       1763.68      419.44   1-M-R-O-275.5
Dylan Standerford   28       M-R-O    280.6    308.5   0.5182      435.41   462.97     485.01     0       485.01    242.51   -264.55    264.55    0        264.55   749.56    529.1      562.17    -600.75      0        562.17      1311.737     308.329   1-M-R-O-308.5
Pete Ocain          33       M-R-O     190    198.25   0.6013      407.85   424.39     440.92     0       440.92   -297.62    319.67   -325.18    0        319.67   760.59   501.55      523.59     540.13      0        540.13      1300.714     354.767   2-M-R-O-198.3
Kam Brassfield      40      M-R-M1     240     242.5   0.5392     -385.81   385.81     407.85     0       407.85    264.55    270.06    -286.6    0        270.06   677.91   518.08      545.64     551.15      0        551.15     1229.0645     300.604     1-M-R-M1
Oscar Martinez 2    47      M-R-M2    148.8   148.75   0.7258      374.78   391.32     402.89   407.85    402.89    275.58   -292.11    292.11    0        292.11     695    485.01      501.55     507.06      0        507.06     1202.0581   395.74245     1-M-R-M2
Oscar Martinez      47       M-R-O    148.8   148.75   0.7258      374.78   391.32     402.89   407.85    402.89    275.58   -292.11    292.11    0        292.11     695    485.01      501.55     507.06      0        507.06     1202.0581   395.74245   1-M-R-O-148.8
Patrick Roy         28       M-R-O     222     242.5   0.5524      396.83   407.85     424.39     0       424.39    137.79       0         0      0        137.79   562.17    429.9      451.94     468.48      0        468.48     1030.6505     258.247   1-M-R-O-242.5
Gerry Swart         35       M-R-O     190    198.25   0.6013       286.6   303.13     325.18     0       325.18    225.97    236.99   -248.02    0        236.99   562.17    336.2      385.81    -407.85      0        385.81       947.978     258.559   3-M-R-O-198.3
Ashley Condray      30       F-R-O     131    132.25   0.8213      303.13   314.16     325.18     0       325.18    154.32    159.83    165.35    0        165.35   490.52   396.83      407.85     418.87      0        418.87      909.3975   338.78625   1-F-R-O-132.3
Nicki Gunther       41      F-R-M1     164    165.25   0.6687      242.51   259.04     281.09     0       281.09    198.41   -209.44   -209.44    0        198.41    479.5   225.97      242.51     281.09      0        281.09       760.587    230.7015     1-F-R-M1
Jessica Womack      16      F-R-T2    178.5   181.75   0.6273      248.02   259.04     264.55     0       264.55    121.25    137.79     143.3 -148.81      143.3   407.85   275.58      303.13     319.67    325.18     319.67       727.518     207.009     1-F-R-T2
Ken Mills           57    M-AD-R-M4    200    220.25   0.5827      203.93   220.46    -264.55     0       220.46    181.88     192.9   -209.44    0         192.9   413.36   292.11      308.64    -330.69      0        308.64      722.0065   190.83425   1-M-AD-R-M4
Allison Kelly       24     F-AD-R-O    162    165.25   0.6752      225.97   242.51     253.53   259.04    253.53    110.23    121.25   -132.28    0        121.25   374.78   253.53      264.55    -275.58      0        264.55       639.334     195.808   1-F-AD-R-O-165.3
Julienne Taylor     32     F-AD-R-O    160    165.25    0.682     -126.76   126.76      143.3     0        143.3   -93.696   -104.72   -104.72    0           0        0     209.44      225.97     236.99      0        236.99          0           0             0
 Keith Tilley       30       M-R-O     220    220.25   0.5545      633.82   655.87     666.89     0       666.89   -385.81   -385.81   -385.81    0           0        0        0          0          0         0          0             0           0             0
15-Sep-18              Washington UPA Fall Championships-Lb Results
                                     BWt      WtCls                                                Best       Coeff
        Name           Age    Div                      Schwartz   Bench 1   Bench 2   Bench 3                         Pl-Div-WtCl
                                     (Lb)      (Lb)                                               Bench      Score
Allison Nathe          42 F-AD-R-M1 242        SHW     0.5367     203.93    -220.46 -220.46     203.9255   49.64475   1-F-AD-R-M1
Emily Bautista Herdt   44 F-AD-R-M1 174.5     181.75   0.6376     132.28     148.81 154.32       154.322     44.632   2-F-AD-R-M1
Raymond Halling        81 M-R-AD-M10 220      220.25   0.5545     187.39    -203.93 -203.93      187.391    47.1325   1-M-R-AD-M10


Chris Masenten         47    M-R-M1   240     242.5    0.5392     330.69    -352.74   352.74    352.736     86.272     1-M-R-M1


William Dirk           39    M-R-O     218    220.25   0.5594     -556.66 -556.66 556.66        556.6615   141.2485   1-M-R-O-220.3
David Osborn           30    M-R-O    321.5    SHW     0.4971      485.01 -501.55 -501.55        485.012    109.362   1-M-R-O-SHW
Michael Lobushok       38    M-R-O     324     SHW     0.4959      341.71 -374.78 -374.78        341.713    76.8645   2-M-R-O-SHW
