Flt                                    BWt WtCls            Lot   RH   Squat   Squat    Squat   Squat Best    RH                                       Best    Sub Deadlift Deadlift Deadlift Deadlift Best                Coeff    Age &   Pl              Tm
           Name           Age   Div                Reshel                                                        Bench 1   Bench 2 Bench 3 Bench 4                                                             PL Total                         Pl-Div-WtCl        Team     Events
C                                      (Kg) (Kg)             #    Sq     1       2        3       4   Squat   BP                                      Bench   Total   1        2        3       4     Deadlift             Score     Coeff code             Pts
A      Gary Bobrovitz     62    M-5     59.4  60  1.4456           4   167.5   -182.5   182.5   185   182.5    3    125    -132.5   -132.5   -132.5    125    307.5 167.5     180      185    -192.5    185     492.5     711.958   991.757  1    1-M-5-60   7      GPC     PL BP
A        Tom Brooks       55    M-4     96.7 100 0.9282            9   -185    -207.5   207.5         207.5    3   -115      115     -125              115    322.5  100                                100     422.5     392.165   480.402  1   1-M-4-100   7      GPC      PL
A        Brad Wilson      53    M-3     99.2 100 0.9182           10   -190      190     200           200     3    140     -150      150              150     350   185     192.5     200              200      550      505.010   597.932  1   1-M-3-100   7      GPC      PL
A      Allison Lockhart   32     FO     80.9 82.5 0.7962           6    210    232.5     240           240     2  127.5      140     -150              140     380   185     202.5     210              210      590      469.729    0.000   1   2-FO-82.5   7      GPC     PL BP
A        Norm Lewis       30    MO      74.7  75  1.1208           5    215      240    -275           240          140      150    -167.5             150     390   215      225    -252.5             225      615      689.292    0.000   1    1-MO-75    7      GPC      PL
A      Rob Nikoleychuk    32    MO       82  82.5  1.034           8   -220      230     255           255     1    165      175      188              188     443   220      240      260              260      703      726.902    0.000   1  1-MO-82.5    7      GPC      PL
A          Jim Kozey      42    M-1     88.4  90  0.9798           8   227.5   237.5    247.5         247.5    3  137.5    -147.5    -150             137.5    385  227.5     240     -255              240      625      612.375   624.623  1    1-M-1-90   7      GPC      PL
A        Clay Sparks      19    MT-3    98.6 100 0.9206            7    230    237.5    242.5         242.5    3    145     -150     -150              145    387.5  210      220      230              230     617.5     568.471   591.209  1  1-MT-3-100   7      GPC      PL
A        Tara Green       24     FO     77.1 82.5 0.8211           4    250     -260     260           260     0  142.5    152.5     -165             152.5   412.5 182.5 197.5        205              205     617.5     506.998    0.000   1   1-FO-82.5   7      CPF     PL BP
A       Bert Merriman     65    M-6     91.3 100 0.9596                                                 0           125      142      160              160      0    175      195     -205              195       0        0.000     0.000   1       0       0    GPC CPF   BP DL
A     Andrea McDougall    41    M-2     71.9  75  1.1636                                                0      0   92.5     -97.5    97.5              97.5     0                                        0        0        0.000     0.000   1       0       0      GPC      BP
A       Keelan Schule     27    MO      89.9  90  0.9694                                                0      5   -195      195     -205              195      0                                        0        0        0.000     0.000   1       0       0      GPC      BP
B       Patrick Thera     51    M-3    123.5 125    0.86           9    215     230      235           235     3    220    227.5      235              235     470   185      190     -195              190      660      567.600   651.037  1   1-M-3-125   7      GPC     PL BP
B       Randy Sparks      56    M-4    107.8 110    0.89           8    230     245     262.5         262.5    3    125    132.5    -140.5            132.5    395   215     227.5     240              240      635      565.150   704.177  1   2-M-4-110   7      GPC      PL
B        Cory Velting     56    M-4    109.2 110   0.887           8    250     280      295           295     3    125    137.5    147.5             147.5   442.5  235      260     272.5            272.5     715      634.205   790.219  1   1-M-4-110   7      GPC      PL
B       Josh Kennedy      24    MO     122.5 125   0.861           9   267.5    275     292.5         292.5    3    155    167.5    182.5             182.5    475  227.5     250     267.5            267.5    742.5     639.293    0.000   1   3-MO-125    7      GPC      PL
B         Ken Drake       36    MO     135.1 140   0.846           8    270    -290      290           290     4  -192.5   -192.5   -192.5              0       0                                        0        0        0.000     0.000   1       0       0    GPC CPF    PL
B          Jim Myers      30    MO     145.2 SHW 0.835            10   272.5   -300     -300          272.5    4    240    -252.5   -252.5             240    512.5 -250      250      255              255     767.5     640.863    0.000   1  1-MO-SHW     7      GPC     PL BP
B       Johnny Phung      29    MO     101.2 110 0.9102            5    275    -310     -310           275     1    210    217.5    222.5             222.5   497.5  260     -275      275              275     772.5     703.130    0.000   1   1-MO-110    7      GPC      PL
B        Tony Tomra       51    M-3    106.9 110 0.8924            7    305     320      335           335     2  227.5    237.5    247.5             247.5   582.5  240      255     -270              255     837.5     747.385   857.251  1   1-M-3-110   7      CPF      PL
B        Tavis Harris     33    MO     122.4 125   0.861           9   -325     325      350           350     4   -190     -190      190              190     540   255     272.5 277.5               277.5    817.5     703.868    0.000   1   2-MO-125    7      GPC      PL
B       James Loach       25    MO     121.2 125   0.862           8   -375     375      395           395     4    240      260    -277.5             260     655   295      320     -330              320      975      840.450    0.000   1   1-MO-125    7      CPF      PL
B        Brian Bailey     43    M-2    136.8 140   0.844           9    400     410      420           420     3  287.5    307.5      320              320     740   225      255    -267.5             255      995      839.780   865.813  1   1-M-2-140   7      GPC     PL BP
B        Mike Webber      43    M-2    122.4 125   0.861                                                0      1    250                                250      0                                        0        0        0.000     0.000   1       0       0      CPF      BP
Flt                                    BWt WtCls Reshel Lot   RH   Squat    Squat    Squat    Squat    Best    RH                              Best    Sub Deadlift Deadlift   Deadlift Best                Coeff    Age &   Pl              Tm
           Name           Age   Div                                                                               Bench 1   Bench 2 Bench 3                                                     PL Total                         Pl-Div-WtCl        Team     Events
E                                      (Kg) (Kg)         #    Sq     1        2        3        4      Squat   BP                             Bench   Total   1        2         3     Deadlift             Score     Coeff code             Pts
 E     Craig Johnston     31    MO     94.65 100 0.9382             170     187.5    197.5             197.5    2   110      122.5   -127.5   122.5    320   205     222.5     -227.5   222.5    542.5     508.974    0.000   1   5-MO-100    7      GPC     PL BP DL
 E      Jim Haskayne      50    M-3    96.85 100 0.9274       9     200      215     -227.5             215     2   120       125     130      130     345   215     227.5     -232.5   227.5    572.5     530.937   599.958  1   1-M-3-100   7      GPC        PL
 E      Jeremy Hayes      24    MO     98.05 100 0.9226       9     225      240     252.5             252.5    1  142.5     152.5   -162.5   152.5    405   225      240       255      255      660      608.916    0.000   1   2-MO-100    7      GPC        PL
 E       Corey Hayes      26    MO     96.1 100 0.9316        11   192.5    -205      205               205     3  137.5     142.5   152.5    152.5   357.5  240      255      262.5    262.5     620      577.592    0.000   1   3-MO-100    7      GPC        PL
 E       Brad Wilson      25    MO     98.25 100 0.9218                                                  0                                      0       0   -240      260       -270     260       0        0.000     0.000   1       0       0      GPC        DL
 E    Brandon Blachford   24    MO     97.65 100 0.9242       11    220      225     -235               225    2    170     177.5    182.5    182.5   407.5 282.5     295       305      305     712.5     658.493    0.000   1   1-MO-100    7      GPC        PL
 E     Dominic Toovey     34    MO     136.2 140   0.845      9    237.5    267.5     290               290    3    175       190    202.5    202.5   492.5 267.5     300       310      310     802.5     678.113    0.000   1   1-MO-140    7      GPC        PL
 E      Kris Sunneson     28    MO     130.6 140   0.851      10    285     307.5    317.5             317.5   2    155     162.5    -167.5   162.5    480   290     307.5     -317.5   307.5      0        0.000     0.000   1       0       0      GPC      BP DL
 E       Paul Binette     24    MO     109.3 110 0.8868       11   142.5    207.5    232.5             232.5   4    150     167.5    -172.5   167.5    400   275      305       320      320      720      638.496    0.000   1   2-MO-110    7      GPC        PL
 E      Dave Panteluk     32    MO     108.9 110 0.8874       10   242.5    -257.5   257.5             257.5   2   157.5      170     175      175    432.5  290     312.5     322.5    322.5     755      669.987    0.000   1   1-MO-110    7      GPC        PL
 E       Evan Beyer       26    MO     124.8 125   0.858      11    280     297.5    312.5             312.5   2   187.5      200    207.5    207.5    520   295      320       325      325      845      725.010    0.000   1   1-MO-125    7      GPC        PL
 E        Scott Wong      25    MO     92.7 100 0.9502              225      240                        240    2    140     -152.5             140     380   235                         235      615      584.373    0.000   1   4-MO-100    7      CPF        PL
 E      Tyson McNeil      34    MO     95.25 100 0.9348                                                  0     2    160       165    -170      165      0                                 0        0        0.000     0.000   1       0       0      GPC        BP
 E      Kyle Rozendal     26    MO     95.7 100 0.9332                                                   0     2   187.5    197.5    205       205      0                                 0        0        0.000     0.000   1       0       0      GPC        BP
 E      Mike Webber       43    M-1    122.9 125   0.86                                                  0     1    190       205    -215      205      0                                 0        0        0.000     0.000   1       0       0      CPF        BP
 E       Mike Cartier     32    MO     95.8 100 0.9328                                                   0     2   192.5    202.5             202.5     0                                 0        0        0.000     0.000   1       0       0    GPC CPF      BP
D        Vik Manhani      18    MT-3   83.65 90   1.0174      8      85      87.5     105               105    2     80      87.5      100     100     205  122.5 142.5         150      150      355      361.177   382.848  1   2-MT-3-90   7    GPC CPF      PL
D       Nibaldo Flores    31    MO     87.45 90    0.987      9     110      120      140               140    2    110     117.5      125     125     265   125      140       165      165      430      424.410    0.000   1    6-MO-90    7      GPC        PL
D       Colin Mullaney    54    M-3    85.75 90   0.9996      9     105     127.5     140               140    3    105     112.5      120     120     260   150      175      -190      175      435      434.826   523.531  1    1-M-3-90   7      GPC     PL BP DL
D       Brad Walchuk      38    MO     80.7 82.5 1.0464       7    -152.5   152.5    162.5             162.5   2    110       115    117.5    117.5    280  167.5     180      192.5    192.5    472.5     494.424    0.000   1   6-MO-82.5   7      GPC        PL
D       Zach Delaney      17    MT-3   87.15 90   0.9884      8     115     127.5     140               140    2     85       100     -105     100     240   175      185      192.5    192.5    432.5     427.483   461.682  1   1-MT-3-90   7      GPC        PL
D       Garrett Gruber    25    MO     81.6 82.5 1.0378       10    170     177.5     -185             177.5   3   122.5     -130      130     130    307.5  175    -182.5               175     482.5     500.739    0.000   1   5-MO-82.5   7      GPC      PL BP
D      Cody Matthews      24    MO     81.9 82.5 1.0348       7    157.5    177.5     185               185    0    115       125    -132.5    125     310   190      210       -225     210      520      538.096    0.000   1   4-MO-82.5   7      GPC        PL
D        Justin Pfeifer   30    MO      88    90   0.983      7     175     197.5    -207.5            197.5   1    105     117.5     -125    117.5    315   190     212.5     227.5    227.5    542.5     533.278    0.000   1    5-MO-90    7      GPC        PL
D      Scott McDonald     32    MO     81.65 82.5 1.0366      10    -195     200      -205              200    1   -92.5     -92.5    -92.5     0       0    195      210      -227.5    210       0        0.000     0.000   1       0       0      GPC      PL BP
D         Nate Vella      25    MO      82   82.5  1.034      8    197.5     210      -215              210    1    130     -137.5   137.5    137.5   347.5 197.5     200      202.5    202.5     550      568.700    0.000   1   3-MO-82.5   7      GPC      PL BP
D     Brett Lagimodiere   27    MO     88.1   90  0.9822      7    197.5    207.5     -220             207.5   1   152.5    -167.5   -167.5   152.5    360  197.5 212.5        -227.5   212.5    572.5     562.310    0.000   1    3-MO-90    7      GPC        PL
D     Anthony Speranza    21    M-J    86.7   90  0.9924      10    160      175      185               185    3    125     137.5    147.5    147.5   332.5  200     227.5     -242.5   227.5     560      555.744   566.859  1    1-M-J-90   7      GPC        PL
D       Alex Colleaux     26    MO     88.25 90   0.9806      7     190     207.5    -217.5            207.5   2    110     117.5     -125    117.5    325   215      230      -242.5    230      555      544.233    0.000   1    4-MO-90    7      GPC        PL
D     Sean Lagimodiere    25    MO      90    90   0.969      7     205     227.5    -232.5            227.5   1    120       135    -142.5    135    362.5  215      230      -242.5    230     592.5     574.133    0.000   1    2-MO-90    7      GPC        PL
D         Lee Powell      30    MO     80.15 82.5 1.0516      6     175      190      195               195    2    110     117.5    122.5    122.5   317.5  225      235       240      240     557.5     586.267    0.000   1   2-MO-82.5   7      GPC     PL BP DL
D          Jay Cook       30    MO     82.4 82.5 1.0298       5    242.5     255     267.5    -272.5   267.5   1   112.5    122.5    -132.5   122.5    390   240     252.5     -262.5   252.5    642.5     661.647    0.000   1   1-MO-82.5   7      GPC        PL
D        Dean Guedo       26    MO     89.5   90   0.972      10    230      -245     245               245    2    155     162.5    -167.5   162.5   407.5 277.5     290                290     697.5     677.970    0.000   1    1-MO-90    7      GPC        PL
D       Scott Johnson     31    MO     89.3   90  0.9736      7    -242.5   -247.5   -247.5              0     1   167.5      180    187.5    187.5     0                                 0        0        0.000     0.000   1       0       0      GPC      PL BP
Flt                                      BWt WtCls           Lot   RH   Squat   Squat   Squat    Squat   Best    RH                                  Best   Sub Deadlift Deadlift Deadlift Deadlift Best                 Coeff    Age &   Pl              Tm
           Name             Age   Div               Reshel                                                          Bench 1 Bench 2 Bench 3 Bench 4                                                          PL Total                         Pl-Div-WtCl       Team   Events
C                                        (Kg) (Kg)            #    Sq    1       2       3        4      Squat   BP                                 Bench   Total   1       2        3        4     Deadlift             Score     Coeff code             Pts
C   Willow McDougall        11    MT-1   61.9 67.5 1.3668                                                   0        -27.5     30    32.5            32.5     0                                        0        0        0.000     0.000   1       0       0    GPC       BP
C Adrienne Nickerson        47    FM-2   51.7  52  1.1126                65      75       80               80          40      45      50             50     130  -82.5     90    -100.5              90       220      244.772   264.843  1   1-FM-2-52   7    GPC       PL
C        Deb Ellard         55    FM-4   62.2 67.5 0.9596                85      90      92.5             92.5         50      55    -57.5            55    147.5   95    -100      105               105     252.5     242.286   296.801  1  1-FM-4-67.5 7     GPC       PL
C      Dallas Smith         27     FO    62.2 67.5 0.9596               127.5   132.5    140              140         52.5     55    -57.5            55     195  152.5    160     -170               160      355      340.640    0.000   1   1-FO-67.5   7    GPC       PL
C    Crystal Grimsen        26     FO    51.4  52  1.1178                -65     65       75               75          45      55    57.5             45     120  92.5    107.5    1125              107.5    227.5     254.300    0.000   1    1-FO-52    7    CPF       PL
C       Kari Zuback         44    FM-2    56   56  1.0439                90      95      100              100         52.5   -57.5   -57.5           52.5   152.5   90     100      110               110     262.5     274.024   285.807  1   1-FM-2-56   7    GPC       PL
C       Andra Irons         29     FO    57.7  60  1.0191                100     110    -117.5            110          50      55     -60             55     165  112.5    120      130              112.5    277.5     282.800    0.000   1    2-FO-60    7    GPC       PL
C      Kerri Nichols        35     FO    54.5  56  1.0669               77.5    82.5     87.5             87.5       52.5     -60     -60            52.5    140  102.5 107.5 112.5                  102.5    242.5     258.723    0.000   1    1-FO-56    7    GPC       PL
C    Matthew Duckett        30     MO     57   60   1.543               77.5    82.5      95              82.5         55     67.5   -72.5            55    137.5   95    102.5     110               110     247.5     381.893    0.000   1    2-MO-60    7    GPC       PL
C        Bill Hurley        33     MO     59   60    1.46               92.5     100     110              110         62.5    67.5    72.5           72.5   182.5  92.5    105     117.5             117.5     300      438.000    0.000   1    1-MO-60    7    GPC       PL
C      Erika Worger         33     FO    59.4  60  0.9956                105     115    122.5            122.5        62.5    72.5   -82.5           62.5    185   110     115      120               120      305      303.658    0.000   1    1-FO-60    7    GPC       PL
D      Kelly Bridges        35     FO    66.4 67.5 0.9113                60     72.5     82.5             82.5        27.5     35    -37.5            35    117.5   65    72.5      85                85      202.5     184.538    0.000   1   2-FO-67.5   7    GPC       PL
D Alison MacNearney         52    FM-3   70.7  75  0.8704               57.5    65.5                      65.5        32.5    35.5    37.5           37.5    103    95     108                        108      211      183.654   213.957  1   1-FM-3-75   7    GPC     PL BP
D    Monica Johnston        64    FM-5   71.4  75  0.8645                30      35                        35         37.5     40    40.5            40.5    75.5   75      85       95                95     170.5     147.397   213.726  1   1-FM-5-75   7    GPC    PL BP DL
D   Rochelle Bunbury        22     F-J    65  67.5 0.9267                 70    77.5    87.5              87.5        37.5     45    -47.5            45    132.5   90    -105      105               105     237.5     220.079   222.280  1   2-F-J-67.5  7    GPC       PL
D    Carly Powelske         23     F-J   65.1 67.5 0.9255               52.5    62.5    67.5              67.5         45     47.5   -52.5           47.5    115    80      90      95                95       210      194.355    0.000   1   3-F-J-67.5  7    GPC     PL BP
D      Vicky Cornish        56    FM-4   93.7   0  0.7346                                                   0        -47.5     50    52.5     55     52.5     0    110    117.5 122.5        125     122.5      0        0.000     0.000   1       0       0    GPC     BP DL
D     Jaime Krumins         29     FO    70.3  75  0.8739                70     92.5     105              105        -42.5     50     -55             50     155   145    -160     -160                0        0        0.000     0.000   1       0       0    GPC       PL
D    Brittany Dewald        22     F-J   65.5 67.5 0.9211               87.5     100    112.5            112.5         50     57.5    -60            57.5    170   125    137.5    -150              137.5    307.5     283.238   286.071  1   1-F-J-67.5  7    GPC       PL
D   Courtney Johnston       32     FO    70.9  75  0.8687               105     112.5   -120             112.5         60    62.5     -65            62.5    175   150     165     -170               165      340      295.358    0.000   1    1-FO-75    7    GPC    PL BP DL
D      Bernice Fuss         57    FM-4   71.2  75  0.8662               125     137.5    150     160      150          95     100    107.5 112.5 107.5      257.5  155    167.5     175    -182.5     175     432.5     374.632   475.033  1   1-FM-4-75   7    GPC       PL
D       Kevin Wais          23     MO    74.9   0  1.1182                                                   0         140     155     160            160       0                                        0       0        0.000     0.000   1       0       0    GPC       BP
D Margaret Ann Estabrooks   66    FM-6   79.2 82.5 0.8069               47       48                        48          37      38                     38      86    70     77.5      78                78      164      132.332   152.327  1  1-FM-6-82.5 7     GPC       PL
D   Birchman Pereira        67     M-6   74.1   0  1.1304               115     132.5    140              140          70                              0       0  182.5 192.5       200     202.5     200       0        0.000     0.000   1       0       0    GPC       PL
D     Lauren Toews          24     FO    66.3 67.5 0.9124                                                   0                                          0       0                                        0       0        0.000     0.000   1       0       0    GPC       DL
