                                                                             APU
                                                          2019 APU WA Cup
                                                 Squat                             Bench                     Deadlift
               Name    Age   BW                                                                                                  PL Total IPF Points   Place
                                       1           2        3          1            2        3        1         2         3
                                                                   3-Lift Results
                                                                     Female Open
U63kg
Marija Predojevic      24    62.7    102.5       107.5    112.5      57.5          62.5    65.0     120.0     130.0     -140.0    307.5     531.48       1
U72kg
Maria Stylianou        26    68.7    107.5       112.5    117.5      75.0          -77.5   -77.5    140.0     145.0     -147.5    337.5     561.34       1
U84kg
Kelly Stoikov          48    77.7    -127.5      127.5    -135.0     65.0          70.0    -75.0    135.0     145.0     152.5     350.0     552.62       1
Ayesha Parsons         28    76.6    107.5       112.5    117.5      60.0          65.0    -67.5    142.5     150.0     157.5     340.0     539.84       2
Jo Clarke              27    76.0    102.5       112.5    -115.0     50.0          55.0    -57.5    115.0     120.0     -125.0    287.5     457.95       3
84kg+
Rebekah Jasmin Moyle   24    105.5   90.0        97.5     -100.0     72.5          77.5    -80.0    140.0     145.0     150.0     325.0     459.50       1
Felicity Thompson      31    100.5   92.5        97.5     105.0      65.0          70.0    75.0     105.0     117.5     125.0     305.0     439.38       2
Megan Belcher          33    93.5    70.0        80.0     87.5       62.5          70.0    72.5     125.0     135.0     140.0     300.0     443.00       3
                                                                   Male Open - Raw
U74kg
Gerard Green           26    73.4    155.0       165.0    175.0      130.0         137.5   142.5    182.5     192.5     -205.0    510.0     540.96       1
U83kg
Jacob Sofianos         25    82.4    170.0       180.0    190.0      125.0         132.5   -137.5   205.0     215.0     -237.5    537.5     528.44       1
Dwight Jolly           37    81.1    162.5       175.0    182.5      95.0          102.5   -110.0   175.0     -185.0    185.0     470.0     456.65       2
Chris Ball             50    82.9    162.5      -175.0    175.0      77.5          80.0     85.0    170.0      180.0    190.0     450.0     426.73       3
U93kg
Steven Christensen     35    91.7    170.0       185.0    190.0      112.5         122.5   125.0    220.0     245.0     -257.5    560.0     515.20       1
Hung Vo                27    90.6    175.0       190.0    195.0      102.5         110.0   -115.0   185.0     200.0     207.5     512.5     467.93       2
Domenico Misitano      25    92.5    162.5       172.5    -180.0     107.5     -115.0      -115.0   180.0     192.5     -200.0    472.5     418.81       3
U105kg
Brett Jaffrey          35    101.8   190.0       197.5    205.0      137.5         145.0   150.0    220.0     245.0     250.0     605.0     527.00       1
Michael Bull           27    94.4    150.0       157.5    162.5      112.5     -117.5      -117.5   210.0     222.5     227.5     502.5     444.85       2
U120kg
Leslie Harris          38    113.7   180.0       192.5    200.0      107.5         115.0   -120.0   220.0     235.0     245.0     560.0     449.64       1
Louis Dunstan          41    111.4   140.0       152.5    160.0      100.0     -112.5      -112.5   160.0     170.0     180.0     440.0     339.64       2
                                                                   Male Junior - Raw
U74kg
Kevin Mcilwaine        20    70.3    180.0       192.5    200.0      97.5          102.5   -107.5   -210.0    210.0     217.5     520.0     571.72       1
U83kg
Jesse Clewes           19    82.3    182.5      -192.5    192.5      117.5     -122.5      122.5    210.0     232.5     -242.5    547.5     540.31       1
Nicholas Johnston      22    81.5    165.0       170.0    -180.0    -105.0      105.0      112.5    185.0     200.0     -210.0    482.5     469.17       2
U93kg
Kyle Caplan            19    89.8    185.0       202.5    210.0      95.0          102.5   107.5    220.0     235.0     -252.5    552.5     514.11       1
                                              Referees: Kerry Lee, Fatima Correia Delane, Amanda Brown
