                                     2020
                                      3/15/20
                                          UPA Family of Iron Classic

     Place                    Name                Age       Division     Bwt    Wt Class   Squat 1   Squat 2   Squat 3   Best Squat   Bench 1   Bench 2   Bench 3   Best Bench   Deadlift 1   Deadlift 2   Deadlift 3 Best Deadlift   TotalKg     Wilks
             1   Jordan Mae Cunanan               21       FJR(20-23)   49.15     52         70        75        80         80          40       -42.5     -42.5        40          82.5        87.5         92.5         92.5         212.5    276.535128
             1   Briana Santiago                  19       FJR(20-23)   66.25    67.5       132.5     147.5      155        155         65         70       77.5       77.5        142.5        152.5        160          160          392.5    406.046202
             1   Kira Hardy                       21       FJR(20-23)   88.95     90        152.5     157.5     162.5      162.5       82.5       87.5      92.5       92.5         155          165         175          175           430     373.391829
DQ               Lindsey Boston                   40       FMR(40+)               52                                                                                                                                                                     0
             1   Janet Jacobsen                   61       FMR(40+)     68.55     75         75        -85        85         85         45       47.5      -50         47.5         105          110         115          115          247.5    249.845345
             2   Tabitha Cox                      44       FMR(40+)      71.2     75        77.5      -82.5     -82.5       77.5       52.5      -55        55          55          110          115         120          120          252.5    248.302047
             3   Noelle O'Brien                   41       FMR(40+)      71.6     75         65        72.5      77.5       77.5        65       -70       -70          65          75            80         87.5         87.5          230     225.325621
DQ               Lindsey Boston                   40          FOR                 52                                                                                                                                                                     0
             1   Deidre Depoali                   30          FOR       54.85     56         90      -100      -100          90        52.5       60       -62.5        60         117.5         125          130         130          280      334.850405
             2   Kimberly Carreto-Najera          26          FOR         55      56        82.5       90       97.5        97.5        45       52.5       -55        52.5         110          115        -122.5        115          265      316.234886
DQ               Shannon Ochoa                    35          FOR       58.85     60       -115      -115      -115                     55        60         65         65          115          125         -130         125                            0
             1   Julia LaRoche                    27          FOR       66.05    67.5       115       125      132.5       132.5       62.5       65        -70         65          145        -157.5         160         160          357.5    370.655818
             2   Joanna Lingad                    28          FOR        67.3    67.5      127.5     132.5      135         135         60       62.5       -65        62.5         135          140         142.5       142.5          340     347.751312
             3   Adriana Arias                    30          FOR         64     67.5       92.5      100      102.5       102.5        45        50       -52.5        50          110         117.5         125         125          277.5    294.509011
DQ               Kathy Zhang                      31          FOR       65.35    67.5       77.5     82.5        90         90         -55       -60        -60                    112.5         120          125         125                            0
             1   Ashtan Orlan                     25          FOR       68.55     75        130       135       140         140        67.5      72.5       77.5       77.5        137.5       -142.5         145         145          362.5    365.935102
             2   Kelly McIntosh                   36          FOR       74.35     75        115       120      -125         120         80       -85         85         85         142.5         150        -157.5        150           355     339.334348
             3   Nicole Anguiano                  32          FOR         75      75        110      117.5      125         125        62.5      67.5        75         75          135         142.5         145         145           345     327.971026
             4   Janet Jacobsen                   61          FOR       68.55     75         75       -85        85         85          45       47.5       -50        47.5         105          110          115         115          247.5    249.845345
DQ               Anastasiia Matevosian            33          FOR       72.75     75                                                   115       120       -125        120                                                                               0
DQ               Gina Vockeroth                   27          FOR                 75                                                                                                                                                                     0
             1   Karla Arellano                   31          FOR       89.9      90        115       120      -122.5       120        -67.5     67.5       70         70          127.5        -130          130         130           320     276.628294
             1   Peyton Johnson                   19       MJR(20-23)   80.3     82.5      197.5     207.5      -220       207.5        115       125      -130        125          205         217.5         225         225          557.5    379.710045
             1   Kentaro Lee                      21       MJR(20-23)   89.4      90       197.5      205      -212.5       205         105      112.5    -117.5      112.5        237.5        252.5        -260        252.5          570     365.132897
             1   Jarred Estabrook                 19       MJR(20-23)   95.5     100       167.5     177.5       185        185         120       130     -137.5       130          205          225         237.5       237.5         552.5    342.860537
             2   Jackson Cirillo                  22       MJR(20-23)   98.1     100        155       170       182.5      182.5        120       130     -137.5       130          200         217.5        227.5       227.5          540     331.228881
DQ               Jordan Guyer                     22       MJR(20-23)            100                                                                                                                                                                     0
             1   Brock Piscoran                   23       MJR(20-23)   107.4    110        210       220      227.5       227.5       102.5     107.5    -112.5      107.5         210          220         227.5       227.5         562.5    333.552117
DQ               Benjamin Flynn                   19       MJR(20-23)            110                                                                                                                                                                     0
             1   Leanord Bowman                   18       MJR(20-23)   122.2    125        240        250      260         260        147.5     -160       160        160         237.5         245                      245           665      380.76051
             1   Paul Fischer                     52       MMR (40+)     89.2     90       182.5       195      205         205        127.5      135       140        140          240          245          250         250           595     381.588758
             2   Douglas Flowers                  45       MMR (40+)     89.6     90        185       192.5     200         200         125      127.5     -130       127.5        192.5        207.5        -210        207.5          535     342.318821
             3   justin heath                     44       MMR (40+)     86.1     90        145        155     167.5       167.5        130      137.5      145        145          160         172.5        187.5       187.5          500     326.802741
             4   Roy Eriksen                      77       MMR (40+)     89.5     90       137.5       155                  155         105      112.5    -122.5      112.5        137.5         145          160         160          427.5    273.692092
             1   Timothy Merrymon                 54       MMR (40+)     99.9    100        140       157.5      160        160          85       -95       95          95         147.5         170         182.5       182.5         437.5     266.36432
             1   Trevor Myhre                     40       MMR (40+)    131.7    140        335      -347.5    -347.5       335         215       230      -240        230          310          320         -330         320           885     499.406288
             1   Wyatt Snider                     23          MOR        67.2    67.5      147.5      162.5     177.5      177.5        97.5     107.5      115        115         162.5         180         192.5       192.5          485     375.281308
             1   Jordan DiGiulio                  27          MOR        74.2     75       207.5      -215      -215       207.5        130     -137.5    -137.5       130         227.5        -230                     227.5          565     405.636192
             1   Darrin Nelson Olipendo           30          MOR        76.3    82.5       210       217.5     227.5      227.5        140       145       150        150          240          250         252.5       252.5          630     443.641837
             2   Nathaniel Roark                  24          MOR        79.6    82.5       195        210      -220        210        142.5    -152.5    -152.5      142.5        -245         -245          245         245          597.5    409.208871
             3   Brian Panelli                    31          MOR        80.1    82.5       165       177.5     187.5      187.5        115      122.5     -130       122.5        197.5        207.5         215         215           525     358.134858
             1   Joshua Vernaz                    22          MOR        86.5     90        230        240       250        250         140       145      152.5      152.5         250          260         272.5       272.5          675     440.055947
             2   john eriksen                     25          MOR        88.4     90        235       247.5      260        260        142.5      150     -157.5       150         237.5        252.5       -262.5       252.5         662.5    426.882885
             3   Ethan Ellis                      27          MOR        89.7     90       232.5     -237.5                232.5        150      -160      -160        150          245         -255         -255         245          627.5    401.275305
             4   James Wickman                    30          MOR        86.8     90       127.5      137.5    142.5       142.5       -77.5     77.5      82.5        82.5        132.5        142.5         150         150           375      244.01213
DQ               David Matevosian                 28          MOR        88.1     90                                                   -245      -245       250        250                                                                               0
DQ               DANIEL CASTLE                    30          MOR                 90                                                                                                                                                                     0
             1   Saul Gutierrez                   22          MOR        93.4    100         265      282.5     -290       282.5        170       180       185        185         272.5         290         -295         290          757.5    474.890807
             2   larry grant voigt                29          MOR        96.5    100         230      237.5    -247.5      237.5        145       150       155        155          275         277.5        -280        277.5          670     413.869097
             3   Scott Jividen                    27          MOR        99.6    100         230       245      257.5      257.5        155      167.5     -170       167.5         230          245        -257.5        245           670     408.411561
             4   Marco Balboa                     25          MOR        92.7    100         230     -242.5     -245        230         150      -160      -160        150          245         -260         -260         245           625      393.22313
             5   Nick Jassel                      32          MOR         98     100         255     -262.5                 255       -137.5     137.5                137.5         145                                   145          537.5    329.836561
             6   Paul Kati                        31          MOR        95.1    100         150      157.5      175        175         125      132.5     140         140         192.5         205         215          215           530     329.518291
             1   Forrest Bush                     28          MOR       108.6    110         325      342.5     357.5      357.5        180      -185                  180          325        -357.5                     325          862.5    509.610539
             2   Jayson Lum                       28          MOR       102.7    110         220       235       245        245        172.5     182.5     -190       182.5        227.5        247.5        272.5       272.5          700     421.652394
             3   Colin Ferriott                   30          MOR       108.5    110       -247.5     247.5    -272.5      247.5       142.5      150       160        160          245          260        -272.5        260          667.5    394.510104
             4   Miguel Aguiar                    31          MOR       107.1    110         220      232.5      245        245         150     -162.5    -167.5       150          220         232.5         240         240           635      376.89133
             5   Jase Kimikuza                    27          MOR       107.7    110        187.5     197.5      205        205        127.5      140       145        145         207.5        222.5        232.5       232.5         582.5    345.096228
DQ               Justin Jenkins                   33          MOR                110                                                                                                                                                                     0
             1   Emilio Paez                      40          MOR       123.9    125       292.5      -310      310         310        177.5     182.5      190        190          320        -332.5        332.5       332.5         832.5    475.260452
             2   KJ Cameron                       43          MOR       112.8    125        250      -262.5    -262.5       250        167.5     -175      -175       167.5         280         290          -300         290          707.5    413.283648
             3   Matthew Bonelli                  36          MOR        119     125       142.5      -155      155         155         110       120      -130        120         182.5        195           205         205           480     276.506481
DQ               Stephen Rubalcaba                27          MOR                125                                                                                                                                                                     0
             1   Gilbert Correa                   29          MOR       134.2    140        265        280      287.5      287.5        150       160      -165        160          260         272.5        277.5       277.5          725     501.528992
             1   Zackary Jensen                   24          MOR        140     140        330       342.5    -352.5      342.5        200      -215       215        215         307.5        327.5         340         340          897.5    407.824211
             2   Stuart Balch                     34          MOR       143.8    140+       320      -342.5     342.5      342.5       147.5      160      162.5      162.5        307.5         320         322.5       322.5         827.5     460.60089
