Competition Name: GBPF NM Divisional                                       Venue: Horncastle                                                        Date: 8th July 2012
 Lot               Name     Gender      Div.    Cat.      B/W      Class    Rack                Squat                Bench Press            Sub                Deadlift               Total      Position
  #                                                                        Hieghts      1         2       3      1        2          3      total      1           2           3                 in class
 1     Lindi Taylor            F        NM      M2         52       52                 45         50     52.5   32.5     35         37.5     90.0 67.5          72.5          77.5     167.5        1
 2     Janet Scott             F        NM      M2        55.7      57          5     62.5        70      -75     50    52.5         -55    122.5 105           115           125      247.5        1
 3     Helen Barrs             F        NM      M1        62.9      63          4      75          -       -      55      -            -    130.0  75             -             -      205.0        1
 5     Wendie Kirkland         F        NM      M1        66.7      72          4      95       102.5   107.5     55    62.5          65    172.5 105           115           120      292.5        1
 4     Sue Giles               F        NM      M2        71.2      72          5      65         75      85    47.5    52.5         -55    137.5 115           130          -132.5    267.5        2
 6     Chantelle Svarc         F        NM      Snr       92.3      84          7      90        100     105      60     65         67.5    172.5 100           110           120      292.5        1
 8     Ted Byrne               M        NM      M3        65.4      66          7     115       127.5    -130     85     -90         -90    212.5 175          190.5         192.5     405.0        1
 7     Ben Murell              M        NM      U18       65.8      66          8     100        105     110      60     65           70    180.0 165          183.5          190      370.0        2
  9    Roger Little            M        NM      M4        65.8      66          7      70         75      80      60   -65.5        -65.5   140.0 125           130          -132.5    270.0        3
 10    Jake Riddel             M        NM      U16       62.8      66          8      60         70      75      40     50         52.5    127.5 100           115           130      257.5        4
 11    Travis Short            M        NM      U16        65       66          8      55        62.5     70      40     50         52.5    122.5 100           115           -130     237.5        5
 40    Etienne Huard           M        NM      Snr       53.9      66          8      40         50      60      30     35         37.5     97.5 100           110           120      217.5        6
 17    Wayne Smith             M        NM      Snr       72.7      74          7     140       147.5    155     120    125          130    285.0 170           190             -      475.0        1
 16    Luke Dixon              M        NW      Snr       73.9      74          7     135        145     -155     95   102.5         105    250.0 175           185           195      445.0        2
 13    Bill Taylor             M        NM      M2        69.7      74          6     115       117.5   -122.5    80     -85         -85    197.5 135          142.5          150      347.5        3
 12    Nathan Dickenson        M        NM      U18       67.5      74          8     100        110     -125     50     65         72.5    182.5 130           145           160      342.5        4
 41    Roger Powell            M        NM      M4        67.7      74          6     110        120       -      55     65           70    190.0 130           140           150      340.0        5
 15    Will Ellinger           M        NW      U23       73.4      74          7     160       162.5    165    -130    -130        -130     35.0 160          172.5         177.5     212.5        6
 24    Owen Lilley             M        NM      U23       82.3      83          7     170        180     -185 107.5 115             -120    295.0 220          -232.5        -232.5    515.0        1
 21    Rowan Hartland          M        NM      Snr       82.1      83          8     155       162.5    170     100   107.5         110    280.0 210          232.5          -240     512.5        2
 42    Matt Dickenson          M        NM      U23       78.1      83          9     140        150    -157.5    90     95          100    250.0 190           205           210      460.0        3
 20    Mick Cliff              M        NW      M2        80.3      83          8     120        140     140     100    110         -125    250.0 160           200             -      450.0        4
 22    Kevin Barrs             M        NM      M2         83       83          8     120        130     -135    125    130         -135    260.0 150           165           180      440.0        5
 14    Andrew Houldershaw      M        NM      U20       74.9      83          8     115        120     125      70     80          -85    205.0 170           180          -182.5    385.0        6
 39    Glynn Thomas            M        NM      Snr       76.4      83          8      90        100     105      70     80           85    190.0 140           155           165      355.0        7
 18    Jordan Cody Major       M        NM      U16       79.1      83          8      80         85     92.5     60     70         72.5    165.0 120           140          152.5     317.5        8
 29    Ian Shaw                M        NM      Snr       88.3      93          7     207       217.5   -222.5 120     122.5         125    342.5 272.5        282.5          -290     625.0        1
 25    Les Attewell            M        NM      M1         90       93          8     180        190     -200    120    125          130    320.0 230           240           -245     560.0        2
 23    Steve Cook              M        NM      Snr       92.2      93          8     180        190    -197.5 110      120        -122.5   310.0 200           220           -235     530.0        3
 19    Pete Aaron              M        NM      Snr       84.3      93          8     155        165    -172.5    85     95        102.5    267.5 195           205          -212.5    472.5        4
 26    Richard Scott           M        NM      M2        91.7      93          8     140        150     155      90     95          100    255.0 162.5         170           180      435.0        5
 27    Glyn Belsher            M        NM      M2        92.4      93          5     120        130    142.5     85    92.5        97.5    240.0 135           145           150      390.0        6
 30    Sam Gould               M        NM      U20       89.4      93          9      90        100     110      90    100         -105    210.0 160          172.5          -180     382.5        7
 34    Dave Harding            M        NM      Snr       104.2     105          8    220        220     -230    170    180         -190    400.0 260           280           -290     680.0        1
 36    Darren wood             M        NM      M1        101.7     105         10    210        230     250     140    150        162.5    412.5 240           260           -280     672.5        2
 33    Ash Brown               M        NM      Snr        105      105          8    200       222.5    -230    125   132.5        -140    355.0 220           240           250      605.0        3
 32    Gary Croft              M        NM      Snr        105      105          8    180        180     180     160    -170         170    350.0 220           245           250      600.0        4
 35    Alan Murphy             M        NM      M2        103.5     105          8    170        180     200     105    110          115    315.0 150           165           180      495.0        5
 31    Paul Hammond            M        NM      M1        100.3     105          8    160        170     -175    120    125          130    300.0 180           185          -197.5    485.0        6
 28    Alan Todd               M        NM      Snr        93.2     105          8    130        140     150      85     90           95    245.0 160           175           -185     420.0        7
 37    Ross Shahen Arjejo      M        NM      Snr       122       120         11    200        220     220     180    190         -200    410.0 250           270           290      700.0        1
                                                                                                              Bench A/C
 38    Jay Pateman             M        NM      Snr       148       120                 -         -        -     210   230.5       -235     230.5      -           -           -       230.5        1

       Referees:            F. Sterry          R. Scott           D. Kirkland        P. Guise                 Key:    British   Record              Red text   Failed lift              -      No Lift
