                                                                Quantum Powerlifting LIFT4LIFE Charity Meet
                                                                March 23, 2019

3-LIFT
                                                                                                                                                                                                                 Best
          Name                Div       BWt (Kg)   WtCls (Kg)   Glossbrenner   Squat 1   Squat 2   Squat 3   Best Squat   Bench 1   Bench 2    Bench 3     Best Bench Deadlift 1 Deadlift 2     Deadlift 3                 PL Total   Coeff Score      Pl-Div-WtCl
                                                                                                                                                                                                                Deadlift
Aisha Eversley             F_OCR_AAPF     84.2        90          0.77685        90        97.5     107.5      107.5        52.5      -60         -60         52.5       150       162.5          -167.5         162.5      322.5     250.534125      1-F_OCR_AAPF-90
Brittany Gregory           F_OCR_AAPF     94.4       SHW          0.73235      127.5      -145      -145       127.5         65      -72.5       -72.5         65       162.5       177.5           190           190       382.5     280.123875    1-F_OCR_AAPF-SHW
Carmen Crooks               F_OR_AAPF     47.2        48           1.1942       82.5       87.5       90         90         47.5       50         -55          50        120       127.5            130           130        270        322.434        1-F_OR_AAPF-48
Lubna El Lawand             F_OR_AAPF     51.3        52           1.1195        95       -100      -100         95          45       47.5       -52.5        47.5       100        -105            105           105       247.5      277.07625       1-F_OR_AAPF-52
Rachel Colman               F_OR_AAPF     58.4        60           1.0093       92.5       100       105        105          50        55         -60          55        100       107.5          -112.5         107.5      267.5      269.98775       1-F_OR_AAPF-60
Cindy Evers                 F_OR_AAPF     57.3        60           1.0248        75         80       -85         80          50       52.5       -57.5        52.5       105         110            115           115       247.5       253.638        2-F_OR_AAPF-60
Louise Robillard            F_OR_AAPF     58.5        60           1.0079       57.5        65       72.5       72.5         45        50        -52.5         50        77.5        87.5          92.5           92.5       215       216.6985        3-F_OR_AAPF-60
Michelle Young              F_OR_AAPF     64.3       67.5          0.9346      -117.5     122.5      125        125         52.5      57.5        -60         57.5       125         135           142.5         142.5       325        303.745      1-F_OR_AAPF-67.5
Shermane Antoine            F_OR_AAPF     64.1       67.5         0.93735       92.5       97.5      105        105         57.5      62.5       -67.5        62.5      127.5        135            140           140       307.5     288.235125     2-F_OR_AAPF-67.5
Coralie Evequoz             F_OR_AAPF      64        67.5         0.93805        80        87.5      92.5       92.5        42.5       50        -52.5         50        100         110           -115           110       252.5     236.857625     3-F_OR_AAPF-67.5
Hilary Lederer              F_OR_AAPF      75         75           0.8361       97.5      107.5      115        115          70        75         77.5        77.5      142.5        150           157.5         157.5       350        292.635        1-F_OR_AAPF-75
Rachel Frasier              F_OR_AAPF      74         75          0.84365      102.5      112.5     122.5      122.5        52.5      57.5        62.5        62.5      122.5        125            135           135        320        269.968        2-F_OR_AAPF-75
Brenda Burjaw               F_OR_AAPF     70.4        75           0.873         -80        80        85         85         42.5       50         -55          50        115       117.5            120           120        255        222.615        3-F_OR_AAPF-75
Hilary Hayes                F_OR_AAPF     74.2        75          0.84215        85        87.5       95         95          45       47.5        -50         47.5       100       107.5           112.5         112.5       255       214.74825       4-F_OR_AAPF-75
Hannah Machado              F_OR_AAPF      76        82.5         0.82885       92.5       97.5      105        105          55       57.5        -60         57.5       135       142.5           152.5         152.5       315       261.08775     1-F_OR_AAPF-82.5
Liz McSavaney               F_OR_AAPF     81.6       82.5          0.7919       87.5       92.5      97.5       97.5        52.5       55          60          60        97.5      102.5            110           110       267.5      211.83325     2-F_OR_AAPF-82.5
Rachel Holden               F_OR_AAPF     81.5       82.5          0.7925       77.5        85      -92.5        85          40        45         47.5        47.5        90          95           -105            95       227.5      180.29375     3-F_OR_AAPF-82.5
Victoria Oduneye            F_OR_AAPF     88.5        90           0.7545        135       145      152.5      152.5         60        65          70          70        190        -200            200           200       422.5      318.77625       1-F_OR_AAPF-90
Amie Sergas                 F_OR_AAPF     88.9        90           0.7526        -95        95       100        100          50        55         57.5        57.5       110         120           -130           120       277.5      208.8465        2-F_OR_AAPF-90
Katelyn Steven              F_OR_AAPF     83.1        90          0.78305        70        72.5       75         75          50       52.5         55          55         80        82.5           87.5           87.5      217.5     170.313375       3-F_OR_AAPF-90
Brittany Schlater           F_OR_AAPF    118.4       SHW           0.6799        205       215      227.5      227.5        105       110         115         115        205         215           227.5         227.5       570        387.543      1-F_OR_AAPF-SHW
Jade Reid                   F_OR_AAPF     94.7       SHW          0.73135        130       135       140        140          75       -80         82.5        82.5       130       137.5           147.5         147.5       370       270.5995      2-F_OR_AAPF-SHW
Steph Dykstra               F_OR_AAPF     90.3       SHW          0.74645        100       110       120        120          55       57.5        62.5        62.5       140         150           -160           150       332.5     248.194625     3-F_OR_AAPF-SHW
Ayn Cooney                  F_OR_AAPF     94.3       SHW          0.73265       77.5      -87.5       90         90          50        55         -60          55        105         115           117.5         117.5      262.5     192.320625     4-F_OR_AAPF-SHW
Winston Kelly-Campbell     M_OCR_AAPF     80.7       82.5           0.654        180       190                  190         100       105       -107.5        105        200         210           -215           210        505        330.27      1-M_OCR_AAPF-82.5
Ryan Stephenson            M_OCR_AAPF     99.1       100          0.58355        240      252.5      265        265         130      147.5        160         160        270       287.5           -305          287.5      712.5     415.779375    1-M_OCR_AAPF-100
Josh Busuttil              M_OCR_AAPF     98.8       100           0.5843      157.5      187.5      200        200          75       77.5        82.5        82.5      217.5        245            260           260       542.5      316.98275    2-M_OCR_AAPF-100
Granville Mayers           M_OCR_AAPF    108.7       110           0.5644        220       240     242.5       242.5        190       200        -205         200       287.5       297.5         -317.5         297.5       740        417.656     1-M_OCR_AAPF-110
Chris Goodman              M_OCR_APF     124.1        125          0.5465        280       295       300        300         205       210        -215         210        300         310           317.5         317.5      827.5      452.22875     1-M_OCR_APF-125
Bryan Briggs               M_OCR_APF     135.3        140          0.5352        205       215       230        230         125       135       142.5        142.5       250         265            275           275       647.5       346.542      1-M_OCR_APF-140
Vincent Gomez              M_OR_AAPF      65.8       67.5         0.76505      137.5       150     157.5       157.5       102.5     107.5        110         110        170       -187.5         -187.5          170       437.5     334.709375     1-M_OR_AAPF-67.5
Sujohn Prodhan             M_OR_AAPF       75         75          0.68855       -190       190     212.5       212.5       -115       125        -130         125       207.5      227.5           -240          227.5       565       389.03075      1-M_OR_AAPF-75
Yasin Syed                 M_OR_AAPF      73.9        75          0.69985      157.5       170     -177.5       170         120       125         130         130       212.5        230           237.5         237.5      537.5     376.169375      2-M_OR_AAPF-75
Oscar Ng                   M_OR_AAPF      72.3        75           0.7079        165       175      -185        175        102.5     112.5       -125        112.5       220         235           -250           235       522.5      369.87775      3-M_OR_AAPF-75
Peter Tang                 M_OR_AAPF      72.2        75          0.70865      172.5      182.5      190        190        112.5      120         125         125       182.5      192.5            205           205        520        368.498       4-M_OR_AAPF-75
Hector Granados            M_OR_AAPF      73.6        75           0.6983        140       150       155        155          95      102.5       -110        102.5       185         200           -215           200       457.5      319.47225      5-M_OR_AAPF-75
Spencer Schunk             M_OR_AAPF      71.3        75          0.71565        85         90      97.5        97.5         70        75         82.5        82.5       150         160            170           170        350       250.4775       6-M_OR_AAPF-75
Jean Mondejar              M_OR_AAPF      70.9        75           0.7231        160      162.5    -167.5      162.5         75      -77.5        77.5        77.5      -165        -165           -165             0         0            0                 0
Lanre Ola                  M_OR_AAPF      77.2       82.5         0.67425        180       190     197.5       197.5        130       135       137.5        137.5      227.5      -232.5         -232.5         227.5      562.5     379.265625     1-M_OR_AAPF-82.5
Lakshan Sivananthan        M_OR_AAPF      79.1       82.5          0.6629        145       155       165        165        102.5     107.5      112.5        112.5      182.5       192.5         -202.5         192.5       470        311.563      2-M_OR_AAPF-82.5
Kim Koyama                 M_OR_AAPF      76.2       82.5         0.68055        60         65       70          70         57.5      62.5        67.5        67.5        90         100            110           110       247.5     168.436125     3-M_OR_AAPF-82.5
Mark Chong                 M_OR_AAPF      86.6        90           0.6255      187.5      197.5      205        205        132.5      140       142.5        142.5       210         220           232.5         232.5       580        362.79        1-M_OR_AAPF-90
Vincent La                 M_OR_AAPF      89.1        90           0.6153       -165       165       170        170         125      132.5      -137.5       132.5      227.5      -237.5         -237.5         227.5       530        326.109       2-M_OR_AAPF-90
Scott Duck                 M_OR_AAPF       85         90           0.6326       82.5       110       125        125          90      102.5       -115        102.5      107.5      122.5           142.5         142.5       370        234.062       3-M_OR_AAPF-90
Jonas Feldman              M_OR_AAPF      96.4       100           0.5908      182.5       200     207.5       207.5        130       140        -150         140       182.5      192.5            205           205       552.5       326.417      1-M_OR_AAPF-100
David Lin                  M_OR_AAPF     107.3       110          0.56665        215       225     232.5       232.5        130      137.5      142.5        142.5       205         225           242.5         242.5      617.5     349.906375     1-M_OR_AAPF-110
Ali Farooq                 M_OR_AAPF     102.2       110           0.5763      192.5       200       210        210        127.5     132.5       -140        132.5       240         255            265           265       607.5      350.10225     2-M_OR_AAPF-110
Owen Thomson               M_OR_AAPF     133.9        140          0.5371      142.5       155       165        165         110      117.5        125         125       172.5        190            200           200        490        263.179      1-M_OR_AAPF-140
Don Campbell                M_OR_APF      73.6        75           0.6983        180      -190      -190        180         135       140        -145         140        205         215          -227.5          215        535       373.5905        1-M_OR_APF-75
Alex Chichelli              M_OR_APF      83.2        90          0.64115      142.5       150     157.5       157.5        110       120       127.5        127.5      192.5       207.5         -217.5         207.5      492.5     315.766375       1-M_OR_APF-90




PUSH-PULL / BENCH ONLY
                                                                                                                                                             Best      Push Pull    Coeff
          Name                Div       BWt (Kg)   WtCls (Kg)   Glossbrenner   Bench 1   Bench 2   Bench 3   Best Bench Deadlift 1 Deadlift 2 Deadlift 3                                        Pl-Div-WtCl
                                                                                                                                                            Deadlift     Total      Score
Rebecca Hildyard (PP,BP)   F_OR_AAPF      53.4        56           1.0844        60        65        -70        65         115        130        -135         130         195      211.458    1-F_OR_AAPF-56
Ruth Bell                  F_OR_AAPF     103.1       SHW          0.70745       62.5       65        -70        65         97.5      107.5       112.5       112.5      177.5         5       1-F_OR_AAPF-SHW
Benedict San Juan          M_OR_AAPF      73.9        75          0.69985       100        105      112.5      112.5       200        215        -225         215       327.5         5       1-M_OR_AAPF-75
