                                                               SE OPEN 2015
                                      15th November 2015 at Astor College Dover
Flt                                    Bwt    WtCls                                                         Sub                               (1) PL      (2)
    Name                       Div                    SQ-1     SQ-2     SQ-3     BP-1     BP-2     BP-3             DL-1    DL-2     DL-3
B                                      (kg)    (kg)                                                         Total                              Total   Wilks Pts

F   Charles Herbert           M-U20    78.6    83     132.5     140     147.5     100      105      110     257.5   142.5    150     157.5     415      286.558

F   Jedd Porter               M-U20    84.7    93      140      150     157.5     -90      90      92.5      250    180      185      200      450      296.865

F   Luke Taylor               M-SJ    80.45    83      60       80       100     117.5     125               225    190     202.5    -205     427.5     290.828

F   Jamie Pearce               M-J     89.3    93      140      155     167.5     120      130     -135     297.5   180      195      205     502.5     322.102

F   Bradley Cronk              M-J     89.9    93      180     -190     -190     -110     117.5    -122.5   297.5   195      205      215     512.5     327.385

F   Matthew Ward               M-J    104.5    105     180      195     202.5     110     117.5    122.5     325    205     217.5     225      550      329.230

F   Edwin Bree-Martin         M-U20    85.7    93      200     -210     -210      120      125      130      330    220     232.5    -242.5   562.5     368.606

F   George Searl               M-J    103.4    105    222.5    232.5    242.5    147.5     155     -162.5   397.5   237.5    250     262.5     660      396.594

F   Freddie Pritchard         M-U20   81.15    83     -165      170     -177.5    -90     97.5              267.5   190     -202.5            457.5     309.590

F   Carlos Chamberlain        M-SJ      86     93      160     -170      170      120     -125     -125      290    -200                        0        0.000

A Daisy Willard                F-O    73.55    84      55      62.5      -70      35      37.5      40      102.5   82.5    92.5     97.5      200      192.500

A Becky Hillman                F-O     69.5    72      90       100      110     47.5     52.5     -57.5    162.5    95      105      115     277.5     277.445

A Laura Warren                 F-O    82.85    84      90       100     -107.5    50       55       60       160    100      110      120      280      251.440

A Emily Taylor                 F-O      84     84     -72.5    77.5     82.5      45       50      52.5      135    110      115     -120      250      222.925

A Holly Phillips               F-O      64     72      85      92.5     -97.5     50       55      -57.5     145    120     127.5    -130      275      289.204

A Kristina March               F-O     55.5    57      -90      -90      90       50      52.5     57.5     147.5   125      135     -145     282.5     334.734

A Harriet Milligan             F-O      60     63     87.5     92.5     97.5     47.5     52.5      -55      150    125     132.5     135      285      317.746

A Jana Jackunaite              F-O     91.9    84+     120     127.5    132.5    62.5     67.5     -72.5     200    130      140      145      345      295.596

A Katie Girdler                F-J     66.8    72      100      110     -120     52.5      -55              162.5   135     142.5    -150      305      313.632

A Abbey Garner                 F-J     62.3    63      80       85       90      67.5      70       -71      160    140      145      150      310      335.761

A Sheri Miles                  F-O      74     84      110      125      130      60       70       -75      200    160      175      185      385      369.100

B Carol Stein                  F-1     60.5    63      70       80       90      47.5      55      -57.5     145     95      105     -115      250      276.950

B Michael Mason                M-2    81.55    83      150      160     167.5    -122.5   122.5    -127.5    290    150      160      170      460      310.316

B Betty Gray                   F-2    100.7    84+     100     -107.5   107.5     50      -57.5    -57.5    157.5   170     177.5    -185      335      278.352

B James Gordon                 M-1    102.8    105     140      150      160      125      135     -140      295    180      190      200      495      298.040

B Nick Grundy                  M-1    118.8    120     200      210      215     137.5    142.5    -147.5   357.5   200      215     -225     572.5     329.932

B Mick Ellender                M-4    89.65    93      140      150      155      110      120      125      280    200      215      225      505      323.048

B Ian Richards                 M-1     91.6    93      150      160     167.5    -142.5   142.5    -150      310    210      220      230      540      341.712

B Lee Richards                 M-1    135.7   120+     200      215      225      145      155      160      385    240      260      280      665      373.398

C James Stern                 M-O     62.05    66      95       110     117.5     70       80      87.5      205    120      135      145      350      289.660

C James West                  M-O      82.3    83      160      170      175      125     132.5    137.5    312.5   170      185      200     512.5     343.836

C Michael Paini               M-O      82.7    83     127.5    137.5    -145     92.5     -97.5    97.5      235    172.5    185      195      430      287.627

C Craig Wilkins               M-O     81.95    83     157.5     165      170     122.5     130      135      305    177.5   182.5    -187.5   487.5     327.892

C James Kenny                 M-O      82.9    83     -155     -155      155     -105      105     -110      260    180      190     197.5    457.5     305.610

C Joe Van Der Toorn           M-O      80.8    83      170      190     -200     -105      110     -115      300    200      220     -240      520      352.820

C James Blanchard             M-O      82.2    83      200      210      215      140      145     -150      360    200      210      220      580      389.412

C Harry Ranson                M-O     79.75    83      170      180     -185      120      125     -130      305    220      230     -235      535      365.993

D Kevin McLaren               M-O      87.6    93      135     -140     142.5    92.5     97.5     102.5     245    155      165      175      420      271.950

D Karl Stone                  M-O      91.6    93      155      165      175      95       105     -115      280    185      200     -210      480      303.744

D Ian Chapman                 M-O      91.3    93      150      160     167.5     115     122.5    -125      290    185      195     202.5    492.5     312.147

D Daniel Saunders             M-O      99.1    105     165      180      190      105      115     -120      305    195      210     -217.5    515      314.562

D Maciej Szczerbinski         M-O     103.5    105     195      210     -220      125      140     -150      350    235     -245               585      351.351

D David Downs                 M-O     101.8    105     205      215     -220     137.5    -142.5   -142.5   352.5   -245     245     -255     597.5     361.129

D Carl Louden                 M-O      93.5    105     210     -220      225      160      165      170      395    260     -270     -270      655      410.423

D Thomas Shaw                 M-O     119.5    120     195      210      220      120     127.5    -135     347.5   265     277.5    -290      625      359.688

E Adithya Wijesinghe          M-U16    65.5    66      -85      95      -110.5    -85      90       -95      185    125     137.5    147.5    332.5     262.708

E Jaguar Barone-Wilding       M-SJ    69.95    74      120      135      145      60       90       -98      235    140      160      180      415      311.167

E James Valaitis               M-J    65.85    66     117.5     125     -130      70       75      -77.5     200    145     152.5     155      355      279.279

E Sebastian Scillitoe-Brown   M-U20    70.8    74     -145      145      155      100      105     -110      260    150      160     172.5    432.5     321.347

E George White                M-U16    72.9    74     137.5     145     152.5     90       95       100     252.5   160     -175      175     427.5     310.835

E Conner Goodsall             M-SJ     72.9    74     -142.5   142.5     150     77.5     82.5      -85     232.5   165     172.5     175     407.5     296.293

E Daryl Brooks                 M-J     72.4    74      110     117.5     125      -85      90       -95      215    165      175      185      400      292.280

E Billy Bentley                M-J     73.5    74     132.5     140     147.5     95       100     -105     247.5   167.5   177.5    187.5     435      314.418

E Oliver Foreman              M-SJ     72.4    74      140      150     -152.5    80      -82.5    -82.5     230    180      190     -205      420      306.894

E Joe Theo Wood                M-J     71.3    74      145      150      155      105      110      115      270    190      200     -205      470      347.330

E James Matthews              M-U20    70.4    74      170     -181     -181      100     107.5     115      285    190      210      215      500      373.050
