              19-Jul-14 UPA Iron Battle on the Mississippi

                                           BWt     WtCls                                               Best                                 Best     Sub   Deadlift Deadlift Deadlift  Best                      Coeff
         Name            Age      Div                        Schwartz   Squat 1 Squat 2 Squat 3              Bench 1   Bench 2 Bench 3                                                         PL Total                   Pl-Div-WtCl
                                           (Kg)    (Kg)                                               Squat                                Bench     Total    1        2        3     Deadlift                   Score
Kyle Kruse               27     MOR-AD      65.6    67.5      0.745 253.53 270.06 -303.13             270.06 170.86     187.39   -203.93   187.39   457.45 281.09 303.13 319.67 319.67 777.1215                262.6125   1-MOR-AD-67.5
Travis Voss              37     MOR-AD       75      75      0.6645 336.2 -363.76     0                336.2 242.51    -270.06   -270.06   242.51   578.71 143.3       0        0      143.3 722.0065         217.62375   1-MOR-AD-75
Jerid Zuspann            31     MOR-AD      80.4    82.5     0.6307 347.22 -374.78 380.29             380.29 253.53     281.09   -292.11   281.09   661.38 -429.9    429.9      0      429.9 1091.277          312.1965   1-MOR-AD-82.5
Cory Svenson             22     MOR-AD      89.4     90      0.5877 600.75 639.33 655.87              655.87 314.16     352.74   -369.27   352.74   1008.6 573.2 611.78 -633.82 611.78 1620.381                431.9595   1-MOR-AD-90
Joe Brandeburg           23     MOR-AD      88.2     90      0.5926 485.01 512.57 562.17              562.17 264.55    -275.58    275.58   275.58   837.75 473.99 496.04 507.06 507.06 1344.806                 361.486   2-MOR-AD-90
Val Huerta               40     MOR-AD       97     100      0.5619 628.31 666.89 683.43              683.43 341.71    -363.76   -363.76   341.71   1025.1 633.82 -677.91 -677.91 633.82 1658.9615            422.82975   1-MOR-AD-100
David Oswald             32     MOR-AD      95.4    100      0.5666 584.22 600.75 -606.27             600.75 402.34    -413.36   -413.36   402.34   1003.1 600.75 628.31 -644.85 628.31 1631.404                419.284   2-MOR-AD-100
Matthew Gottsch          29     MOR-AD      99.8    100      0.5545 369.27 407.85 -451.94             407.85 270.06     292.11    303.13   303.13   710.98 446.43 485.01 -518.08 485.01 1195.9955             300.81625   3-MOR-AD-100
Matt Foster              32     MOR-AD      96.2    100      0.5642 -407.85 407.85 429.9               429.9 -275.58   -297.62   -297.62     0         0      0        0        0        0        0                0           0
Curran Delaney           28     MOR-AD      109     110      0.5377 -622.8 661.38 -666.89             661.38 352.74    -369.27   -369.27   352.74   1014.1 -633.82 633.82 -661.38 633.82 1647.9385            401.93075   1-MOR-AD-110
Tim Hoffman              31     MOR-AD     104.8    110      0.5441 551.15 -584.22 -584.22            551.15 396.83     413.36   -418.87   413.36   964.51 600.75 644.85 -661.38 644.85 1609.358                397.193   2-MOR-AD-110

James Brooks             37     MOR-AD      108      110     0.5391      523.59    562.17    600.75   600.75 363.76     407.85    413.36   413.36   1014.1   523.59 562.17     -600.75   562.17 1576.289      385.4565    3-MOR-AD-110
David Fray               21     MOR-AD     109.2     110     0.5375      374.78    418.87   -451.94   418.87 292.11     314.16    330.69   330.69   749.56   473.99 518.08      540.13   540.13 1289.691      314.4375    4-MOR-AD-110
Shawn Jones              38     MOR-AD     123.2     125     0.5235     -457.45    457.45   -473.99   457.45 352.74    -374.78    385.81   385.81   843.26   473.99 490.52     -501.55   490.52 1333.783      316.7175    1-MOR-AD-125
Nate Wittenburg          36     MOR-AD     119.8     125     0.5272     -584.22   -584.22   -584.22     0       0         0         0        0        0         0      0          0         0       0             0            0
Brian Barnes             28     MOR-AD      151     SHW      0.4919       716.5    771.61   -821.21   771.61 418.87     451.94   -462.97   451.94   1223.6   650.36 705.47      727.52   727.52 1951.071      435.3315    1-MOR-AD-SHW
Gage Abrahams            37     MOR-AD     153.6    SHW      0.4893     -501.55    -529.1   -551.15     0       0         0         0        0        0         0      0          0         0       0             0            0
Patrick Warren           28     MO-AD       110      110     0.5365     -975.54   -1003.1   -1003.1     0       0         0         0        0        0         0      0          0         0       0             0            0
Jacob Head               27     MO-AD       124      125     0.5224      942.47   -1003.1    1003.1   1003.1 584.22     611.78    633.82   633.82   1636.9   534.62 573.2       600.75   600.75 2237.669       530.236    1-MO-AD-125
Dustin Gray              29     MO-AD      123.4     125     0.5232     -804.68    804.68   -854.28   804.68 545.64    -567.68   -567.68   545.64   1350.3   584.22 628.31     -655.87   628.31 1978.6285      469.572    2-MO-AD-125
Bret Carter              32     MO-AD      119.8     125     0.5272     -705.47    705.47   -749.56   705.47 225.97       0         0      225.97   931.44   402.34 451.94      501.55   501.55 1432.99         342.68    3-MO-AD-125
Jay Carlile              28     MO-AD       139      140     0.5045     -1008.6      0         0        0       0         0         0        0        0         0      0          0         0       0             0            0
Nathan Poage             22      MOR        72.6      75      0.682      451.94   -485.01    485.01   485.01 -259.04    259.04   -275.58   259.04   744.05    529.1 -611.78    -611.78    529.1 1273.1565      393.855     1-MOR-75
Jacob Hartman            26      MOR        82.5    82.5     0.6193     518.08    551.15    562.17    562.17   363.76 -385.81 385.81       385.81   947.98   584.22   628.31   650.36    650.36   1598.335    448.9925    1-MOR-82.5
Jordan Lentz             23      MOR        81.6    82.5     0.6241 479.5 507.06 529.1      529.1 314.16 330.69 347.22                     347.22   876.33   584.22 600.75 628.31        628.31   1504.6395   425.94825   2-MOR-82.5
Josh Lentz               26      MOR        88.8     90      0.5901 606.27 628.31 -644.85 628.31 473.99 501.55 -512.57                     501.55   1129.9   584.22 622.8 -639.33         622.8    1752.657    469.1295    1-MOR-90
Troy Goetsch             27      MOR        88.4     90      0.5918 523.59 562.17 589.73 589.73 303.13 330.69 -352.74                      330.69   920.42   600.75 633.82 655.87        655.87    1576.289     423.137    2-MOR-90
Ryleigh Clark            22      MOR         90      90      0.5853 595.24 -639.33 -639.33 595.24 385.81 407.85 -435.41                    407.85   1003.1   562.17 -600.75 -600.75      562.17    1565.266     415.563    3-MOR-90
Chris Pecenka            28      MOR        88.2     90      0.5926 -556.66 -556.66 556.66 556.66 319.67 336.2 -363.76                      336.2   892.86   507.06 534.62 551.15        551.15    1444.013     388.153    4-MOR-90
Ernie Lilliebridge Jr.   26      MOR        100     100       0.554  672.4 -733.03 782.63 782.63 407.85 429.9 451.94                       451.94   1234.6   705.47 738.54 766.1          766.1   2000.6745     502.755   1-MOR-100
Fred Seewald             23      MOR        95.8    100      0.5654 677.91 722.01 -738.54 722.01 -341.71 352.74 374.78                     374.78   1096.8   677.91 716.5 738.54         738.54   1835.3295    470.6955   2-MOR-100
Mike Zach                24      MOR        98.4    100      0.5581 595.24 -617.29 -617.29 595.24 396.83 -413.36 -413.36                   396.83   992.07   595.24 -622.8   622.8       622.8    1614.8695   408.80825   3-MOR-100
Sam Benjegerdes          27      MOR         91     100      0.5815 529.1 551.15 -578.71 551.15 429.9 -457.45 -457.45                       429.9   981.05   600.75 611.78     0         611.78   1592.8235   420.13375   4-MOR-100

James Davidson           27      MOR        97.8    100      0.5597     473.99 507.06 534.62 534.62            297.62 314.16 -330.69       314.16   848.77 545.64 573.2         600.75   600.75   1449.5245 368.00275 5-MOR-100
Willard Rosenberg        37      MOR        96.8    100      0.5624     352.74 -385.81 -385.81 352.74           286.6 303.13 -314.16       303.13   655.87 110.23     0           0      110.23    766.0985 195.434   6-MOR-100
David LaMartina          25      MOR        99.4    100      0.5555     705.47 749.56 -777.12 749.56           352.74 380.29 -402.34       380.29   1129.9 -749.56 -749.56     -749.56     0          0         0         0
Chris Bridgeford         19      MOR       109.8    110      0.5367     611.78 650.36 -672.4 650.36            369.27 -402.34 402.34       402.34   1052.7 628.31 677.91        705.47   705.47   1758.1685 428.01825 1-MOR-110
Mike Thatcher            37      MOR        110     110      0.5365     584.22 606.27 -622.8 606.27            363.76 385.81 396.83        396.83   1003.1 595.24 611.78        -622.8   611.78   1614.8695 392.98625 2-MOR-110
Eric Lilliebridge        24      MOR        125     125       0.521     881.84 964.51 -1003.1 964.51           485.01 512.57 534.62        534.62   1499.1 760.59 815.7         881.84   881.84    2380.968   562.68  1-MOR-125 *Raw Best Lifter
Jared Baxter             22      MOR       118.4    125      0.5284     523.59 578.71 600.75 600.75             286.6 314.16 325.18        325.18   925.93 501.55 -556.66       578.71   578.71   1504.6395 360.633   2-MOR-125
Daniel Bell       27   MOR   139.6    140   0.5038 788.14 -832.24 -854.28        788.14 440.92 473.99 -501.55 473.99         1262.1 710.98 749.56 777.12 777.12           2039.255     466.015    1-MOR-140
Robb Philippus    32   MOR   138.6    140   0.5049 760.59 810.19 837.75          837.75 462.97 490.52 -507.06 490.52         1328.3 661.38 -683.43 683.43 683.43         2011.6975   460.72125    2-MOR-140
Chris Svestka     38   MOR   131.2    140   0.5136 462.97 485.01 496.04          496.04 341.71 369.27 -391.32 369.27         865.31 496.04 523.59 540.13 540.13          1405.4325      327.42    3-MOR-140
JP Carroll        34   MOR    172    SHW    0.4735 771.61 815.7 -859.79           815.7 485.01 507.06 523.59 523.59          1339.3 -683.43 683.43 -705.47 683.43        2022.7205   434.46377   1-MOR-SHW
Justin Sager      27   MOR   136.4   SHW    0.5073 666.89 -705.47    0           666.89 -402.34 -402.34 -402.34  0             0       0      0       0      0               0            0            0
Zach Henson       21   MO     88.8     90   0.5901 771.61 804.68     0           804.68 473.99 -485.01 -501.55 473.99        1278.7 628.31 683.43 -705.47 683.43          1962.094     525.189      1-MO-90
Anthony Suriano   33   MO     89.2     90   0.5885 -710.98 710.98    0           710.98 -451.94 -451.94 -451.94  0             0       0      0       0      0               0            0            0
James Burdette    40   MO     99.8    100   0.5545 903.89 953.49 -1003.1         953.49 705.47 727.52 771.61 771.61          1725.1 600.75 628.31 -677.91 628.31         2353.4105   591.92875     1-MO-100 *Equipped Best Lifter
Mick Manley       29   MO     97.8    100   0.5597 600.75 650.36 -771.61         650.36 462.97 485.01 496.04 496.04          1146.4 688.94 738.54 -771.61 738.54          1884.933    478.5435     2-MO-100

Paul Balyeat      34   MO    104.6   110    0.5444 -705.47    716.5    -744.05   716.5    -661.38 677.91 -705.47 677.91      1394.4   562.17   606.27 -628.31 606.27 2000.6745        494.043     1-MO-110

Ben Goyette       32   MO    107.6   110    0.5396   628.31   677.91   705.47    705.47   336.2   -496.04 -496.04   336.2    1041.7   523.59   567.68   584.22   584.22 1625.8925     397.955     2-MO-110

Cam Richler       33   MO    118     125    0.5288 -771.61 771.61 -804.68 771.61          490.52 -507.06 507.06     507.06   1278.7   584.22   611.78   633.82   633.82 1912.4905     458.734     1-MO-125
Drew Kleymann     29   MO     117    125    0.5296 -66.138 66.138   0    66.138 -485.01 -485.01 496.04 496.04                562.17   143.3      0        0      143.3    705.472     169.472     2-MO-125
Jim Grandick      45   MO    123.8   125    0.5227 -970.02 970.02 1008.6 1008.6 -810.19 -810.19 -810.19  0                     0        0        0        0        0         0           0           0
Justin Redding    38   MO    119.6   125    0.5274 936.96 970.02 -1003.1 970.02 -666.89 -666.89 -666.89  0                     0        0        0        0        0         0           0           0
