July 20,2014          UPA Iron Battle on the Mississippi

                                       BWt    WtCls                                           Best                                 Best    Sub      Deadlift Deadlift Deadlift  Best                  Coeff
       Name              Age    Div                   Schwartz   Squat 1 Squat 2 Squat 3               Bench 1 Bench 2 Bench 3                                                            PL Total               Pl-Div-WtCl
                                       (Kg)   (Kg)                                            Squat                               Bench    Total       1        2        3     Deadlift               Score

Amy Simmer (WM1)         43    FM1R     85     90     0.6069     418.87 -451.94 451.94        451.94   231.48 248.02 -264.55      248.02   699.96   418.87 -451.94 451.94       451.94 1151.9035 317.10525        1-FM1R
Michelle Keaulana (SM)   35    FSMR     74     75     0.6716     363.76 385.81 407.85         407.85   170.86 203.93 214.95       214.95   622.8    341.71 358.25 380.29        380.29 1003.093 305.578           1-FSMR
Laurel Howell            37    FSMR    67.4   67.5    0.7268     209.44 236.99 -248.02        236.99   110.23 132.28 -137.79      132.28   369.27   242.51 264.55 275.58        275.58 644.8455 212.589           2-FSMR
Heather Mullin (SM)      33    FSMR    81.2   82.5    0.6262     242.51 264.55 -303.13        264.55   126.76 -143.3 -143.3       126.76   391.32   297.62 319.67 341.71        341.71 733.0295 208.2115          3-FSMR
Aree' DeZort             19     FT3R   57.4    60     0.8516     275.58 292.11 308.64         308.64   192.9 -203.93 203.93       203.93   512.57   286.6 308.64 319.67         319.67 832.2365 321.479            1-FT3R        *Teen Raw Best lifter
Emmy Stirn               17     FT2R   67.5   67.5    0.7258     242.51 259.04 281.09         281.09   121.25 132.28 -143.3       132.28   413.36   242.51 264.55 -303.13       264.55 677.9145 223.1835           1-FT2R
Andrea Romero            21      FJR   55.8    56     0.8782     225.97 270.06 -297.62        270.06   115.74 137.79 148.81       148.81   418.87   225.97 275.58 297.62        297.62 716.495    285.415           1-FJR
Caitlin Sullivan (Jr)    23      FJR   73.6    75     0.6745     303.13 347.22 -391.32        347.22   165.35 187.39 -203.93      187.39   534.62   303.13 336.2 -352.74        336.2   870.817 266.4275            2-FJR
Jenna Loudenburg         20     FJR    73.4    75     0.676      236.99   259.04 -275.58 259.04        110.23   121.25 -126.76 121.25      380.29   220.46   236.99 -248.02 236.99        617.288     189.28        3-FJR
Janel Vegter             24   FOR    60        60     0.8128 -325.18 -325.18 325.18 325.18             154.32 170.86 -181.88 170.86        496.04   319.67 352.74 -380.29 352.74 848.771    312.928               1-FOR -60
Paula Benoit             36   FOR    60        60     0.8128 132.28 154.32 -187.39 154.32              99.207 110.23 -121.25 110.23        264.55   225.97 -248.02 248.02 248.02 512.5695 188.976                 2-FOR -60
Tina Redding             35   FOR   66.2      67.5    0.7387 275.58 325.18 -363.76 325.18              148.81 159.83 -165.35 159.83        485.01   264.55 319.67 -341.71 319.67 804.679 269.6255                1-FOR -67.5
Michelle Keaulana        35   FOR    74        75     0.6716 363.76 385.81 407.85 407.85               170.86 203.93 214.95 214.95         622.8    341.71 358.25 380.29 380.29 1003.093 305.578                  1-FOR -75
Caitlin Sullivan         23   FOR   73.6       75     0.6745 303.13 347.22 -391.32 347.22              165.35 187.39 -203.93 187.39        534.62   303.13 336.2 -352.74 336.2    870.817 266.4275                2-FOR -75
Shelly Drehmer           25   FOR   73.2       75     0.6774 264.55 292.11 314.16 314.16               154.32 -187.39 187.39 187.39        501.55   314.16 352.74 -369.27 352.74 854.2825 262.4925                3-FOR -75
Maria Carlton            24   FOR   79.4      82.5    0.6364 220.46 236.99 259.04 259.04               137.79 -143.3 -143.3 137.79         396.83   292.11 330.69 369.27 369.27 766.0985 221.149                 1-FOR -82.5
Amy Simmer (Op)          43   FOR    85        90     0.6069 418.87 -451.94 451.94 451.94              231.48 248.02 -264.55 248.02        699.96   418.87 -451.94 451.94 451.94 1151.9035 317.10525              1-FOR -90 *Women's Raw Best Lifter
Rita Carlsson (AD)       61 FM5-AD 65         67.5    0.7514 402.34 -429.9 -429.9 402.34               137.79 -148.81 -148.81 137.79       540.13   325.18 352.74 363.76 363.76 903.886     308.074               1-FM5-AD
Paula Miller (WM2)       45 FM2R-AD 91.4      SHW     0.5801 198.41 231.48 259.04 259.04               137.79 154.32 -170.86 154.32        413.36   275.58 297.62 325.18 325.18 738.541 194.3335                 1-FM2R-AD
Rochelle Longstreth      13 FM2R-AD 73.4       75     0.676 137.79 143.3 -159.83 143.3                 60.627 71.65 77.161 77.161          220.46   99.207 126.76 143.3   143.3   363.759    111.54              2-FM2R-AD
Heather Mullin               FSMR-
                         33         81.2      82.5    0.6262     242.51   264.55 -303.13 264.55        126.76   -143.3   -143.3   126.76   391.32   297.62   319.67   341.71   341.71     733.0295   208.2115    1-FSMR-AD
(ADSM)                         AD
Kristy Muench            34 FSMR-AD 88.6       90     0.591      220.46 -248.02 -248.02 220.46         121.25   132.28 -137.79 132.28      352.74   220.46   242.51   292.11    292.11    644.8455   172.8675    2-FSMR-AD
                              FJR-
Kayla Heal (Jr)          23         74.4       75     0.6687 -363.76 363.76         407.85    407.85   154.32 -176.37 176.37      176.37   584.22   374.78   418.87   -429.9   418.87     1003.093   304.2585     1-FJR-AD
                               AD
Molly Kirk               18 FT3R-AD 86.2       90     0.6013     143.3     154.32    170.86   170.86 82.673 93.696 104.72 104.72           275.58   137.79   159.83 181.88 181.88         457.4545   124.76975    1-FT3R-AD
Emily Stirn (AD)         17 FT2R-AD 66.2      67.5    0.7387     242.51    259.04    281.09   281.09 121.25 132.28 -143.3 132.28           413.36   242.51   264.55 -303.13 264.55        677.9145   227.15025    1-FT2R-AD
Taylor Longstreth        17 FT2R-AD 73         75     0.6789     176.37   -203.93   -203.93   176.37 99.207 -115.74 -115.74 99.207         275.58   165.35   170.86 181.88 181.88         457.4545   140.87175    2-FT2R-AD
Rita Carlsson            61   FM5    65       67.5    0.7514     402.34    -429.9    -429.9   402.34 137.79 -148.81 -148.81 137.79         540.13   325.18   352.74 363.76 363.76         903.886     308.074       1-FM5
Mandy Bennett            22 FO-AD 67.5        67.5    0.7258     374.78    407.85    424.39   424.39 203.93 220.46 225.97 225.97           650.36   319.67   352.74 363.76 363.76         1014.116    333.868    1-FO-AD-67.5
Rachel Allbaugh          32 FOR-AD 55          56     0.8924     225.97    270.06   -303.13   270.06 -154.32 154.32 159.83 159.83          429.9    297.62   308.64 -341.71 308.64        738.541     298.954    1-FOR-AD-56
Chloe Lansing            23 FOR-AD 55.6        56     0.8817     231.48   -264.55   -264.55   231.48 115.74 126.76 -137.79 126.76          358.25   286.6    308.64 325.18 325.18         683.426     273.327    2-FOR-AD-56
Randalle Knapp           28 FOR-AD 54.2        56     0.9073     187.39    203.93   -225.97   203.93 99.207 115.74 -126.76 115.74          319.67   209.44   225.97 248.02 248.02         567.6845   233.62975   3-FOR-AD-56
Alison Speltz            20 FOR-AD 59.2        60     0.8242     286.6    -314.16    314.16   314.16 143.3 154.32 -165.35 154.32           468.48   303.13   319.67 -341.71 319.67        788.1445    294.6515   1-FOR-AD-60
Dawn Zaruba              34 FOR-AD 62.7       67.5    0.7777     264.55   -297.62   -297.62   264.55 148.81 159.83 -170.86 159.83          424.39   286.6    303.13 314.16 314.16         738.541     260.5295   1-FOR-AD-67.5
                              FOR-
Krista DeCook            26         67.4      67.5    0.7268     286.6    297.62 -325.18 297.62        143.3    -154.32 -154.32   143.3    440.92   292.11 -308.64 -308.64 292.11         733.0295    241.661    2-FOR-AD-67.5
                               AD
Michaela Sager           24 FOR-AD 66.6       67.5    0.7347 165.35 187.39 -203.93 187.39              93.696 -110.23 -110.23     93.696   281.09   181.88 -203.93 203.93 203.93          485.012    161.634     3-FOR-AD-67.5
Kayla Heal               23 FOR-AD 74.4        75     0.6687 -363.76 363.76 407.85 407.85              154.32 -176.37 176.37      176.37   584.22   374.78 418.87 -429.9 418.87           1003.093   304.2585    1-FOR-AD-75
Rebecca Abrahams         35 FOR-AD 78.2       82.5    0.6436 314.16 341.71 369.27 369.27               170.86 187.39 -198.41      187.39   556.66   325.18 -363.76 -363.76 325.18          881.84     257.44     1-FOR-AD-82.5
Heather Mullin           33 FOR-AD 81.2       82.5    0.6262 242.51 264.55 -303.13 264.55              126.76 -143.3 -143.3       126.76   391.32   297.62 319.67 341.71 341.71           733.0295   208.2115    2-FOR-AD-82.5
Paula Miller             45 FOR-AD 91.4       SHW     0.5801 198.41 231.48 259.04 259.04               137.79 154.32 -170.86      154.32   413.36   275.58 297.62 325.18 325.18           738.541    194.3335    1-FOR-AD-SHW
Dawn Burdette            36    FO   67.4      67.5    0.7268 402.34 429.9 -440.92 429.9                225.97 236.99 242.51       242.51   672.4    402.34 429.9 451.94 451.94            1124.346   370.668      1-FO-67.5
Brian Willingham         50   MM3R 108.8   110    0.538    473.99 518.08 534.62       534.62 -319.67 347.22 -352.74 347.22          881.84 462.97 490.52 -512.57 490.52 1372.3635             334.905    1-MM3R
Michael Roop             50   MM3R 96.2    100    0.5642   336.2 352.74 402.34        402.34 -275.58 275.58 -286.6 275.58           677.91 -363.76 402.34 440.92 440.92 1118.8345             286.3315   2-MM3R
Dave Chastain            45   MM2R   81    82.5   0.6273   429.9 -462.97     0        429.9 181.88 203.93 -225.97 203.93            633.82 457.45 473.99    0    473.99 1107.8115            315.21825   1-MM2R
Ernie Lilliebridge Sr.   42   MM1R 138     140    0.5056   760.59 804.68 837.75       837.75 440.92 462.97 473.99 473.99            1311.7 716.5 760.59 -793.66 760.59 2072.324               475.264    1-MM1R
Tony Chirico             43   MM1R 117.9   125    0.5297   606.27 666.89 710.98       710.98 424.39 451.94 -473.99 451.94           1162.9 562.17 606.27 -666.89 606.27 1769.1915            425.08425   2-MM1R
John Even                21   MJR   97.6   100    0.5602   589.73 622.8 661.38        661.38 418.87 440.92 -473.99 440.92           1102.3 496.04 534.62 551.15 551.15 1653.45                 420.15     1-MJR
Justin Perez             22   MJR   100    100    0.554    628.31 661.38 -688.94      661.38 380.29 396.83 -407.85 396.83           1058.2 529.1 556.66 584.22 584.22 1642.427                 412.73     2-MJR
Matt Teijido             23   MJR   97.8   100    0.5597   496.04 540.13 -584.22      540.13 308.64 341.71 -374.78 341.71           881.84 534.62 567.68 -600.75 567.68 1449.5245            368.00275    3-MJR
Jeff Nimrick             22   MJR   82.4   82.5   0.6198   440.92 -468.48 -473.99     440.92 358.25 380.29 -391.32 380.29           821.21 440.92 479.5 -501.55 479.5 1300.714                365.682     4-MJR

Jake Arp                 23   MJR   97.4   100    0.5608   468.48   523.59   551.15   551.15   275.58   325.18 -341.71 325.18       876.33   473.99   529.1    545.64   545.64   1421.967     361.716    5-MJR


Grant Voshell            22  MJR    80.6   82.5   0.6295 418.87 451.94 -473.99        451.94 -253.53 253.53 -281.09 253.53          705.47   446.43 473.99 501.55       501.55   1207.0185   344.65125    6-MJR
Seth Thompson            22  MJR    89.4    90    0.5877 385.81 424.39 446.43         446.43 264.55 -286.6 286.6    286.6           733.03   479.5 518.08 529.1         529.1    1262.1335   336.45825    7-MJR
Ryan Ramos               21  MJR     75     75    0.6645 308.64 347.22 -380.29        347.22 187.39 -203.93 209.44 209.44           556.66   352.74 402.34 424.39       424.39    981.047     295.7025    8-MJR
Anthony Vittorio         23  MJR    84.6    90    0.6088 253.53 275.58 319.67         319.67 242.51 253.53 -270.06 253.53           573.2    363.76 407.85 424.39       424.39    997.5815    275.482     9-MJR
Sam Schwartz             23  MJR    89.2    90    0.5885 330.69 352.74 369.27         369.27 220.46 -231.48 -231.48 220.46          589.73   369.27 413.36 429.9        429.9    1019.6275   272.18125   10-MJR
Travis McKinney          19  MT3R    87     90    0.5978 551.15 595.24 -617.29        595.24 -352.74 352.74 -363.76 352.74          947.98   606.27 639.33 661.38       661.38    1609.358    436.394    1-MT3R
Andrew Chastain          19  MT3R 81.6     82.5   0.6241 512.57 551.15 -573.2         551.15 292.11 -319.67 -319.67 292.11          843.26   468.48 -501.55   0         468.48    1311.737    371.3395   2-MT3R
Tony Chirico IV          13  MT1R 58.8      60    0.8301 88.184 104.72 132.28         132.28 55.115 66.138 -71.65 66.138            198.41   132.28 170.86 203.93       203.93    402.3395   151.49325   1-MT1R
John Haack               21 MJR-AD 82.4    82.5   0.6198 551.15 589.73 611.78         611.78 369.27 407.85 418.87 418.87            1030.7   628.31 677.91 705.47       677.91    1708.565    480.345   1-MJR-AD
Kody Larsen              20 MJR-AD 89.4     90    0.5877 435.41 473.99 496.04         496.04 275.58 -297.62 -297.62 275.58          771.61   512.57 -529.1 529.1        529.1     1300.714    346.743   2-MJR-AD
Jacob Perkins            23 MJR-AD 87.4     90    0.596 -485.01 485.01 -518.08        485.01 325.18 341.71 -358.25 341.71           826.73   66.138    0      0         66.138    892.863      241.38   3-MJR-AD
Nick Berry               22 MJR-AD 123.6   125    0.523 556.66 -600.75 -600.75        556.66    0      0       0      0               0        0       0      0           0          0           0           0
Chago Huerta             19 MT3R-AD 89      90    0.5893 529.1 562.17 578.71          578.71 319.67 -330.69    0    319.67          898.37   534.62 562.17 -578.71      562.17   1460.5475   390.41125 1-MT3R-AD
                             MT3R-
Joshua Vandergriff       19         110    110    0.5365   352.74 -402.34    -429.9   352.74   187.39   214.95   236.99    236.99   589.73   352.74   418.87   473.99   473.99 1063.7195 258.86125 2-MT3R-AD
                              AD

Roberto Amador           17 MT2R-AD 97.8   100    0.5597   501.55   534.62   556.66   556.66   314.16   336.2    -352.74   336.2    892.86   512.57   540.13   556.66   556.66 1449.5245 368.00275 1-MT2R-AD
                                                                                                                                                                                         286.25737
Gage Abrahams            37 MOR-AD 227.5   SHW    0.4289 501.55 -540.13 551.15 551.15 275.58 286.6 -303.13 286.6                    837.75 589.73 617.29       633.82   633.82 1471.5705     5     1-MOR-AD-SHW
Dennis Henson            56  MM4 94.6       100   0.5691 473.99 501.55 523.59 523.59 275.58 303.13 314.16 314.16                    837.75 -402.34 418.87      429.9    429.9 1267.645 327.2325       1-MM4
Danny Thurman            46  MM2    89      90    0.5893 -639.33 639.33 -705.47 639.33 -639.33 -639.33 -639.33 0                      0       0      0           0        0        0         0           0
