  18/02/2017                                              Welsh Championships 2017
                                  Bwt     WtCls                                                     Sub                              (1) PL
Name                Team   Div                    SQ-1    SQ-2     SQ-3     BP-1    BP-2    BP-3            DL-1    DL-2    DL-3              Pl-Div- WtCls-Evt
                                  (kg)     (kg)                                                     Total                             Total

Angelina Lane              F-BC   51.7     52      70      80       -85      45     52.5     -55    132.5    90     105     -110     237.5          #N/A
Jennifer Gough             F-BC   52.4     57      80      85      -92.5    52.5     55     -57.5   140     105     110     -117.5    250           #N/A
Hannah Yardy               F-BC   62.4     63     102.5    110     -115      70      75     -77.5   185     152.5   165     172.5    357.5          #N/A
Tanya Bull                 F-BC   71.4     72     140      150      155     72.5    77.5     80     235     165     180     187.5    422.5          #N/A
Amelia Crook               F-BC   67.1     72     115     122.5     130      70     72.5    77.5    207.5   140     152.5    160     367.5          #N/A
Natalie O'Shea             F-BC   71.6     72     100      110     117.5     80      85     -87.5   202.5   150     155     157.5     360           #N/A
Victoria Eades             F-BC   71.6     72     117.5    125      130      60     -62.5   62.5    192.5   135     145     -152.5   337.5          #N/A
Theresa Smith              F-BC   69.9     72      60      65      72.5      -40     45      50     122.5    90     100      105     227.5          #N/A
Christina Appleby          F-BC   79.2     84     135      145     -155      95     102.5   105     250     150     165      175      425           #N/A
Hira Tierney               F-BC   84.6     84+    140     147.5    152.5     70     72.5     -75    225     180     187.5   197.5    422.5          #N/A
Carol Taylor               F-BC   98.9     84+    110      115     117.5    47.5    52.5     -55    170     120     127.5 -132.5     297.5          #N/A
Jacob Downes               M-BC   63.7     66     150      160     -167.5   105     110             270     190     205      215      485           #N/A
Owen Hubbard               M-BC   73.5     74     230     242.5    -252.5  182.5    190     -195    432.5   255     267.5   -275      700           #N/A
Martin Smith               M-BC   79.3     83     160      170      180     130     -140    -140    310     200     212.5    225      535           #N/A
Thomas Morgan              M-BC   82.3     83     150      160     -170     110     115     120     280     190     200     -210      480           #N/A
Rundeer Singh              M-BC   80.5     83     145     152.5    -160      85      90     -92.5   242.5   165     172.5    180     422.5          #N/A
Tom Driver                 M-BC   92.4     93     230     242.5     250     125     132.5   -140    382.5   220     230     -240     612.5          #N/A
Justin Noble               M-BC    93      93     207.5   -220      225     137.5   147.5   -155    372.5   205     215     -227.5   587.5          #N/A
Edward Evans               M-BC   83.4     93     175      185     192.5    125     130     -135    322.5   195     205     -210     527.5          #N/A
Geraint Nicholas           M-BC   92.1     93     135     -142.5    150      95     102.5   107.5   257.5   215     230     -245     487.5          #N/A
Ryan Griffiths             M-BC   89.5     93     162.5   172.5     180     77.5     85     -87.5   265     190     200      210      475           #N/A
Tom Ellis                  M-BC   91.2     93     137.5    145     -150      85      90     -92.5   235     162.5   172.5   -180     407.5          #N/A
Ashley Butler              M-BC   99.9     105    210      220      230     150     -160    -160    380     -270    280      290      670           #N/A
Luke Powlson               M-BC   102.4    105    190      205      215     135     140     145     360     205     225      235      595           #N/A
Wayne Rogers               M-BC   104.1    105    200     -210     -210     137.5   142.5   -145    342.5   225     235      240     582.5          #N/A
Callum Irvine              M-BC   106.7    120    210     -220      225     140     150     -155    375     220     230      240      615           #N/A

