                             Auckland Powerlifting Club Competition 2018, North Shore Barbell Club, North Shore, Auckland, 4 November 2018
                                                                                                                                                                                 (2)
                                      Body Weight                                   Best                              Best    Sub                              Best                       Pl-Div-
      Name            Team    Div                    lot#   SQ-1   SQ-2    SQ-3             BP-1    BP-2     BP-3                     DL-1    DL-2    DL-3             Total    Wilks
                                      Weight Class                                  SQ                                 BP     Total                             DL                       WtCls-Evt
                                                                                                                                                                                 Pts
     Niketa Wells     AKL     F-JR     45.7   47     1      57.5   62.5      -70     62.5     40     42.5      -45     42.5    105      70    77.5     82.5    82.5    187.5   257.250   1-F-JR-47-PL
     Dana Ye-Lee      AKL     F-JR      52    52     2      97.5   102.5   -107.5   102.5     55     57.5       60      60    162.5    115    122.5     130     130    292.5   364.631   1-F-JR-52-PL
Kavishi Kariyawasam   AKL     F-O      50.8   52     3       90     105     -110     105      40      -50      -50      40     145     115    -125      130     130     275    349.030   1-F-O-52-PL
     Nadine Tupp      AKL     F-JR     52.7   57     6      77.5     85     87.5     87.5   47.5     52.5       55      55    142.5    110     120      125     125    267.5   330.042   1-F-JR-57-PL
   Jennifer Pearce    AKL     F-JR     56.7   57     5      57.5     65     72.5     72.5     35       40       45      45    117.5     70    82.5     -92.5   82.5     200    233.040   2-F-JR-57-PL
   Catherine Shon     AKL     F-O      56.6   57     4      130    137.5   -142.5   137.5   -77.5    -77.5    77.5     77.5    215    147.5    155     -160     155     370    431.716   1-F-O-57-PL
        Ali Abbas     AKL     M-JR     58.2   59     15     150    157.5   -162.5   157.5   92.5       95     -97.5     95    252.5   172.5   182.5   -192.5   182.5    435    381.626   1-M-JR-59-PL
      Kenny Liang     AKL     M-SJ     58.5   59     16      75    82.5     92.5     92.5     55       60      -70      60    152.5   -100     110     122.5   122.5    275    240.102   1-M-SJ-59-PL
   Atsuko Sunaga      AKL     F-JR     59.5   63     26      -85   -87.5     90       90      35      -40     42.5     42.5   132.5     90     100     107.5   107.5    240    269.304   1-F-JR-63-PL
   Astra Valentine    AKL     F-O      61.6   63     7      125     130    -132.5    130      65       70     -72.5     70     200     150     160    -162.5    160     360    393.300   1-F-O-63-PL
Natasha Vaglenarova   AKL     F-JR      64    72     9       40    42.5      45       45      45       50       55      55     100      70    77.5       85      85     185    196.341   1-F-JR-72-PL
    Juliette Horne    AKL     F-O      70.7   72     25      80    82.5      -85     82.5   -47.5     -50      -50       0      0      115    122.5     130     130      0      0.000
 Alyssa-Joy Spence    AKL     F-O      70.3   72     23     -135    135    142.5    142.5   72.5     77.5       80      80    222.5    145     155      160     160    382.5   379.402   1-F-O-72-PL
  Kelly MacDonald     AKL     F-O      68.9   72     8       95    -100     100      100    -52.5    52.5       55      55     155     110    117.5    -120    117.5   272.5   274.108   2-F-O-72-PL
      Ashley Paul     AKL     F-O      71.1   72     24      55      60      -65      60     -35       35     42.5     42.5   102.5     70    77.5     82.5    82.5     185    182.096   3-F-O-72-PL
    Phillip Crosbie   AKL     M-III    70.7   74     20     -100    100     -140     100     -40      -45     47.5     47.5   147.5    120     135      150     150    297.5   221.251   1-M-III-74-PL
       Leroy Wee      AKL     M-JR      72    74     19     130     140     155      155      85     92.5      100     100     255     170     190     202.5   202.5   457.5   335.668   1-M-JR-74-PL
  Viv Washington      AKL     M-JR     72.9   74     21     140     150     160      160      95    -107.5   -107.5     95     255    -165     175      185     185     440    319.924   2-M-JR-74-PL
    Wai Yan Piang     AKL     M-SJ     69.2   74     22     125     135     145      145      85       90       95      95     240     155     170      180     180     420    317.562   1-M-SJ-74-PL
     Hashim Iqbal     AKL     M-SJ     73.8   74     18      90     100     110      110      60       70       75      75     185     130     160     167.5   167.5   352.5   254.047   2-M-SJ-74-PL
     Filppo Sanna     AKL     M-O      77.6   83     10     -140    140     -155     140      95    102.5     -110    102.5   242.5    180     195     -215     195    437.5   304.631   1-M-O-83-PL
        John Roh      AKL     M-JR     84.1   93     11     185     195    202.5    202.5   147.5     155    157.5    157.5    360     260    277.5     290     290     650    430.560   1-M-JR-93-PL
   Eli Abouchaaya     AKL     M-JR     91.6   93     12     195     205     -215     205     140      145     -150     145     350     205     215      225     225     575    363.860   2-M-JR-93-PL
     Isaac Cleland    AKL     M-O      88.1   93     14     160     170    177.5    177.5   -100     -100      100     100    277.5    185     200     -210     200    477.5   308.226   1-M-O-93-PL
      Justin Swan     AKL     M-O      88.6   93     13      90    -100     110      110      80       85       90      90     200     140    157.5     170     170     370    238.132   2-M-O-93-PL
