  06/08/2016                                                   All England Men - Juniors and Masters
                               Bwt     WtCls                                  Best                             Best    Sub                               Best
Name                   Team                  Age SQ-1       SQ-2     SQ-3             BP-1    BP-2    BP-3                     DL-1    DL-2     DL-3             Total   Wilks      Placing
                               (kg)     (kg)                                  SQ                                BP     Total                              DL

Jacob Melvin           WM      56.3     59    U18   115     122.5    -125     122.5    75      -80     80       80     202.5   142.5    153     157.5    157.5   360     326.016   1-C-SJ-59.
Luis Corbo             SE      57.7     59    U18   115      120     -125     120     57.5     60     62.5     62.5    182.5   140      145     -150     145     327.5   289.674   2-C-SJ-59.

Dave Brown             EM     57.75     59    M3     80     87.5      90       90     67.5     70     -72.5     70     160     122.5    130      135     135     295     260.721   1-C-M3-59.

Ted Brown              SM     56.25     59    M5     70      -75      -75      70      65      70     72.5     72.5    142.5   100      110     117.5    117.5   260     235.664   1-C-M5-59.

Declan Zimmermann      WM     64.85     66    U18   160     167.5     171     171     92.5    97.5     100     100     271     210      223      229     229     500     398.350   1-C-SJ-66.
Dominic King           SE      64.9     66    U18   135      140     -145     140      -85     -85     -85      0        0     180      190     -207.5   190       0      0.000
Tom Chang              NW      64.9     66    U23   160      170      175     175     117.5   126     -130     126     301     210      225      235     235     536     426.763   1-C-JR-66.
Roger Hamilton-Smith   SM      64.4     66    M1    152.5    160     162.5    162.5    100    110     -112.5   110     272.5   195      210      215     215     487.5   390.683   1-C-M1-66.
Shaun Bateman          SW      63.6     66    M1    150      155     -157.5   155      110    115     117.5    117.5   272.5   180      190      195     195     467.5   378.675   2-C-M1-66.

George White           SE      73.5     74    U18   150      160      165     165     92.5    100      105     105     270     165     -175      175     175     445     321.646   1-C-SJ-74.
Samuel Kuti            SW     73.25     74    U18   140     -150      150     150      85     92.5    -97.5    92.5    242.5   175     -185      185     185     427.5   309.767   2-C-SJ-74.
Dean Smith             SE     72.35     74    U18   130     -132.5   -150     130      80      85      -90      85     215     150      160      170     170     385     281.474   3-C-SJ-74.

Jack Suljevic          SW      73.5     74    U23   210      220     -235.5   220      90     100      105     105     325     255      265     270.5    270.5 595.5     430.427   1-C-JR-74.
Samuel Stott           SW     72.95     74    U23 192.5      195      205     205      105    115     -120     115     320     205      215     227.5    227.5 547.5     397.868   2-C-JR-74.
Jeremy Ocampo          SM     72.95     74    U23 177.5      190     197.5    197.5   102.5   110     -112.5   110     307.5   205      220     232.5    232.5   540     392.418   3-C-JR-74.
Ben Johnson            EM      71.2     74    U23 152.5     162.5     170     170     107.5   115      120     120     290     187.5    200     207.5    207.5 497.5     368.050   4-C-JR-74.
Ben Streatfield        SE      71.3     74    U23 162.5      165      175     175      95     100     102.5    102.5   277.5   180      190     -202.5   190     467.5   345.483   5-C-JR-74.
Kyran O’Neill          NM     70.85     74    U23   165     -170     -170     165      95     100     107.5    107.5   272.5   170      185     192.5    192.5   465     345.309   6-C-JR-74.
Alexander Burbridge    SE      72.8     74    U23 147.5      155      160     160      105    110     -115     110     270     175      190     -200     190     460     334.788   7-C-JR-74.
Benjamin Cattermole    EM     72.35     74    U23   -180     180     -190     180     117.5 -122.5 -122.5 117.5        297.5   -215      X        X       0        0      0.000

Ronan Bell             SE      71.1     74    M1    145      160     -174     160      105    115      118     118     278     165      180      190     190     468     346.601   1-C-M1-74.

Mick Coopey            YNE     72.2     74    M2    160     -170     -177.5   160      95     100      105     105     265     170      185     -202.5   185     450     329.490   1-C-M2-74.

Harri Sing Cheema      WM      73.6     74    M3    -160     170      180     180     102.5   110      115     115     295     185      200     -205     200     495     357.440   1-C-M3-74.
Alan Twigg             YNE    73.15     74    M3     90      -95      100     100      95     102.5   107.5    107.5   207.5   170      190       x      190     397.5   288.307   2-C-M3-74.

Henry Clark            SM      73.1     74    M4    110     -120      120     120     52.5    57.5     -60     57.5    177.5   140     -145       x      140     317.5   230.378   1-C-M4-74.

Marshal Packer         SE      80.9     83    U18   140      150      160     160      80      90      100     100     260     180      190      200     200     460     311.834   1-C-SJ-83.
Will Potter            SE      79.9     83    U18   135      140      150     150      80     82.5    -92.5    82.5    232.5   180      190     -200     190     422.5   288.652   2-C-SJ-83.

Erik Mata              EM      82.6     83    U23   225     237.5    -246     237.5   147.5   -155     155     155     392.5   240     -262.5   -265     240     632.5   423.395   1-C-JR-83.
Kristopher Franklin    GL     82.25     83    U23   195     202.5    -210     202.5   132.5   137.5 -142.5 137.5       340     230     -245      250     250     590     395.949   2-C-JR-83.
James Vickers          SM      78.8     83    U23 177.5     187.5 -197.5 187.5        127.5   135     142.5    142.5   330     215     -227.5 227.5      227.5 557.5     384.285   3-C-JR-83.
Ryan Truman            WM      81.3     83    U23   -170     170     -175     170      105    112.5    120     120     290     220      230     -235     230     520     351.468   4-C-JR-83.

Frankie Dorrian        SM     82.05     83    M1    170     182.5     190     190      95     97.5    102.5    102.5   292.5   190     202.5    207.5    207.5   500     336.050   1-C-M1-83.

David Clifford         NW     82.15     83    M2    180      190      195     195      120    125     -127.5   125     320     225     235.5 -242.5 235.5 555.5          373.074   1-C-M2-83.

Mick Amey              EM      81.7     83    M3    140      170       X      170      100    105       X      105     275     220     -241     -241     220     495     333.581   1-E-M3-83.

Bartosz Sujczski       SW      87.9     93    U18 137.5     147.5    -155     147.5    85     92.5     100     100     247.5   137.5   147.5    152.5    152.5   400     258.520   1-C-SJ-93.

Will James             SW     90.25     93    U23 222.5      235      245     245      125    -135    -135     125     370     260      270     -275     270     640     408.000   1-C-JR-93.
Craig Harris           SW      90.8     93    U23   205     217.5     225     225      135    140     -145     140     365     235     -245     -245     235     600     381.360   2-C-JR-93.
Thomas Price           NW      91.6     93    U23   200     207.5 -212.5 207.5         115    -120    -120     115     322.5   240      255     -267.5   255     577.5   365.442   3-C-JR-93.
Antonio Shinebourne    GL      91.3     93    U23   200      210     -217.5   210     122.5   132.5 -137.5 132.5       342.5   220     232.5    -245     232.5   575     364.435   4-C-JR-93.
Jake Leach             SM      91.1     93    U23 197.5      205     212.5    212.5    115    122.5    130     130     342.5   190     207.5 -212.5 207.5        550     348.975   5-C-JR-93.
Will Lewis             SM      84.9     93    U23   -190     200     -210     200      120    -130    -130     120     320     210      220     -230     220     540     355.752   6-C-JR-93.
Conor Evans            SW      90.8     93    U23   -180     180      195     195     102.5   112.5   -120     112.5   307.5   220     -232.5 232.5      232.5   540     343.224   7-C-JR-93.

Jaswinder Singh        WM     92.95     93    M2    210     -230      235     235      150    160     -170     160     395     230      245     -257.5   245     640     402.176   1-C-M2-93.
Keith Blacknell        SM      92.4     93    M2    167.5    180     -187.5   180     -115    115     -120     115     295     170      180     -182.5   180     475     299.298   2-C-M2-93.

Kevin Jane             EM      92.2     93    M3    -245     245     -260     245      155    160     162.5    162.5   407.5   242.5    250     -257.5   250     657.5   414.751   1-E-M3-93.

Bradley May            SE     103.85    105   U18 -215.5    -225      225     225     122.5   128     -132.5   128     353     240.5    255     -262.5   255     608     364.739   1-C-SJ-105.
Liam Ward              YNE    101.7     105   U18   150     -160      160     160      90      -95     -95      90     250     180      190      200     200     450     272.070   2-C-SJ-105.

Joshua Greenfield      YNE    104.1     105   U23   260     272.5    277.5    277.5    155    162.5   -165     162.5   440     250      265      275     275     715     428.571   1-C-JR-105.
Matthew Deacon-Smith   SW     100.1     105   U23   240     -255     -255     240     -140    140     -145     140     380     270      300     -330.5   300     680     413.644   2-C-JR-105.
Frankie Parke          EM     104.15    105   U23   220      240       X      240      130    140       X      140     380     220      240       X      240     620     371.566   3-C-JR-105.
Joe Wicks              SM     102.6     105   U23   205      215     217.5    217.5    145    155     -162.5   155     372.5   200      215      225     225     597.5   360.053   4-C-JR-105.

Thomas Celestin        GL     99.15     105   M1    232.5   242.5 -247.5 242.5         125    127.5    130     130     372.5   287.5    313     -323     313     685.5   418.635 1-C-M1-105.
Tim Wheeler            GL     102.85    105   M1    210      220     -227.5   220      110    115     117.5    117.5   337.5   245     -262.5 -262.5     245     582.5   350.665 2-C-M1-105.
Darren Lloyd           NM     103.5     105   M1    167.5 -172.5 172.5        172.5    140    -145    -145     140     312.5   180      195     -205     195     507.5   304.805 3-C-M1-105.
Justin Green           EM     99.35     105   M1    150     152.5 -172.5 152.5         100    110     117.5    117.5   270     -200     200     -217.5   200     470     286.794 4-C-M1-105.

Ross Cartwright        WM     110.8     120   U18   190      200     -202.5   200      115    125     127.5    127.5   327.5   170      190      200     200     527.5   309.748   1-C-SJ-120.

Balal Ahmed            WM     106.4     120   U23   210      220      225     225      130    140     -147.5   140     365     265     282.5    -300     282.5 647.5     385.133   1-C-JR-120.

Ian Ryan               NM     115.3     120   M1    175      190     -195     190      125    135     -142.5   135     325     180      200      210     210     535     310.621 1-C-M1-120.

Ian Finch              EM     113.5     120   M2    165      175      180     180      110    117.5    120     120     300     200      210       X      210     510     297.381 1-C-M2-120.

David Hughes           SM     127.95   120+ U23     -270    287.5     300     300     -172.5 172.5    -185     172.5   472.5   300     327.5     340     340     812.5   460.931 1-C-JR-120+.
Fraser Pennington      NW     122.25   120+ U23     270     -290.5 -290.5     270      150    157.5 -162.5 157.5       427.5   250     262.5 -272.5 262.5        690     395.025 2-C-JR-120+.

Nick Grundy            SE     122.2    120+   M1    210     -220      220     220      140    145      150     150     370     210      220      230     230     600     343.560 1-C-M1-120+.
   07/08/2016                                                              All England Men - Seniors
                            Bwt     WtCls                                Best                             Best    Sub                              Best
Name                 Team                 Age SQ-1      SQ-2    SQ-3             BP-1    BP-2    BP-3                     DL-1    DL-2    DL-3             Total   Wilks       Placing
                            (kg)     (kg)                                SQ                                BP     Total                             DL

Shishir Sikder       EM     58.1     59    Sen   135    142.5   -150     142.5    85     87.5     90       90     232.5   175     185     -190     185     417.5   366.857    1-C-Sen-59.

John Phillips        SW     65.8     66    Sen   175     185    192.5    192.5   112.5   117.5    120     120     312.5   202.5   215      220     220     532.5   419.184    1-C-Sen-66.
Mahfuzur Rahman      GL     64.55    66    Sen   165    -172.5 172.5     172.5   92.5    97.5    102.5    102.5   275     187.5 -197.5 -197.5 187.5        462.5   369.954    2-C-Sen-66.
Sean Maloney         EM     65.45    66    Sen   140    -150     150     150      90      95     -100      95     245     180     190     -200     190     435     343.911    3-C-Sen-66.

Luke Rogers          WM     73.45    74    Sen 217.5     230    -235     230      120     125     130     130     360     245     260      265     265     625     452.000    1-C-Sen-74.
Tim Baker            SW     72.5     74    Sen   190     200    -202.5   200      120     130    -135     130     330     220     -245      x      220     550     401.500    2-C-Sen-74.

Mark Hodgett         NM     82.5     83    Sen   -200    210     220     220      130     145     150     150     370     265     277.5   -285     277.5   647.5   433.760    1-C-Sen-83.
Daniel Ben-Chorin    GL     82.35    83    Sen   -215    215    -230     215      140    -147.5 147.5     147.5   362.5   235     250      265     265     627.5   420.801    2-C-Sen-83.
Alex Burrell         SW     82.8     83    Sen   195     205    212.5    212.5   122.5   127.5   137.5    137.5   350     237.5   250     -262.5   250     600     401.100    3-C-Sen-83.
Joshua Bosman        YNE    82.35    83    Sen   170     180     190     190      125    132.5   137.5    137.5   327.5   247.5   262.5    270     270     597.5   400.683    4-C-Sen-83.
Mahavira Sing        NM     81.75    83    Sen   200     210    -217.5   210     127.5   132.5   137.5    137.5   347.5   230     245     -250     245     592.5   399.108    5-C-Sen-83.
Wassim Arsalani      EM      77      83    Sen   185     195     200     200      130     135    -140     135     335     -225    225       x      225     560     391.944    6-C-Sen-83.
Jamie Gee            SW     80.65    83    Sen   180     200    -210     200      135     145    -147.5   145     345     200     210      215     215     560     380.352    7-C-Sen-83.
Adam Ferret          SW     79.15    83    Sen   180    -190    -190     180      115     120    -125     120     300     240     250     -260     250     550     378.070    8-C-Sen-83.
Jamie Sinclair       SM     82.8     83    Sen 172.5     180     185     185     137.5    145     150     150     335     200     212.5   -220     212.5   547.5   366.004    9-C-Sen-83.
James Phillips       NM     80.65    83    Sen   170     180    -200     180      115    122.5   127.5    127.5   307.5   227.5   237.5 -247.5 237.5       545     370.164   10-C-Sen-83.
John Corcoran        GL     82.3     83    Sen   190    197.5 -202.5 197.5       112.5   117.5   -120     117.5   315     210     225     -232.5   225     540     362.286   11-C-Sen-83.

Robert Palmer        GL     90.2     93    Sen   250      x       x      250      250    -260    -265     250     500     280     290      295     295     795     506.972    1-E-Snr-93.
Matt Watson          SW     88.3     93    Sen   240     255    -262.5   255      160    -170     170     170     425     200     215     227.5    227.5   652.5   420.667    2-E-Snr-93.

Jeffrey Ocrah        GL     92.3     93    Sen 217.5    232.5   242.5    242.5    140    152.5    160     160     402.5   275     295      305     305     707.5   446.079    1-C-Sen-93.
Jason Coultman       GL     91.75    93    Sen 237.5    247.5 -257.5 247.5        140    147.5    155     155     402.5   255     272.5 -287.5 272.5       675     426.803    2-C-Sen-93.
Alex Whitmore        EM     90.75    93    Sen   215    227.5   -240     227.5    150     160    -165     160     387.5   230     240      255     255     642.5   408.437    3-C-Sen-93.
Dean Collins         YNE    87.75    93    Sen -192.5 192.5     202.5    202.5    155    -162.5 162.5     162.5   365     255     262.5   267.5    267.5   632.5   409.164    4-C-Sen-93.
Joe Marks            YNE    88.95    93    Sen   180     200    212.5    212.5   112.5    120      x      120     332.5   235     255     272.5    272.5   605     388.592    5-C-Sen-93.
Andrew Barber        YNE    90.1     93    Sen   195     205     210     210      150     155     160     160     370     215     225      230     230     600     382.800    6-C-Sen-93.
Richard Thimbleby    YNE    91.85    93    Sen 207.5 -217.5 217.5        217.5   -125     125    -132.5   125     342.5   220     230      235     235     577.5   364.980    7-C-Sen-93.
Jason Hunton         YNE    92.35    93    Sen   195     205    -215     205      140    147.5    150     150     355     195     205      220     220     575     362.422    8-C-Sen-93.
Akin Makinde         SM     92.15    93    Sen   180    192.5    200     200      130    137.5 -142.5 137.5       337.5   235     -250    -250     235     572.5   361.247    9-C-Sen-93.
Jan Jones            GL      92      93    Sen   185    -200    -200     185      130    137.5 -142.5 137.5       322.5   210     225     232.5    232.5   555     350.483   10-C-Sen-93.
Chris Baldwin        YNE    92.05    93    Sen   210     220      x      220      130     150    -155     150     370      x       x        x       0        0      0.000

Andrew Spiers        WM     103.9    105         220     235    -242.5   235      155     165    172.5    172.5   407.5   267.5   287.5    300     300     707.5   424.358   1-C-Sen-105.
David Watkins        GL     104.6    105   Sen   225    -245    252.5    252.5    120     130    137.5    137.5   390     260     290     307.5    307.5   697.5   417.384   2-C-Sen-105.
James Robson         YNE    103.8    105   Sen   210     230    -240     230      150     165    -167.5   165     395     270     300     -305     300     695     417.000   3-C-Sen-105.
Reece Smith          GL     104.2    105   Sen   230     240    -245     240     152.5   -160    -160     152.5   392.5   255     270      280     280     672.5   402.962   4-C-Sen-105.
Craig Wolsey         YNE    99.7     105   Sen 227.5    242.5   -250     242.5    160    167.5    170     170     412.5   255     -260    -260     255     667.5   406.708   5-C-Sen-105.
Will Knowland        SM     103.2    105   Sen -227.5 227.5     242.5    242.5 -152.5 152.5 -167.5 152.5          395     240     255     -270     255     650     390.845   6-C-Sen-105.
Michael Goodwin             97.8     105         215    217.5   -240     217.5   152.5   162.5 -172.5 162.5       380     247.5   260     -272.5   260     640     393.088   7-C-Sen-105.
George Souter        SE     100.4    105   Sen   210     220    -225     220      160     165    -170     165     385     245     -255     255     255     640     388.864   8-C-Sen-105.
Mike Roberts         SW     104.4    105   Sen 207.5     220    -225     220      145    152.5    155     155     375     247.5   262.5   -270     262.5   637.5   381.735   9-C-Sen-105.
Dave Downs           SE     102.5    105   Sen   210    217.5    225     225     137.5   -145     145     145     370     245     255      260     260     630     379.764   10-C-Sen-105.
George Seeger        GL     101.2    105   Sen   -260   -260    -260      0        x       x       x       0        0      x       x        x       0        0      0.000

Jon Askey            WM     119      120   Sen   260    -272.5 272.5     272.5    180    -187.5 -187.5    180     452.5   -260    260      270     270     722.5   416.232   1-E-Snr-120.
Iain MacConnachie    SW     113.3    120   Sen   300     315    -330     315      180     190    192.5    192.5   507.5   270     290       x      290     797.5   465.262   1-C-Sen-120.
Daniel Lindsell      EM     117.3    120   Sen   230    242.5    250     250      180     190     195     195     445     280     -300    -300     280     725     419.123   2-C-Sen-120.
Adam Berry           EM     115.2    120   Sen   250     260    -270     260      150     160    -162.5   160     420     250     260      270     270     690     400.752   3-C-Sen-120.
Tom Shaw             SE     118.3    120   Sen 232.5 -242.5 242.5        242.5    135    -140     140     140     382.5   275     290     -302.5   290     672.5   387.965   4-C-Sen-120.
Shane Flowers        SW     117      120   Sen   220    -230    -230     220      160     165    -167.5   165     385     270     285     -295     285     670     387.595   5-C-Sen-120.
Christopher Farrow   NM     117.7    120   Sen   -225    225     240     240      150    -160     160     160     400     -250    -250     250     250     650     375.440   6-C-Sen-120.
Ben Leyland          EM     112.3    120   Sen   195     210    217.5    217.5    125    -132.5 132.5     132.5   350     250     277.5   -295     277.5   627.5   367.025   7-C-Sen-120.
Stuart Ackerman      SM     112.6    120   Sen   190     210     225     225     -137.5 -137.5    145     145     370     215     235      245     245     615     359.406   8-C-Sen-120.

Asif Ahmed           GL     131.5   120+   Sen   265     275     285     285      150     160    -167.5   160     445     275     285      290     290     735     414.834   1-C-Sen-120+.
Mitchal Flowers      SW     149.8   120+   Sen   270     285    -300     285     -170    -170     170     170     455     280     -300    -300     280     735     406.749   2-C-Sen-120+.
Jonathan Challinor   WM     125.3   120+   Sen   215     230    -240     230      140    147.5   -155     147.5   377.5   240     260     -267.5   260     637.5   363.120   3-C-Sen-120+.
Ranbir Sahota        WM     126.1   120+   Sen   360    -380      x      360     -220    -220      x       0        0      x       x        x       0        0      0.000
