                                               2018 Provincial Championship Results
                                                                Men
                                   Body
                             Birth Weigh                  Squat                          Bench Press                       Deadlift                  Wilks Class
Class          Name          Year    t           1        2    3         Best     1        2    3 Best              1      2     3        Best Total Score Placing
59 O        Ryan Stewart      1985     58.1     87.5     87.5     90     87.5     70       75      75      75     135     142.5 147.5 147.5      310   272.40    1st
 66 J        Nick Collins     1995     64.4     122.5    127.5    135    135      90       95     102.5 102.5     145     160      170    170    407.5 326.58    1st
66 O       Kale Thompson       1991    64.9      130     137.5    140    137.5    95      100     105     105     167.5   177.5    185    185    427.5 340.39    1st
 74 J         Jeffrey Lui      1997    69.9     160      175      185    175      95      105      110    105     190     200     210     200    480   360.10    1st
           Jayden Pinfold     1993     73.7     210      215       -     215     120      130     137.5 137.5     210     217.5 222.5 222.5      575   414.80    1st
74 O         Dylan Lewis      1992     70.6      170     180     187.5 187.5 102.5        112.5   117.5 112.5     220     227.5   235 227.5 527.5 392.75        2nd
          William Kingipotiki 1990     73.3     157.5    165      170    165     112.5    120     122.5   120     192.5 202.5 212.5 212.5 497.5 360.30           3rd
74 M1      Matt Cloughley      1972    72.0      130     140      145    140      75       80      85      80     180      180     180     0      0     0.00     1st
74 M5        Bruce Park        1937    69.5     105      112.5   120     120      60       65      65      60     155     160      165    160    340 256.20      1st
83 SJ       Nic McGrath       2001     76.1      130     140     150     140      85       90     92.5    92.5    170      185     195    195    427.5 301.58    1st
           Bradley Caffell     1997    81.2      130     137.5 142.5 137.5        80       85      90      90     140     152.5   160     160    387.5 262.10    1st
 83 J
            Ryan Doherty      1995     82.9     100      107.5 112.5 107.5        75       80     82.5     80     117.5    125     130    130    317.5 212.08   2nd
83 O      Jonathan Christie 1986       82.4     222.5 232.5 240 232.5 112.5               120     125     120     252.5 267.5 280.5 267.5 620          415.64    1st
83 M1       Rene de Joux       1971    81.5      155     165      170    170      75       80      85      85     190     200     210     210    465   313.81    1st
83 M2       Neil Andrews       1961    82.8     152.5    160      165    165     92.5     97.5 102.5 102.5 192.5 202.5 212.5 212.5               480 320.86      1st
              Alex Sun        1996     89.1     200      210     225     225     130      140     140     130     250     260     260     250    605   388.23    1st
 93 J
           Jonty Mckinnel     1998     89.1      195     210     217.5 217.5     120      127.5   135     135     225     245     245     225    577.5 370.58   2nd
93 O       Mike Goodman       1990     90.3      165     170      175    175     92.5      95     97.5    97.5    190     197.5   205     205    477.5 304.32    1st
93 M1       Glen Griffiths     1978    92.6      180     200     220     200     120      130     140     140     1809    200     230     200    540   339.92    1st
            Angus McKay       1996     103.8    240      255     262.5 262.5     135      143     147.5   143     265     285     295     295    700.5 420.31    1st
             Teila Foster     1995     103.7    172.5    182.5   190     190      110      115    120     120     172.5 182.5     190     190    500   300.11   2nd
105 J
           Harry Wilkinson    1998     102.7     125     130      145    130      85       90      95      90     190      195    210     210    430 259.02      3rd
            Ben Mctigue       1996     95.9      115     125      140    140     107.5    112.5   120     112.5   155      170     180    170    422.5 261.70    4th
            Andy Mahon         1976    101.9    275      290     300     300     157.5    165     170.5   165     300      315    322.5   315    780   471.23    1st
105 O         Tom Hart        1994     103.9    252.5    265     272.5 272.5     140      145     147.5   145     260     280     290     280    697.5 418.36   2nd
         Christopher Tavite 1989       96.6      130     137.5    145    137.5   77.5     77.5    82.5    77.5    120      135     145    145    360 222.28      3rd
105 M1      Jason Boyce        1972    104.2     180     195       -     195     152.5 157.5        -     152.5   210     225     235     235    582.5 349.02    1st
120 O        Matt Tobin       1985     115.5    210      217.5   225     225     125      130     130     130     250     262.5 272.5 262.5 617.5 358.39         1st



                                                                            Women
                                   Body
                             Birth Weigh                  Squat                          Bench Press                       Deadlift                  Wilks Class
Class          Name          Year    t           1        2    3         Best     1        2    3 Best              1      2     3        Best Total Score Placing
 47 J      Ahoud Al Siyabi     1997    46.8     77.5     82.5    87.5    87.5    52.5      55     57.5     55     112.5   117.5 122.5 122.5      265   357.49    1st
            Sionell Urlich    1996     51.3      90       95     100      90     57.5     62.5     65     62.5    107.5   117.5   127.5 127.5    280   352.72    1st
 52 J
            Megan Smith       1996     48.8      95      102.5 102.5 102.5       47.5      50     52.5    52.5     110    117.5 122.5 122.5 277.5 363.06        2nd
 57 J     Rosh Jo (Guest*)    1996     56.9      80      87.5     95      95     57.5     62.5     65     62.5     110    120      125    125    282.5 328.26   Guest
    Gillian Hamilton (Guest*)1990      56.1      95      105     112.5   105      50       55     57.5     55      115    122.5    130    122.5 282.5 331.93    Guest
57 O
          Megan Jeffery      1981      56.4     77.5     82.5     85      85      60      62.5     65     62.5    105     105      110     110   257.5 301.29    1st
             Orla Harris       1997    62.9     120      127.5 132.5 132.5       82.5     87.5     90      90     130      140    150     150    372.5 400.53    1st
 63 J
             Sina Balzer       1997    59.5     92.5     100     107.5 107.5     47.5     52.5    57.5    57.5     115    117.5 122.5 122.5 287.5 322.62        2nd
 72 J         Jess Hale       1998     71.7      95      102.5    110    102.5    45       50      50      45     100      110     115     115   262.5 256.92    1st
        Juliana Picoli (Guest**)1984   63.3     120      130     137.5   130      55      57.5     60      60     142.5   150     152.5 152.5 342.5 366.51      Guest
72 O      Freiya Campbell     1989     70.5     100      105     107.5   105     52.5      55     57.5     55     137.5    145    150     150    310   306.90    1st
         Raych Bell (Guest**) 1987     64.9      80       85      85      85      50       55      55      50      80     82.5     95      95    230   241.57   Guest
72 M1         Liz GIrvan       1978    70.0      125     130     137.5   130      80       85     87.5    87.5    155     157.5   160     160    377.5 375.55    1st
 84 J      Chanel Williams    1995     76.9      115     120      125    120     57.5     62.5     65      65     155     160      165    165    350   327.66    1st
           Katherine Lyon     1988     84.0      90      100      110     110     70       75     80.5     75     130      140    150     140    325 289.82      1st
84 O        Mel Webster       1985     80.2      80       90     100     100      50       60      65      65     120      135    142.5 142.5 307.5 280.98      2nd
            Joyce Andrew       1991    82.5     102.5    112.5 122.5 112.5        60       60     62.5     60     105     117.5    125    125    297.5 267.74    3rd
84 M1        Fiona Park        1977    80.9      115     120      125    125     67.5     72.5    72.5    72.5    135      145    152.5   145    342.5 311.47    1st
84 M3       Lesley Procter    1956     72.7     72.5      75      78      78      53       54      55      55      95     105      110     110   243   235.67    1st
84+ J      Sommer Young       1998     86.9      75      82.5     90     82.5     40      47.5     50      50     97.5    105      110     110   242.5 212.76    1st
84+ M2     Debe McGarva       1962     88.7      50       55       -      55      40      42.5      -      40      80      90       -      90    185   160.84    1st


          * Canterbury Powerlifting Assoication guest
          ** Failed to make elected weight class guest
