 18/08/2019 Bristol Championships
                                       IPF Wt                                                                                        PL      IPF
        Name           Team Bwt - kg          lot#   SQ-1     SQ-2     SQ-3     BP-1    BP-2     BP-3     DL-1    DL-2     DL-3
                                         Cls                                                                                        Total   Points
Max Taberham            SW   103.60    105     43    237.5     250.0   260.0    162.5   170.0    175.0    265.0   -282.5   282.5    717.5   633.79
Charles Fajemisin       SW   102.60    105     41    230.0     240.0   250.0    130.0   140.0    150.0    260.0   280.0    -300.0   680.0   599.77
Giorgio Hlad            SW    70.50     74     24    180.0     200.0   205.0    125.0   -132.5   132.5    180.0   200.0    205.0    542.5   598.50
Jack Hopkins            SW    81.80     83     27    187.5     195.0   205.0    125.0   135.0    140.0    230.0   240.0    -247.5   585.0   585.35
Ryan Edwards            SW    83.00     83     31    180.0     190.0   -195.0   125.0   135.0    -140.0   240.0   -250.0   -250.0   565.0   556.75
Ryan Kibble             SW   104.10    105     44    -190.0    200.0   210.0    160.0   165.0    -170.0   260.0   -270.0   -270.0   635.0   549.55
James Churchill         SW    90.60     93     35    190.0     215.0   -220.0   135.0   140.0    142.5    190.0   215.0    220.0    577.5   538.03
Joel Clarke             SW    92.70     93     42    185.0     197.5   205.0    130.0   140.0    145.0    205.0   220.0    230.0    580.0   532.62
David Ward              SW    93.00     93     34    190.0     200.0   -205.0   120.0   125.0    130.0    220.0   235.0    250.0    580.0   531.49
Jake Speller            SW   118.80    120     47    240.0     260.0     0.0    150.0   160.0    -165.0   220.0   240.0      0.0    660.0   531.34
Joshua Owen             SW    82.80     83     29    180.0     190.0   195.0    105.0   110.0    -112.5   210.0   220.0    230.0    535.0   523.58
James Isaacs            SW    92.60     93     36    180.0     187.5   195.0    130.0   137.5    142.5    215.0   227.5    -237.5   565.0   517.02
Jose Arias Morales      SW    80.30     83     28    160.0     165.0   170.0    130.0   135.0    137.5    200.0   210.0    -212.5   517.5   514.78
Mike Gill               SW   101.20    105     40    180.0     202.5   210.0    115.0   132.5    -140.0   205.0   220.0    235.0    577.5   500.90
Ryan Sharvell-Smith     SW    97.20    105     45    -190.0    195.0   202.5    110.0   120.0    -122.5   210.0   225.0    230.0    552.5   488.00
Jon Jordan              SW   105.00    105     46    180.0    -200.0   202.5    90.0    100.0    -110.0   220.0   240.0    250.0    552.5   464.64
James Matthews          SW   132.60    120+    49    190.0     200.0   210.0    140.0   150.0    -155.0   240.0   250.0    -260.0   610.0   455.25
Paul Richards           SW    65.50     66     22    140.0     145.0   -150.0   100.0   105.0    107.5    150.0     0.0      0.0    402.5   448.39
Will Smart              SW    76.00     83     32    140.0     150.0   -160.0   97.5    105.0    -107.5   175.0   182.5    -187.5   437.5   439.86
Morgan Omerood          SW    92.50     93     39    150.0     162.5   -170.0   110.0   120.0    125.0    180.0   200.0    -212.5   487.5   434.80
Bradley Gosling         SW   126.70    120+    48    180.0     190.0   200.0    100.0   105.0    -110.0   230.0   240.0    -245.0   545.0   408.28
Oliver Adams-Liggins    SW    68.50     74     26    100.0    -110.0   120.0    85.0     95.0    100.0    140.0   150.0    160.0    380.0   403.19
Afnaan Qasim            SW    72.60     74     25    120.0     127.5   135.0    67.5     75.0     80.0    150.0   160.0    170.0    385.0   390.76
