3-Nov-18                                                                                                        Fall Classic 2018
                                   BWt     WtCls Glossbren   Squat    Squat    Squat    Squat Bench Bench Bench Bench Deadlif Deadlif Deadlif Deadlif                        Coeff    Age &    Place     Pl-Div-        Team
      Name           Age    Div                                                                                                                       PL Total                                                                 Team   Events
                                   (Kg)    (Kg)     ner       1        2        3        4      1     2     3     4     t1      t2      t3      t4                           Score    Coeff    code       WtCl           Pts

    Colin Rose       17 M-T2R 127.7         140    0.5427    112.5    117.5     125             85      -90      -90              195      205      210              420.0   227.91   227.91   1.00    1-M-T2R-140      7.00           PL
 Andrew Samaha       25    M-OR     90      90     0.6119    -187.5   -192.5   -190            -130    -130     -130              215     -220     -222.5                                      1.00                                    PL
  Ian MacDonald      17 M-T2R-P     90      90     0.6119    -150      150      165             95     -105.5   105.5             200     -212.5   -227.5            470.5   287.88   287.88   1.00    1-M-T2R-P-90     7.00           PL
 Tommy Daniels       21 M-JAR       88      90     0.6197    197.5     215      220            125     132.5    -137.5            215     227.5    -235              580.0   359.43   359.43   1.00    1-M-JAR-90       7.00           PL
 Michael McTague     55 M-M4R-P 122.1       125    0.5488     200      230      245            135      140     -145              220      235      250              635.0   348.46   426.86   1.00    1-M-M4R-P-125    7.00           PL
   Kurt Hachey       40 M-M1R 120.1         125    0.5509     220      230      245           -142.5   -145      150             237.5    -252.5    255              650.0   358.05   358.05   1.00    1-M-M1R-125      7.00           PL
  Nick Chapman       24 M-OE-P 100.8        110    0.5795     320     337.5     350            217.5   222.5                     277.5    282.5    -295              855.0   495.43   495.43   1.00    1-M-OE-P-110     7.00           PL
 Bradley Tremblett   27 M-OR-P      93      100    0.6013    227.5     240     -252.5          150     -160      160             -272.5    285     -295              685.0   411.89   411.89   1.00    1-M-OR-P-100     7.00           PL
Justin Chamberlain   30 M-OAR-P 98.7        100    0.5846     240      260     -272.5          170     187.5     195             272.5    -290     297.5             752.5   439.87   439.87   1.00    1-M-OAR-P-100    7.00           PL
 Alex Charchuck      33 M-OR-P 112          125    0.5598     290      305     -320            190      200                       330     -350     -365              835.0   467.39   467.39   1.00    1-M-OR-P-125     7.00           PL
   Colin O'Brien     27 M-OR-P 123.3        125    0.5475    -267.5    280     -295            177.5    190     -200              305     -320                       775.0   424.27   424.27   1.00    2-M-OR-P-125     7.00           PL
 Brent Chabassol          M-T2AR-P108.9     110    0.5648     280     -300      300            140     -150     -150              235      250                       690.0   389.68            1.00    1-M-T2AR-P-110   7.00           PL
 Arvin Knockwood     27    M-OR    108.8    110    0.5643    -205     -205     -205           -142.5    -2.5     -2.5            -250                                                          1.00                                    PL
   Doug Letcher      70 M-M7R      79.6    82.5    0.6601                                       -75     80       85                                                                            1.00                                    BP
 Raymond Fowler      61 M-M5R-P 105.3       110    0.5701                                      135      140      145                                                                           1.00                                    BP
   Amy Muench        33     F-OR   58.7     60     1.0051     65       70       75             -47.5   52.5      55              92.5     97.5      100              230.0   231.17   231.17   1.00    1-F-OR-60        7.00           PL
   Nikita Horne      29     F-OR   63.3    67.5    0.9463    92.5      100     -107.5           50      55      -57.5            102.5     110     -120              265.0   250.76   250.76   1.00    2-F-OR-67.5      7.00           PL
Melissa MacKinnon    27     F-OR   66.6    67.5    0.9092    102.5     110      115             50      55       60              107.5    117.5    -125              292.5   265.93   265.93   1.00    1-F-OR-67.5      7.00           PL
 Ashley Chapman      29     F-OR   136.9   SHW     0.6577                                       50     -52.5     55               115      125     137.5                                       1.00                                    PP
 Catherine White     20     F-JR   84.4     90     0.7757     100      110      115            47.5     55      62.5              115      125      135              312.5   242.41   242.41   1.00    1-F-JR-90        7.00           PL
    Sally White      44 F-M1R      86.5     90     0.7645    -102.5    110     -112.5          47.5    -57.5    -57.5             125     137.5    142.5             300.0   229.35   239.21   1.00    1-F-M1R-90       7.00           PL
   Shana Vidito      29     F-OR   104.9   SHW     0.7030     140     147.5    152.5           -67.5    70      72.5              125     132.5    142.5             367.5   258.33   258.33   1.00    1-F-OR-SHW       7.00           PL
  Lesley Mulcahy     38 F-SmR 112.4        SHW     0.6879    -115      115     127.5            60     -67.5    67.5             137.5    142.5    147.5             342.5   235.61   235.61   1.00    1-F-SmR-SHW      7.00           PL
   Sarah Hicken      33     F-OR   80.2    82.5    0.8005                                       -85     90      -100             -147.5   167.5     175                                        1.00                                    PP
Samantha Belliveau   25 F-OAR-P 98.7        100    0.7193     160      175     -185            100     107.5    -115              165     182.5    192.5    197.5    475.0   341.67   341.67   1.00    1-F-OAR-P-100    7.00           PL
 Melissa Arsenault   27 F-OR-P 81.7        82.5    0.7913     150      168      170            92.5    97.5      100     102.5    175     185.5     190     -197.5   460.0   364.00   364.00   1.00    1-F-OR-P-82.5    7.00          PL BP
