                                                              2003 USAPL Longhorn Open
                                                     November 22, 2003 - University of Texas, Austin, Texas
                                                                Meet Director: Kim Beckwith

                                                                            Women
Weight              Body                                     Squat                            Bench Press                                     Deadlift
         Division                    Name                                                                              Sub Total                                     Total
 Class              Weight                          1           2         3          1            2           3                    1             2        3
  44     T16-17      42.9    Dayna Sifuentez          92.5        100    -112.5       -42.5           45         -50        145      100           -110     110         255
  44     T16-17      43.3    Stephanie Ybarra          -85          85       -90         40          -45         -45        125      82.5          87.5     92.5       217.5
  48     T16-17      47.9    Kat Leggett              100       112.5        120        -55          -55          55        175     102.5           115   -122.5        290
  48     T16-17      46.9    Yvette Murrieta            85        92.5     -97.5       47.5         52.5         -55        145      105        -112.5     112.5       257.5
  48     T16-17      47.5    Michelle Hernandez       67.5        77.5     -82.5      -32.5          -35          35       112.5       75          82.5     87.5        200
  48     T16-17      44.6    Veronica Baltazar         -50         -50        50       32.5         37.5         -40        87.5     67.5          77.5     82.5        170
  48     Jr          47.6    Melanie Cahilly            95     -102.5    -102.5        42.9           50       -52.5        145      110            120   -127.5        265
  52     T16-17      51.9    Barbara Vallejo            90       -92.5     -92.5         40           45       -47.5        135      97.5           105    107.5       242.5
  56     C            54     ShayLynne Stone         102.5      112.5       -120        -60          -60          60       172.5   -112.5           115     125        297.5
  56     T14-15      54.6    Amanda Baum                75        82.5      87.5         35           40       -42.5       127.5    -72.5            80      -95       207.5
  56     T14-15      54.2    Stephany Hidrogo          -65         -70        70         35           40       -42.5        110       -80          87.5     92.5       202.5
  56     T18-19      55.1    Audry Trevino            67.5        72.5     -82.5       42.5          -45         -45        115        75            80       90        205
  56     O           54.3    Rowena Lopez           -122.5     -122.5    -122.5           0                               -122.5                                      -122.5
  60     Y12-13      59.5    Megan Cook               92.5     -107.5        110        -50           50       -57.5        160        -105       105         -115      265
  60     T16-17      59.8    Marissa Robledo            80        92.5      97.5       42.5        -47.5         50        147.5        105       115          120     267.5
  60     T16-17      56.9    Cynthia Bustos             65          70     -82.5       37.5          -45         45         115          70       82.5        87.5     202.5
  60     T18-19      59.6    Whitney Propes            -65         -65       -75          0                                  -65         85                              20
  60     Bench       58.6    Ashley Matt                                               57.5           60          65          65                                         65
  60     O           59.8    Katherine Singletary      125        140      -145          60        -67.5         -75        200    137.5          -150      -150       337.5
  60     O           58.6    Amalia Litras              90        100      -110        57.5          -65         -65       157.5    100            110       115       272.5
  60     O           58.2    Pattie Farley            77.5         90       100        47.5           55       -57.5        155     100            110       115        270
  60     O           59.1    Stacy Milbauer             85         95      -100        67.5           75       -82.5        170      95           -100       100        270
 67.5    C           61.9    Natalie Hellerstedt       110     -117.5     117.5          70        -77.5        77.5        195    117.5           125    -137.5        320
 67.5    C           64.1    Shavernon Thomas       -142.5       -155      -155                                           -142.5   142.5                                   0
 67.5    Open        64.2    Cynthia Guerra           -100       -100       100         -60          -65          65        165     140           145       150         315
 67.5    T16-17      65.4    Ambroshia Marshall      112.5      122.5       130         -55         57.5        62.5       192.5    120          132.5     147.5        340
 67.5    T16-17      62.5    Heather Whited            110      117.5       125        67.5         72.5       -77.5       197.5    110           120      127.5        325
 67.5    T16-17      64.5    Maria Govea                90      -97.5     -97.5         -40         42.5       -47.5       132.5    97.5          105       110        242.5
 67.5    T16-17       67     Alejandra Villegas       57.5         60        65          30          -35          35        100      75            80       87.5       187.5
  75     T14-15       72     Elizabeth Benitez          70       77.5        85          40           45         -50        130     82.5           90       97.5       227.5
  75     T14-15      72.4    Sylvia Villegas          72.5      -77.5        85        32.5         37.5          40        125     77.5           90       100         225
  75     O           68.7    Kimberly Walford       -162.5      162.5       185      -102.5        107.5      -122.5       292.5    205           230     -232.5       522.5
 82.5    M65-69      80.4    Dorothy Rawe              -50        -55       -55                                              -50     70                                  20
 82.5    T14-15      77.9    Kaleigh Burnett            65         75        80         35         -37.5       -37.5        115      85           92.5        -100     207.5
 82.5    T16-17      75.9     Angelica Espinal        42.5       47.5      -55     -32.5           35         37.5          85       67.5         75        80        165
 82.5    T16-17      80.6     Sarah Perez            -67.5      -67.5    -67.5                                           -67.5        85                             17.5
 82.5    T16-17      81.8     Sonia Elisa Martinez     -95     -102.5   -102.5                                             -95                                        -95
  90     O           85.3     Wendolynn Allen          175     -182.5   -182.5      100         -112.5    -112.5           275    175            185     195          470
  90     T16-17      89.9     Ariel Marmolejo        127.5       -130      130      52.5         -57.5        60           190    120           -125     125          315
  90     T16-17       87      Lina Marie Martinez     -105     -107.5    107.5      57.5          62.5       -65           170   102.5           125   137.5        307.5
  90     T16-17      84.4     Jill Rios                 95        105      110       55            60      -62.5           170    97.5          -105    -105        267.5
  90     T18-19      88.3     Lindsay Burdick        132.5        145   -152.5      67.5           75       77.5         222.5   132.5        -142.5   142.5          365
 90+     M40-44      119.8    Illani Taylor           -155       -165     -165                                            -155                                       -155
 90+     O           95.7     Jade Dickens            -145       -155     -155                                            -145                                       -145
 90+     T16-17      90.4     Leigh Arnold             145        155      165        55           -60         -60         220       145       152.5       -160     372.5
 90+     T16-17       96      Lluvisela Navarro        -30        -30      -30                                             -30                                        -30

                                                                            Men
Weight               Body                                     Squat                         Bench Press                                     Deadlift
          Division                    Name                                                                           Sub Total                                    Total
 Class               Weight                          1          2       3          1             2        3                      1             2       3
  60     C            58.8    Jeff Olcsvary            62.5                       -122.5           130      -140         192.5    62.5                                255
  60     T14-15        57     Cruz Martinez          -122.5    -122.5   122.5          77          82.5    -87.5           205   132.5           135    147.5       352.5
  60     T14-15       59.9    Chad Bettge               -90       90    112.5          70          82.5    -92.5           195     90            105   -117.5         300
 67.5    C            66.9    Chris Sarro               105                          -150          150       155           260   117.5                              377.5
 67.5    J            67.1    Fred Bowens              -210       210     -220        145       -157.5      -160           355   202.5          -220   -227.5       557.5
 67.5    O            64.7    Kino Hickey               125     137.5   -142.5        100        107.5     112.5           250    175            185      195         445
 67.5    O            64.9    Michael Jones           137.5     147.5    152.5       92.5       -102.5     102.5           255    145          167.5     -180       422.5
 67.5    T14-15       65.9    Caleb Friedman         -152.5      -165      165       97.5       -102.5    -102.5         262.5   147.5           165    177.5         440
 67.5    T16-17        65     Glenn France              190       210      225         90       -102.5      -105           315    180            210     -230         525
 67.5    T16-17       65.3    Adam Hinkley           -147.5     147.5     -160      -92.5         -92.5     92.5           240   147.5           170   -182.5         410
 67.5    T16-17       62.9    Robbie Reif              -110    -117.5   -117.5                                            -110                                       -110
 67.5    T16-17       62.1    Miles Kamp               -210      -210     -210                                            -210                                       -210
  75     T18-19       73.1    Preston McGinnis        167.5     182.5              120            125     -137.5         307.5   197.5          205    217.5          525
 82.5    C            79.8    Fernando Diego           -210     212.5    227.5     130           137.5       150         377.5   187.5          205     -220        582.5
 82.5    C            80.9    Eric Ray                 -175       185    202.5    142.5          157.5       160         362.5    175          187.5    -205          550
 82.5    C            80.5    Dusty Weisinger         182.5    -192.5     -200    112.5           125       -135         307.5    205          227.5    -240          535
 82.5    C            79.9    John Smiley              -200      -200      200     125           132.5    -137.5         332.5   187.5        -197.5    -205          520
 82.5    C            79.3    Graham Warren             145       165   -182.5    107.5           120     -122.5           285   187.5         202.5    -205        487.5
 82.5    C            82.3    Anthony Abilez         -247.5    -247.5   -247.5                                          -247.5                                     -247.5
 82.5    J            79.3    Patick McGinnis          -215      -215     -215                                            -215                                       -215
 82.5    O            82.1    Cedric Green              215    -227.5   -227.5      140           -145                     355   227.5          -235       235        590
 82.5    O            79.8    Ardell Pittman           -150    -152.5   -152.5                                            -150                                       -150
 82.5    T16-17       75.4    Casey Baum             -142.5     142.5     -160     97.5           -105        -105         240       125        -150     -150         365
 82.5    T18-19       76.8    Jeremy Tollemache         145       155     -165     115            -125        -125         270       165       187.5      195         465
  90     C            89.8    Stephen Mefford           250    -257.5   -257.5    157.5            165         175         425       250         260   -272.5         685
90    C           89.9    Jeff Scaparra          235      245    -255    137.5     147.5   -152.5   392.5    250                       642.5
90    C           87.5    Jim Le                -200     -200     200      130     137.5    142.5   342.5   227.5    242.5      255    597.5
90    C           84.2    Brandon Bartlett       185   -207.5    -215      130    -137.5   -137.5     315    175     182.5    -192.5   497.5
90    C           89.4    Tom Emmite             145                      -180      -185     -185     -35                                -35
90    J           83.8    Adrian Jackson        -220      220    247.5   132.5       145   -162.5   392.5     290    307.5     -335      700
90    M40-44      89.5    Dan Deuter            -175     -175     -175                               -175                               -175
90    O, M55-59   89.1    Mike VanCleave        -245      245   -272.5      140     -150     -150     385    -245      245     -275      630
90    O           89.8    Raymond Higby, Jr     -185      185    197.5     -115     -125     -125    82.5                               82.5
90    T16-17      89.9    Manuel Pazos, Jr      -220      220     -240   -137.5    142.5     -155   362.5   172.5     182.5   -187.5     545
100   C           98.4    Casey Wofford          280   -287.5   -287.5    142.5    152.5    157.5   437.5   252.5    -257.5    257.5     695
100   C           99.1    Ryan Elliot            235     -240      245    142.5    152.5    157.5   402.5   252.5     262.5    277.5     680
100   C           93.5    Garrison Goebel     -232.5   -232.5    232.5     -145    152.5    162.5     395    245       260      -275     655
100   C           94.1    Andy Coggan            205    222.5     -230    157.5      165   -172.5   387.5    220      237.5     -250     625
100   C            96     Nathan Gregory        -190      190      205      135      145   -152.5     350    190       220     232.5   582.5
100   C           99.2    Omari Dixon           -205      205   -212.5    142.5      150   -162.5     355    205      227.5   -242.5   582.5
100   C           92.1    Philip Redix           200    212.5   -227.5      130   -137.5    137.5     350    210      227.5   -232.5   577.5
100   C           96.8    Sebastian Tropea      -215     -215      215      135   -142.5   -142.5     350    205      227.5   -242.5   577.5
100   C           97.2    Leonard Barajaz       -205     -205     -205                               -205                               -205
100   Bench       98.2    Jason McCullough                                 -175     175    -182.5     175                                175
100   Bench       98.3    Chris Martinez                                   -155    -155    -167.5    -155                               -155
100   M40-44      99.5    Tracey Glawe        -267.5    277.5     -280   -192.5   192.5      -195     470    260     272.5      280      750
100   M40-44      97.7    David Georges         -240     -240      240      165    -175      -175     405    200       250     -260      655
100   M40-44      97.8    Kenneth McFarland    137.5    182.5     -205    182.5    -190      -190     365   227.5     -245     -245    592.5
100   M45-49      98.3    Stephen Johnson       -220     -220     -220                               -220                               -220
100   M55-59      91.9    Joe Lucio             -175      175      190    117.5      125              315      180    197.5      205     520
100   O            97     Michael Stokes        -310      310      325    192.5      200      205     530      305    327.5   -332.5   857.5
100   O           98.3    Dewon Johnson        262.5    287.5     -295      170   -182.5   -182.5   457.5      275    292.5      310   767.5
100   O           96.8    Kevin Kallos         227.5      230     -245      165     -175     -175     395      230    242.5     -250   637.5
100   T14-15      95.8    Garrison Hardin      142.5      145      175     92.5     -100    107.5   282.5    182.5     -205     -205     465
100   T14-15      92.9    James Harvey        -137.5    137.5   -147.5     92.5   -100.5   -112.5     230    147.5    162.5   -172.5   392.5
100   T18-19      94.1    Jake Shabinsky       182.5      195     -205    102.5     -110   -117.5   297.5      220    232.5     -240     530
110   C           107.5   Brett Mitchell         275     -290     -290      190   -197.5      200     475      260   -272.5   -272.5     735
110   C           103.8   Luke Bomar            -265    272.5   -287.5      145     -155     -155   417.5     -265    272.5     -280     690
110   C           102.6   Tony Dobson          227.5      235     -240      160     -170     -175     395    237.5      250     -255     645
110   C           101.4   Travis Priour          235      245     -265    137.5     -145     -150   382.5    227.5   -242.5    242.5     625
110   C           106.1   Shane Dickey          -250      250     -260   -137.5    137.5     -155   387.5   -232.5   -232.5   -232.5     155
110   C           109.6   Jason Rifenburgh       215   -227.5    227.5      130     -140      140   367.5     -220     -220     -220   147.5
110   M40-44       101    David Mullins          160      175      190   -142.5    142.5   -157.5   332.5    192.5     -210     -225     525
110   M45-49      109.7   Gary Pamplin         272.5      295      310     -235     -235     -235      75                                 75
110   O           105.9   Matthew Parsons        270    282.5     -300    172.5      185     -195   467.5    305      -315     -315    772.5
110   O           107.6   Joseph Gremillion      165     -185   -185.5    117.5    137.5    142.5   307.5   192.5      205     -220    512.5
125    M40-44   122.5   Jeff Capps         275   297.5      -305    202.5    -210     -210    500     275     300    317.5    817.5
125    M50-54   115.7   Al Wood         -197.5   197.5      -210     -150     155      165   362.5    205     220     -230    582.5
125    O        122.6   Bill Ferguson      340     355      -365    227.5   237.5     -245   592.5    290     305     -315    897.5
125    O         118    Neil Lehman      242.5     255    -272.5     -165     165   -177.5    420    227.5   237.5    -265    657.5
125    O        118.8   Atmo Hariram       235    -270      -270     -192    -192              43                               43
125    T14-15    117    Blair McCall      -120    -120       120       90    -105     105     225      135    -155     155     380
125+   C, J     125.4   William Lee        230   247.5    -272.5   -207.5   207.5     220    467.5   272.5     285    -290    752.5
125+   C        145.1   Shane Gibson       230     245       265      185     200   -207.5    465      225     240     250     715
125+   M40-44   138.3   James Voronin    142.5                      142.5     170     185    327.5   102.5    -105             430
125+   M55-59   128.8   Ernie Surell       290    322.5     335       150   172.5    177.5   512.5   227.5     250   -272.5   762.5
125+   O        138.3   Kevin Jarrell      220   -232.5    -250       205    -215     215     435     -265     265     -295    700
