              31-Oct-20 BIG IRON GYM HUSSEY CLASSIC-Lb Results

                                     BWt     WtCls                                          Best                                    Best     Sub     Deadlift   Deadlift   Deadlift    Best                   Coeff
        Name            Age   Div                     Wilks   Squat 1   Squat 2   Squat 3            Bench 1   Bench 2   Bench 3                                                                 PL Total                Pl-Div-WtCl
                                     (Kg)     (Kg)                                          Squat                                  Bench    Total       1          2          3       Deadlift                Score


Jhonny Servellon        33 MOR-AD 115.4      125      0.531   473.99    512.57    534.62    534.62    286.6    303.13    -330.69   303.13   837.75    429.9     468.48      485.01    485.01     1322.76       318.6     1-MOR-AD-125
Gary Stillman           43 MORE-AD 88.5       90     0.5914   347.22    380.29    402.34    402.34   319.67     336.2    -352.74    336.2   738.54   418.87     451.94     -501.55    451.94     1190.484     319.356    1-MORE-AD-90


Jack Peterson           27    MORE   89.95    90     0.5853   485.01    507.06    -512.57   507.06   385.81     402.34 407.85      407.85   914.91    567.68 611.78 -622.8            611.78 1526.6855 405.32025 1-MORE-90
Fabian Diaz             19    MORE   89.25    90     0.5881   407.85    413.36     -429.9   413.36   303.13     314.16 319.67      319.67   733.03    440.92 462.97 485.01            485.01 1218.0415 324.92525 2-MORE-90
Michael Peterson        23    MORE    93.9   100     0.5747   451.94    485.01    -518.08   485.01   319.67     341.71 363.76      363.76   848.77   -551.15 -584.22 -584.22            0        0         0         0
Patrick Hover           28    MORE   108.7   110     0.5381   424.39    518.08    -600.75   518.08   363.76    -407.85 -407.85     363.76   881.84    462.97 545.64 -600.75           545.64 1427.4785 348.41975 1-MORE-110
James Ratley            18    MORE   120.8   125     0.5262   396.83    435.41     451.94   451.94   203.93    -220.46 220.46      220.46   672.4     385.81 -440.92 440.92           440.92 1113.323   265.731  1-MORE-125

Brian Tapia             20    MORE   134.9   140     0.5103   518.08    540.13    -567.68   540.13   319.67    330.69    336.2     336.2    876.33   512.57     -540.13 -540.13       512.57     1388.898     321.489    1-MORE-140


Zai Arana               18    MOR    66.6    67.5    0.7347    286.6    341.71     352.74   352.74   170.86    187.39    -203.93   187.39   540.13   380.29     -396.83 -396.83       380.29     920.4205    306.73725   1-MOR-67.5
Cody Nilson             35    MOR    78.7    82.5    0.6405   440.92    473.99    -501.55   473.99   231.48    253.53     264.55   264.55   766.1    440.92      462.97 -479.5        462.97     1201.507    357.07875   1-MOR-82.5
Kolby Harrington        19    MOR    88.5     90     0.5914   556.66    600.75     622.8    622.8    281.09    308.64     314.16   314.16   936.96   584.22       622.8  639.33       639.33     1576.289     422.851     1-MOR-90

Nate Miller             21    MOR    85.95    90     0.6022   446.43    457.45    479.5     479.5    369.27    -402.34   402.34    402.34   881.84   429.9      479.5      -507.06    479.5      1361.3405   371.8585     2-MOR-90

Brandon Bramblett       33    MOR     87.6    90     0.5952   380.29    440.92     479.5    479.5    275.58     314.16   -330.69   314.16   793.66   440.92      462.97 490.52        490.52 1284.1795 346.704            3-MOR-90
Joeseph McCann          28    MOR    88.75    90     0.5901   330.69    363.76    -391.32   363.76   236.99     248.02   -253.53   248.02   578.71   363.76      396.83 -402.34       396.83 1008.605 261.11925           4-MOR-90
Cole Hiemer             27    MOR      90     90     0.5853   303.13    325.18    -347.22   325.18   198.41     214.95   -220.46   214.95   540.13   319.67      347.22 374.78        374.78  914.909  242.8995           5-MOR-90
Tanner Manning          27    MOR    99.55   100      0.555    573.2    606.27     628.31   628.31   330.69     352.74    363.76   363.76   992.07   551.15     -589.73 -589.73       551.15  1543.22    388.5           1-MOR-100
Joshua Hepburn          29    MOR    99.75   100     0.5545   518.08    545.64    -578.71   545.64   297.62     319.67   -347.22   319.67   865.31    429.9       479.5  512.57       512.57 1377.875 346.5625           2-MOR-100
Eric Divis              19    MOR     100    100      0.554   523.59    545.64     567.68   567.68   242.51    -264.55    264.55   264.55   832.24   468.48     -490.52 490.52        490.52  1322.76    332.4           3-MOR-100
Ryan Marx               33    MOR     98.5   100     0.5578   440.92    -479.5     479.5    479.5    259.04     281.09    292.11   292.11   771.61   407.85      457.45 462.97        462.97 1234.576   312.368          4-MOR-100
Zach Miller             44    MOR    106.2   110     0.5417    600.75 628.31      661.38    661.38    303.13 325.18       336.2     336.2   997.58   501.55     534.62      556.66    556.66 1554.243        381.8985    1-MOR-110
Dennis Park             26    MOR    108.5   110     0.5384     479.5  512.57     540.13    540.13    308.64 -325.18     325.18    325.18   865.31   473.99     512.57     -523.59    512.57 1377.875          336.5     2-MOR-110
Paul Andersen Jr.       32    MOR    109.6   110      0.537   374.78 396.83       413.36    413.36   314.16 330.69        336.2     336.2   749.56    479.5     490.52     507.06     507.06 1256.622          306.09    3-MOR-110
Matt Lindell            34    MOR    109.6   110      0.537   -633.82 -633.82       0         0         0       0           0         0       0         0         0           0          0       0               0           0
Ron Eaton               42    MOR    114.8   125     0.5316   661.38 705.47       738.54    738.54   407.85 435.41       462.97    462.97   1201.5   606.27     639.33      672.4      672.4  1873.91          451.86    1-MOR-125
Corey Duckett           39    MOR    122.6   125     0.5242    473.99 518.08      551.15    551.15    297.62 325.18       336.2     336.2   887.35   501.55     540.13      584.22    584.22 1471.5705       349.9035    2-MOR-125
Alex Anderson           25    MOR    124.6   125     0.5216    424.39 462.97      501.55    501.55   -352.74 374.78      391.32    391.32   892.86   468.48     512.57      556.66    556.66 1449.5245        342.952    3-MOR-125

Jhonny Servellon        33    MOR    115.4   125     0.531    473.99    512.57    534.62    534.62   286.6     303.13    -330.69   303.13   837.75   429.9      468.48     485.01     485.01      1322.76      318.6     4-MOR-125

Luke Uribe              40    MOR    117.6   125     0.5291   821.21    876.33    -903.89   876.33   479.5     501.55    -540.13   501.55   1377.9   -617.29 -617.29          0          0          0           0             0
                                                                                                                                                                                                                                        *Raw
                                                                                                                                                                                                                                        Best
Marvin Harrington       39    MOR    136.7   140      0.507    804.68   832.24    -854.28   832.24   451.94     479.5    -496.04    479.5   1311.7   650.36     710.98     727.52     727.52 2039.255   468.975          1-MOR-140
                                                                                                                                                                                                                                        Lifter
Austin Homan            27    MOR    125.2   140     0.5208     573.2   611.78     644.85   644.85   374.78    402.34    -413.36   402.34   1047.2   584.22      622.8     650.36     650.36 1697.542   401.016          2-MOR-140
Daniel Lyle             40    MOR    138.4   140     0.5051   -424.39   424.39     473.99   473.99   264.55    275.58     286.6     286.6   760.59   473.99     523.59     600.75     600.75 1361.3405 311.89925         3-MOR-140
Bobby Lawson   20   MO   121.1   125   0.5259   733.03   777.12   -810.19   777.12   446.43   468.48   501.55   501.55   1278.7   600.75   -639.33 -639.33   600.75 1879.4215 448.32975   1-MO-125
Oct. 31, 2020 BIG IRON GYM HUSSEY CLASSIC-Lb Results
                                 BWt    WtCls                                           Best    Deadlift   Deadlift   Deadlift    Best      Push Pull    Coeff
        Name        Age    Div                   Wilks   Bench 1   Bench 2   Bench 3                                                                             Pl-Div-WtCl
                                 (Kg)    (Kg)                                          Bench       1          2          3       Deadlift     Total     Score
Dustin Bainbridge   21    MOR-AD 85       90    0.6069   181.88    198.41    220.46    220.46   330.69     358.25     402.34     402.34     622.7995    185.97   1-MOR-AD-90
             1-Nov-20 Big Iron Gym Hussey classic-Lb Results

                                          BWt    WtCls                                           Best                                    Best     Sub     Deadlift   Deadlift   Deadlift    Best                   Coeff
        Name            Age      Div                       Wilks   Squat 1   Squat 2   Squat 3            Bench 1   Bench 2   Bench 3                                                                 PL Total               Pl-Div-WtCl
                                          (Kg)    (Kg)                                           Squat                                  Bench    Total       1          2          3       Deadlift                Score
Shayla Urkoski           35    FSMR-AD     60      60     1.1149   253.53    -275.58 275.58      275.58     143.3 -154.32 -154.32        143.3   418.87   314.16     -347.22 -347.22       314.16     733.0295   370.70425 1-FSMR-AD-60
Monique Torra SM         35    FSMR-AD    81.3    82.5     0.907   225.97     242.51 270.06      270.06   -99.207 -99.207 99.207        99.207   369.27   209.44      231.48 236.99        236.99      606.265     249.425 1-FOR-AD-82.5
Cecy Supanchick SM       38    FSMR-AD   88.75     90      0.869   292.11     325.18 358.25      358.25    176.37  192.9 -198.41         192.9   551.15   292.11      325.18 352.74        352.74      903.886      356.29 1-FSMR-AD-90
Melissa Eledge           43     FM1R      87.9     90     0.8729   187.39     203.93 -248.02     203.93    104.72 115.74 -126.76        115.74   319.67   231.48      248.02 264.55        264.55      584.219    231.3185  1-FM1R -90

Katelyn Bayer            17     FT2R      55.1     56     1.1916   -203.93   220.46    231.48    231.48   110.23    121.25    -132.28   121.25   352.74   220.46     236.99     248.02     248.02     600.7535    324.711     1-FT2R-56

Aubrie Harrington        17     FT2R       53      56    1.2284     181.88 209.44 -220.46        209.44   -82.673 82.673 -93.696        82.673   292.11    231.48 242.51 253.53            253.53     545.6385    304.029     2-FT2R-56
Olivia Compas t1         15     FT1R       60      60    1.1149     225.97 -248.02 248.02        248.02    82.673 93.696 -104.72        93.696   341.71   -209.44 -209.44 -209.44            0            0          0            0
Ke'Ijha Hadley T1        14     FT1R     113.4    SHW    0.8081    236.99   286.6  303.13        303.13   121.25 132.28 137.79          137.79   440.92    286.6  314.16 374.78            374.78      815.702    298.997    1-FT1R-SHW
Sara Smith               24     FOR       51.8     52    1.2504    -159.83 159.83 170.86         170.86    77.161 -93.696 -93.696       77.161   248.02    209.44 225.97 242.51            242.51     490.5235    278.214     1-FOR -52


Dolores Estrada Servellon 32
                          AD    FOR        60      60     1.1149    270.06 303.13 314.16         314.16   154.32    170.86    -176.37   170.86   485.01    292.11 308.64 -330.69           308.64  793.656        401.364     1-FOR -60
Olivia Compas             15    FOR        60      60     1.1149    225.97 -248.02 248.02        248.02   82.673    93.696    -104.72   93.696   341.71   -209.44 -209.44 -209.44            0        0              0            0
Mallory Klatte            32    FOR       67.3    67.5    1.0228   -407.85 407.85 -451.94        407.85   236.99    253.53    -270.06   253.53   661.38    363.76 402.34 -440.92           402.34 1063.7195       493.501    1-FOR -67.5 *Best Lifter
Kurtrina Olund            23    FOR       74.7     75      0.953    181.88 209.44 -220.46        209.44   99.207    110.23     121.25   121.25   330.69    203.93 225.97 242.51            242.51  573.196         247.78     1-FOR -75
Ashlie Hepburn            27    FOR      81.95    82.5    0.9028    225.97 242.51 270.06         270.06   88.184    110.23    -115.74   110.23   380.29    209.44 225.97 231.48            231.48 611.7765        250.527    1-FOR -82.5
Amber Tanner              36    FOR       88.2     90     0.8716    220.46 236.99 248.02         248.02   121.25    132.28     154.32   132.28   380.29    253.53 264.55 281.09            281.09   661.38         261.48     1-FOR -90
Ke'Ijha Hadley            14    FOR      113.4    SHW     0.8081    236.99  286.6  303.13        303.13   121.25    132.28     137.79   137.79   440.92     286.6  314.16 374.78           374.78  815.702        298.997    1-FOR -SHW
Cindy Alcarez Dubon AD 21      FJR-AD     55.6     56     1.1832   -154.32 154.32 170.86         170.86   88.184    93.696    -110.23   93.696   264.55    209.44 220.46 -225.97           220.46  485.012        260.304    1-FJR-AD-56
Ludy Harger               32   FOR-AD     55.2     56      1.19     270.06 292.11 -314.16        292.11   137.79    148.81    -154.32   148.81   440.92    319.67 -358.25 -358.25          319.67  760.587         410.55    1-FOR-AD-56

Cindy Alcarez Dubon      21    FOR-AD     55.6     56     1.1832   -154.32   154.32    170.86    170.86   88.184    93.696    -110.23   93.696   264.55   209.44     220.46     -225.97    220.46     485.012     260.304    2-FOR-AD-56

Pamela Lozano             30   FOR-AD     59.7     60     1.1192   281.09     297.62   303.13    303.13    154.32 165.35 170.86         170.86   473.99    336.2     -347.22    -347.22     336.2     810.1905     411.306   1-FOR-AD-60
Dolores Estrada Servellon 32   FOR-AD      60      60     1.1149   270.06     303.13   314.16    314.16    154.32 170.86 -176.37        170.86   485.01   292.11      308.64    -330.69    308.64      793.656     401.364   2-FOR-AD-60
Shayla Urkoski AD         35   FOR-AD      60      60     1.1149   253.53    -275.58   275.58    275.58     143.3 -154.32 -154.32        143.3   418.87   314.16     -347.22    -347.22    314.16     733.0295   370.70425   3-FOR-AD-60
Sarah Evans               26   FOR-AD     66.1    67.5    1.0362   275.58     297.62   319.67    319.67    176.37 187.39 198.41         198.41   507.06   303.13      325.18    -347.22    325.18       843.26    391.1655   1-FOR-AD-67.5
Monique Torra            35    FOR-AD     81.3    82.5    0.907    225.97    242.51    270.06    270.06   -99.207 -99.207 99.207        99.207   369.27   209.44     231.48     236.99     236.99      606.265     249.425   1-FOR-AD-82.5
Cecy Supanchick           38   FOR-AD    88.75     90      0.869   292.11     325.18   358.25    358.25    176.37  192.9 -198.41         192.9   551.15   292.11      325.18     352.74    352.74      903.886      356.29   1-FOR-AD-90
Bryan Reynoso             17    MT2R      91.7    100     0.6325   385.81     418.87   440.92    440.92    253.53 275.58   286.6         286.6   727.52   385.81      407.85     440.92    440.92     1168.438     335.225   1-MT2R-100

Jayden Goldsmith         13     MT1R      76.8    82.5    0.7011   203.93    220.46    264.55    264.55   -121.25   126.76    -137.79   126.76   391.32   303.13     330.69     352.74     352.74     744.0525   236.62125 1-MT1R-82.5
Noah Chartier            14     MT1R     127.5    140     0.5676   281.09    314.16    325.18    325.18   -154.32    192.9    -225.97    192.9   518.08   292.11     358.25     391.32     391.32     909.3975    234.135  1-MT1R-140
Nov. 1, 2020 Contest Name-Lb Results
                                    BWt    WtCls                                           Best    Deadlift   Deadlift   Deadlift    Best      Push Pull  Coeff
       Name          Age     Div                    Wilks   Bench 1   Bench 2   Bench 3                                                                            Pl-Div-WtCl
                                    (Kg)    (Kg)                                          Bench       1          2          3       Deadlift     Total    Score
Jennifer Jensen M1   43    FM1R-AD 100.4   SHW     0.8316   126.76    -137.79   -137.79   126.76   236.99     264.55      292.11    292.11      418.874  158.004 1-FM1R-AD-SHW
Jennifer Jensen      43     FOR-AD 100.4   SHW     0.8316   126.76    -137.79   -137.79   126.76   236.99     264.55      292.11    292.11      418.874  158.004 1-FOR-AD-SHW
Clint Jensen         56      MM4R 139.1     140    0.5593   303.13     347.22   -374.78   347.22   374.78     402.34       429.9     429.9     777.1215 197.15325 1-MM4R-140
Russel Steinshouer   61    MM5R-AD 74.7      75    0.7146   231.48     242.51    253.53   253.53   402.34     424.39     -451.94    424.39     677.9145 219.7395 1-MM5R-AD-75
John Peoples         35      MOR    89.1     90    0.6417   264.55     281.09   -292.11   281.09   352.74     385.81      424.39    424.39      705.472  205.344   1-MOR-90
1-Nov-20          Big Iron Gym Hussey classicLb Results
                              BWt    WtCls                                            Best       Coeff
       Name       Age   Div                   Wilks   Bench 1   Bench 2   Bench 3                          Pl-Div-WtCl
                              (Kg)    (Kg)                                           Bench       Score
Douglas Ruse M4   57    MM4   99.7    100    0.6093   374.78    402.34    -407.85   402.3395   111.19725   1-MM4-100
Douglas Ruse      57    MO    99.7    100    0.6093   374.78    402.34    -407.85   402.3395   111.19725    1-MO-100
