               18-Mar-23 UPA Powerlifting & Bench Press National Championship-Lb Results
                                     BWt      WtCls                                     Best                           Best             Sub   Deadlift Deadlift Deadlift  Best                Coeff
        Name             Age    Div                    Wilks   Squat 1 Squat 2 Squat 3        Bench 1 Bench 2 Bench 3                                                             PL Total              Pl-Div-WtCl
                                     (Kg)     (Kg)                                     Squat                          Bench             Total    1        2        3     Deadlift             Score
Kyle Gifford              27 MORE-AD 80.8      82.5   0.6284   440.92   462.97 -473.99 462.97 275.58 286.6 292.11 292.11               755.08 529.1 551.15 -573.2 551.15 1306.2255           372.327    1-MORE-AD-82.5
                              MORE-
Doug Platt                29         98.2      100    0.5586   468.48   501.55 -518.08 501.55      286.6    -303.13 -303.13   286.6    788.14   545.64 -578.71 584.22     584.22 1372.3635 347.7285     1-MORE-AD-100
                               AD
Nate Yelton               31 MORE-AD120.8      125    0.5262   501.55   562.17   600.75   600.75   391.32   424.39 -440.92 424.39      1025.1   584.22   628.31 -650.36 628.31    1653.45     394.65    1-MORE-AD-125
                              MORE-
Luke Vonhollen            22        124.2      125    0.5221   518.08   545.64   584.22   584.22   308.64   330.69 -352.74 330.69      914.91   578.71   639.33 -688.94 639.33   1554.243    368.0805   2-MORE-AD-125
                               AD
Jacob Nelson              27 MORE 87.6         90     0.5952   424.39   451.94 485.01 485.01        336.2 363.76 -385.81 363.76        848.77   518.08 -545.64  0    518.08      1366.852   369.024  1-MORE-90
Conor Bernhard            30 MORE 97.8        100     0.5597   462.97   490.52 512.57 512.57        286.6 308.64 -319.67 308.64        821.21   545.64 573.2 -584.22 573.2       1394.4095 354.01025 1-MORE-100
Noah Nickell              25 MORE 95.2        100     0.5672   264.55    286.6 303.13 303.13       198.41 225.97 -236.99 225.97         529.1   358.25 380.29 407.85 407.85       936.955   241.06   2-MORE-100
Landyn Voss               25 MORE 109         110     0.5377   600.75   644.85 661.38 661.38       385.81 407.85 -424.39 407.85        1069.2   606.27 639.33 661.38 661.38      1730.611 422.0945 1-MORE-110
Ethan Smith               29 MORE 107         110     0.5405   424.39   462.97 -496.04 462.97      330.69 -363.76 -363.76 330.69       793.66   451.94 485.01 -529.1 485.01      1278.668   313.49   2-MORE-110
Axel Baranda              22 MORE 118.8       125     0.5281   462.97   490.52 507.06 507.06       225.97 242.51 -248.02 242.51        749.56   501.55 551.15 584.22 584.22      1333.783 319.5005 1-MORE-125
Pedro Herrera             24 MORE 130         140      0.515   628.31    672.4 705.47 705.47       407.85 457.45 473.99 473.99         1179.5   551.15 600.75 639.33 639.33      1818.795   424.875 1-MORE-140 Raw Elite Best Lifter
Jamal Morrow              27 MORE 134.6       140     0.5095    336.2   363.76 402.34 402.34       275.58 -308.64 -308.64 275.58       677.91   451.94 479.5 512.57 512.57       1190.484   275.13   2-MORE-140
David Spencer             33 MORE 137.5       140     0.5061   380.29   396.83 418.87 418.87       259.04 -286.6 -286.6 259.04         677.91   380.29 402.34 451.94 451.94      1129.8575 259.37625 3-MORE-140
Joe Hays (AD)             63 MOR-AD 81.2      82.5    0.6262   363.76   385.81 396.83 396.83       225.97 231.48 242.51 242.51         639.33   440.92 462.97 485.01 485.01      1124.346   319.362 1-MOR-AD-82.5

Justin Van Byssum         23 MOR-AD 119.4     125     0.5275 490.52 512.57 534.62         534.62   303.13 314.16     330.69   330.69   865.31   429.9    446.43 462.97    462.97 1328.2715 317.81875 1-MOR-AD-125
Matt Teske                45 MO-AD 77.2       82.5    0.6498 -424.39 -435.41 435.41       435.41   270.06 281.09       0      281.09   716.5    501.55   523.59 551.15    551.15 1267.645   373.635 1-MO-AD-82.5
Sam Brinkman              23  MOR 76.4        82.5    0.655 462.97 479.5 485.01           485.01   253.53 270.06     281.09   281.09   766.1    468.48   501.55 523.59    523.59 1289.691   383.175 1-MOR-82.5
Joe Hays                  63  MOR 81.2        82.5    0.6262 363.76 385.81 396.83         396.83   225.97 231.48     242.51   242.51   639.33   440.92   462.97 485.01    485.01 1124.346   319.362 2-MOR-82.5
Shawn Graves              27  MOR    90        90     0.5853 595.24 628.31 -661.38        628.31   402.34 -424.39   -424.39   402.34   1030.7   628.31   661.38 -677.91   661.38 1692.0305 449.21775 1-MOR-90

Mitch Phillips            34   MOR     89.2    90     0.5885   518.08   545.64   562.17   562.17   297.62   319.67 -330.69 319.67      881.84   496.04 -518.08 -523.59 496.04    1377.875    367.8125    2-MOR-90

Randy Shramek             35   MOR     99.4    100    0.5555   628.31 672.4 683.43        683.43   435.41   468.48 -490.52 468.48      1151.9   606.27   639.33 650.36 650.36 1802.2605 454.12125 1-MOR-100 *Raw Best Lifter
Jeramie Ibarra            33   MOR    123.8    125    0.5227   584.22 628.31 -650.36      628.31   385.81   407.85 -429.9 407.85       1036.2   573.2    617.29 -633.82 617.29 1653.45    392.025  1-MOR-125
Jeremy Norwood            34   MOR    131.8    140    0.5128   606.27 639.33 672.4        672.4    385.81   407.85 -429.9 407.85       1080.3   551.15   628.31 661.38 661.38 1741.634    405.112  1-MOR-140
Michael Boddicker         37   MOR    138.4    140    0.5051   556.66 611.78 -633.82      611.78   435.41   462.97 -479.5 462.97       1074.7   556.66   600.75 617.29 617.29 1692.0305 387.66425 2-MOR-140
Anthony Trimpe            29   MOR    142.4   SHW     0.5007   424.39 446.43 468.48       468.48   303.13   325.18 -336.2 325.18       793.66   468.48   485.01 501.55 501.55 1295.2025 294.16125 1-MOR-SHW
Tristan Brothers          27   MOR    151.2   SHW     0.4917   661.38 -705.47   0         661.38     0        0       0      0           0        0        0       0      0        0         0         0
Adam Fenton               39   MO       82    82.5    0.6219   501.55 512.57 523.59       523.59   501.55   512.57 518.08 518.08       1041.7   507.06   518.08 -523.59 518.08 1559.7545 439.99425 1-MO-82.5
18-Mar-23             UPA Powerlifting & Bench Press National Championship-Lb Results
                                 BWt      WtCls                                        Best      Coeff
       Name           Age   Div                    Wilks   Bench 1 Bench 2 Bench 3                        Pl-Div-WtCl
                                 (Kg)     (Kg)                                        Bench      Score
Jean Slonsky (WM)     58 FM4R     79       82.5   0.6388   165.35 176.37 187.39       187.391    54.298   1-FM4R-82.5
Jean Slonsky          58  FOR     79       82.5   0.6388   165.35 176.37 187.39       187.391    54.298   1-FOR -82.5
Robin Mundt (WM)      42 FM1R-AD 79.6      82.5   0.6352   154.32 -165.35 -165.35     154.322    44.464   1-FM1R-AD-82.5
Marcie Aguayo (WM)    42 FM1R-AD 99.6      100     0.555   159.83 181.88 -192.9      181.8795   45.7875   1-FM1R-AD-100


Robin Mundt           42 FOR-AD 79.6      82.5    0.6193 154.32 -165.35 -165.35       154.322   43.351 1-FOR-AD-82.5
Marcie Aguayo         42 FOR-AD 99.6       100     0.555 159.83 181.88 -192.9        181.8795  45.7875 1-FOR-AD-100
Gerald Lindos         86 MM10R 69.4         75    0.7083 170.86 181.88      0        181.8795 58.43475 1-MM10R-75
Joe Hays (BO MM)      63 MM5R 81.2        82.5    0.6262 225.97 231.48 242.51         242.506   68.882 1-MM5R-82.5
John MacBean          62 MM5R 109.4        110    0.5372 402.34 407.85 413.36        413.3625  100.725 1-MM5R-110
Nick Simmons          64 MM5R 107.6        110    0.5396 275.58 319.67 341.71         341.713   83.638  2-MM5R-110
Brian Budzinski       52 MM3R 138.8        140    0.5047 -457.45 457.45 462.97        462.966  105.987 1-MM3R-140
Jamie Zweirs          49 MM2R 109.6        110     0.537 424.39 451.94 485.01         485.012   118.14  1-MM2R-110 *Best Raw Lifter
Tim Allison           42 MM1R 137          140    0.5067 451.94 479.5 501.55         501.5465 115.27425 1-MM1R-140
Anthony Wang (SM)     37 MSMR 71.8          75    0.6882 259.04 275.58 -292.11        275.575   86.025  1-MSMR-75
Gerald Lindos (AD)    86 MM10R-AD69.4       75    0.7083 170.86 181.88      0        181.8795 58.43475 1-MM10R-AD-75
Joe Hays (AD BO MM)   63 MM5R-AD 81.2     82.5    0.6262 225.97 231.48 242.51         242.506   68.882 1-MM5R-AD -82.5
Rich Anderson         45 MM2R-AD123.8      125    0.5227 402.34 418.87 -435.41        418.874   99.313 1-MM2R-AD-125
Joe Hays (AD BO)      63 MOR-AD 81.2      82.5    0.6262 225.97 231.48 242.51         242.506   68.882 1-MOR-AD-82.5
David Derksen         40 MO-AD 174.8      SHW     0.4713 -749.56 -749.56 -749.56         0        0          0

Anthony Wang          37    MOR    71.8    75     0.6882   259.04 275.58 -292.11      275.575   86.025   1-MOR-75
Joe Hays (BO)         63    MOR    81.2   82.5    0.6262   225.97 231.48 242.51       242.506   68.882  1-MOR-82.5
Robert Genualdi       61    MM5    96.2   100     0.5642   374.78 -402.34 402.34     402.3395 102.9665 1-MM5-100
Stephen Webb          48    MM2    89.4    90     0.5877   -573.2  573.2 611.78      611.7765 163.08675 1-MM2-90 *Best Equipped Lifter
Eric Rasmussen        46    MM2   114.2   125     0.5321   462.97 -523.59   0         462.966  111.741  1-MM2-125
           23-Mar-23 UPA Powerlifting & Bench Press National Championship-Lb Results
                                   BWt        WtCls                                     Best                                 Best       Sub   Deadlift Deadlift Deadlift  Best                    Coeff
       Name            Age    Div                      Wilks   Squat 1 Squat 2 Squat 3        Bench 1 Bench 2       Bench 3                                                          PL Total              Pl-Div-WtCl
                                   (Kg)       (Kg)                                     Squat                                Bench      Total     1        2        3     Deadlift                 Score
Carla Schwerin          55   FM4RE 60.4        67.5   0.8073   187.39   198.41 -214.95 198.41 137.79 143.3          -148.81 143.3      341.71 242.51 253.53 -259.04 253.53           595.242     217.971   1-FM4RE-67.5
Ashli Seukunian (SM)    36   FSMRE 54.4         56    0.9035   154.32   170.86 181.88 181.88 99.207 110.23           115.74 115.74     297.62 225.97 248.02 253.53 253.53            551.15      225.875   1-FSMRE-56
Ashli Seukunian         36    FORE 54.4         56    0.9035   154.32   170.86 181.88 181.88 99.207 110.23           115.74 115.74     297.62 225.97 248.02 253.53 253.53            551.15      225.875    1-FORE-56

Heidi Looney            42   FORE     62.8    67.5    0.7765   231.48   248.02 -259.04 248.02     176.37 -187.39 -187.39 176.37        424.39   308.64   325.18   330.69    330.69   755.0755   265.95125 1-FORE-67.5 *Best Raw Elite Lifter

                                                                                                                                                                                    661.38    251.73                  *Best Raw Lifter
Sara Lomelino              46 FM2R 58.2        60     0.8391   220.46   231.48 242.51 242.51 126.76 137.79          -148.81   137.79   380.29   253.53 264.55      281.09   281.09                      1-FM2R-60
Mygadalia (Milly) Castillo 46 FM2R 104.6      110     0.5444   220.46   248.02 275.58 275.58 143.3 165.35            187.39   187.39   462.97   330.69 358.25      369.27   369.27 832.2365   205.511 1-FM2R-110
Ashley Corral              20   FJR     58     60     0.8422   203.93   231.48 -242.51 231.48 93.696 -110.23        -110.23   93.696   325.18   248.02 270.06     -292.11   270.06 595.242    227.394     1-FJR-60
Maribelle Uhe              13  FT1R 47.4       48     1.0631   66.138   71.65 77.161 77.161 55.115 -60.627          -60.627   55.115   132.28   77.161 93.696      110.23   110.23 242.506    116.941    1-FT1R-48
Mitchell Lambert           20 MJRE-AD 80.6    82.5    0.6295   440.92   462.97 -490.52 462.97 -281.09 292.11        -314.16   292.11   755.08   507.06 551.15      584.22   584.22 1339.2945 382.42125 1-MJRE-AD-82.5
George Ullinskey           22 MJRE-AD 106.8   110     0.5408   490.52   523.59 545.64 545.64 303.13 319.67           336.2    336.2    881.84   529.1 567.68       606.27   606.27 1488.105   365.04 1-MJRE-AD-110
Jeff Mensinger             58 MM4RE 80        82.5    0.6329   402.34   429.9 440.92 440.92 275.58 286.6             292.11   292.11   733.03   435.41 -468.48    -468.48   435.41 1168.438   335.437 1-MM4RE-82.5
                               MM4R
Todd Knutsen               56         103.6    110    0.5463   418.87 -451.94 451.94     451.94   281.09   308.64     0       308.64   760.59   424.39   446.43   462.97    462.97   1223.553   303.1965 1-MM4RE-110
                                 E
Gregory Scott              54 MM3RE 88.2       90     0.5926 275.58 -292.11 -292.11 275.58 198.41 -209.44 -209.44             198.41   473.99 330.69 352.74 -374.78 352.74 826.725     222.225 1-MM3RE-90
Max O'Dell                 19 MT3RE 69.2       75     0.7101 407.85 424.39 440.92 440.92 286.6 303.13 -314.16                 303.13   744.05 418.87 440.92 473.99 473.99 1218.0415 392.33025 1-MT3RE-75
Edward Richardson          19 MT3RE 74.4       75     0.6687 314.16 330.69 352.74 352.74 187.39 198.41 -209.44                198.41   551.15 374.78 402.34 435.41 435.41 986.5585 299.24325 2-MT3RE-75
Seth Soliz                 18 MT3RE 79.6      82.5    0.6352 374.78 385.81 407.85 407.85 242.51 264.55 -270.06                264.55    672.4 507.06     0      0    507.06 1179.461   339.832 1-MT3RE-82.5
Pablo Calderon             18 MT3RE 96.8      100     0.5624 451.94 -473.99 -473.99 451.94 286.6 297.62 -303.13               297.62   749.56 402.34 435.41 451.94 451.94 1201.507     306.508 1-MT3RE-100
Ian Wick                   18 MT3RE 109.4     110     0.5372 402.34 424.39 451.94 451.94 242.51 259.04 281.09                 281.09   733.03 435.41 462.97 507.06 507.06 1240.0875 302.175 1-MT3RE-110
Doug Wakeham               18 MT3RE 108.8     110      0.538  429.9 468.48 -501.55 468.48 259.04 275.58 292.11                292.11   760.59 440.92 473.99 -501.55 473.99 1234.576    301.28 2-MT3RE-110
Ryan Muller                17 MT2RE 66.2      67.5    0.7387 336.2 358.25 391.32 391.32 137.79 154.32 170.86                  170.86   562.17 314.16 330.69 363.76 363.76 925.932      310.254 1-MT2RE-67.5
Brady Seedorf              17 MT2RE 73.2       75     0.6774 363.76 385.81 -418.87 385.81 220.46 242.51 -253.53               242.51   628.31 451.94 479.5 501.55 501.55 1129.8575 347.1675 1-MT2RE-75
Anthony Haberman           17 MT2RE 87.4       90      0.596 -424.39 424.39 446.43 446.43 253.53 270.06 281.09                281.09   727.52 -485.01 501.55 -529.1 501.55 1229.0645   332.27   1-MT2RE-90
Ayedan Monsivais           14 MT1RE 53.4       56     0.9227 203.93 225.97 -236.99 225.97 121.25 137.79 -148.81               137.79   363.76 264.55 286.6 303.13 303.13 666.8915 279.11675 1-MT1RE-56
Brandon Bogseth            14 MT1RE 81.8      82.5     0.623  286.6 308.64 330.69 330.69 209.44 225.97 -242.51                225.97   556.66 319.67 341.71 363.76 363.76 920.4205 260.1025 1-MT1RE-82.5
Jacob Schlenker            20 MJRE      74     75     0.6716 -385.81 -391.32 402.34 402.34 225.97 236.99 248.02               248.02   650.36 402.34 418.87 -451.94 418.87 1069.231    325.726   1-MJRE-75
Sam Donath                 21 MJRE 85.8        90     0.6031 396.83 413.36 -424.39 413.36 292.11 -303.13 -303.13              292.11   705.47 446.43 -457.45 -457.45 446.43 1151.9035 315.11975 1-MJRE-90
Dwayne Jimenez             57 MM4R 95.6       100      0.566 435.41 -457.45 -457.45 435.41 275.58 292.11 -303.13              292.11   727.52 462.97 490.52 512.57 512.57 1240.0875 318.375 1-MM4R-100
Kent Altena                51 MM3R 134.6      140     0.5095 374.78 424.39 451.94 451.94 319.67 352.74 -380.29                352.74   804.68 501.55 551.15 -573.2 551.15 1355.829 313.3425 1-MM3R-140
Jason Myers                49 MM2R 98.2       100     0.5586 473.99 507.06 529.1    529.1 369.27 385.81 -407.85               385.81   914.91 -534.62 -545.64 545.64 545.64 1460.5475 370.0725 1-MM2R-100
Bruce Sabel                46 MM2R 104.6      110     0.5444 529.1 562.17 -578.71 562.17 319.67 358.25 369.27                 369.27   931.44 556.66 578.71 -617.29 578.71 1510.151    372.914 1-MM2R-110
Santos Castillo            48 MM2R 116.6      125      0.53   418.87 440.92 462.97 462.97 303.13 -325.18 -325.18              303.13    766.1 440.92 468.48 512.57 512.57 1278.668      307.4   1-MM2R-125
Jake Reynolds              43 MM1R 135.4      140     0.5085 545.64 -584.22 -600.75 545.64 402.34 418.87 440.92               440.92   986.56 584.22 622.8 650.36 650.36 1636.9155 377.56125 1-MM1R-140
Dillon Still               22  MJR      79    82.5    0.6388 314.16 341.71 369.27 369.27 -248.02 248.02 270.06                270.06   639.33 424.39 473.99 507.06 507.06 1146.392     332.176 1-MJR -82.5
Jacob Jones                23   MJR   97.6    100     0.5602 396.83 418.87 429.9    429.9 231.48 242.51 -248.02               242.51   672.4 440.92 473.99 485.01 485.01 1157.415      294.105   1-MJR -100
Noah Perez                 23  MJR 129.2      140      0.516 -595.24 -617.29 617.29 617.29 308.64 -330.69 -330.69             308.64   925.93 551.15     0      0    551.15 1477.082   345.72    1-MJR -140
Peyton Hoyer               22  MJR     137    140     0.5067 507.06 540.13 -573.2 540.13 341.71 -369.27 -369.27               341.71   881.84 595.24 -628.31 -628.31 595.24 1477.082   339.489   2-MJR -140
Remington Bell             21   MJR 130.8     140     0.514 413.36 446.43 -485.01 446.43 308.64 -325.18 -325.18               308.64   755.08 446.43 485.01 523.59 523.59 1278.668     298.12    3-MJR -140
Nick Kroeger               19 MT3R 89.4        90     0.5877 424.39 440.92 457.45 457.45 270.06 281.09 -292.11                281.09   738.54 534.62 551.15 562.17 562.17 1300.714     346.743  1-MT3R -90
Nick Johnson               17 MT2R 80.4       82.5    0.6307 330.69 347.22 369.27 369.27 198.41 214.95 225.97                 225.97   595.24 418.87 462.97 501.55 501.55 1096.7885 313.77325 1-MT2R-82.5
Jack Collins               17 MT2R 89.8        90     0.5861 407.85 424.39 440.92 440.92 231.48 259.04 -281.09                259.04   699.96 485.01 523.59 545.64 545.64 1245.599 331.1465 1-MT2R-90
Mason Moeller              17 MT2R 98.6       100     0.5575 402.34 -407.85 -407.85 402.34 286.6 -303.13 303.13               303.13   705.47 440.92 462.97 -501.55 462.97 1168.438    295.475 1-MT2R-100
Isaiah Sabers       16   MT2R 116     125   0.5305   468.48 501.55 -523.59 501.55   248.02 270.06 281.09 281.09     782.63 468.48 507.06 523.59    523.59 1306.2255 314.32125 1-MT2R-125
Sawyer Drinkwater   16   MT2R 121.6   125   0.5254   402.34 -424.39 440.92 440.92   275.58 -292.11 -292.11 275.58   716.5 -507.06 -507.06 507.06   507.06 1223.553   291.597 2-MT2R-125
