                                                                       2010 USAPL American Open
                                                                   December 4-5, 2010 - King of Prussia, PA

                                  Bwt    WtCls                                 Best                            Best                            Best     PL
Name                Team   Div    (kg)   (kg)    Age   SQ-1    SQ-2    SQ-3     SQ     BP-1    BP-2    BP-3     BP    DL-1    DL-2    DL-3      DL     Total   Wilks Pts Pl-Div-WtCls-Evt
Collegiate Women
Shelbie Jacobs       PA    F-C    49.9    52     19     65      67.5   -72.5   67.5     37.5    40     -42.5    40     85     92.5   97.5  97.5         205    263.753      1-F-C-52-PL
Tiffany Hammond      PA    F-C    56.5    60     18     90      97.5   102.5   102.5    52.5    55      57.5   57.5   107.5   112.5 -117.5 112.5       272.5   318.389      1-F-C-60-PL
Victoria Semple      PA    F-C    87.7    90     19    62.5    -82.5    90      90     -52.5   57.5     -60    57.5   127.5    145   160    160        307.5   268.663      1-F-C-90-PL
Junior Women
Heather Crocker     MA     F-JR   59.6    60     21    132.5   -145     145    145     62.5    -72.5   -72.5   62.5    150    173.5   182.5    182.5   390     437.073     1-F-JR-60-PL
High School Women
Danielle Tasher      PA    F-JV   45.1    48     15    37.5     45      52.5   52.5    27.5     -30     -30    27.5      70   77.5    90    90          170    235.399     1-F-JV-48-PL
Caity Stencler       PA    F-JV    50     52     14     50      55     -57.5    55     27.5     -30     32.5   32.5    62.5   72.5    85    85         172.5   221.594     1-F-JV-52-PL
Regina Jacobs        PA    F-JV   53.3    56     14     35     37.5      40     40     27.5      30    -32.5    30     62.5   72.5 -82.5 72.5          142.5   174.278     1-F-JV-56-PL
Sammantha Perrine    PA    F-JV   57.6    60     15     80     -95      -95     80     47.5     52.5   -57.5   52.5     110   115    -125  115         247.5   284.848     1-F-JV-60-PL
Brianna Miller       PA    F-JV   58.6    60     15    82.5    -90      -90    82.5     40      42.5    -45    42.5     110   -120   120   120          245    278.197     2-F-JV-60-PL
Natalie Wasser       PA    F-JV   62.8   67.5    16     90      95     -100     95      50     -52.5   -52.5    50     102.5 105 122.5 122.5           267.5   287.964    1-F-JV-67.5-PL
Nicole Hardy         PA    F-JV    72     75     14     60      65      72.5   72.5     45       50      55     55     92.5 -97.5 97.5     97.5         225    219.600     1-F-JV-75-PL
Aimee Cowdry         PA    F-JV   72.4    75     15    92.5    100      110    110     52.5      55    -57.5    55    -137.5 -137.5 -137.5   0           0      0.000
Faith Knight         PA    F-JV   78.3   82.5    15    52.5    57.5      60     60      35      37.5    -45    37.5      85    95    -100   95         192.5   178.313    1-F-JV-82.5-PL
Jenna Hardy          PA    F-V    54.7    56     16    97.5    105     -110    105     62.5      65     -70     65      100   115    -125  115          285    341.573     1-F-V-56-PL
Teen Women
Beverly Crawford     PA    F-T3   67     67.5    18    147.5   157.5    165    165      75     77.5     80     80     157.5   165     -172.5   165     410     420.701    1-F-T3-67.5-PL
Master Women
Tina Crawford        PA    F-M1   65.6   67.5    45    122.5   127.5   135     135     57.5    60      62.5    62.5   132.5   142.5   150      150     347.5   362.095    1-F-M1-67.5-PL
Marie Lawrence       PA    F-M3   52.3    56     68     25     -27.5   27.5    27.5    27.5    -30     -30     27.5    65     72.5    77.5     77.5    132.5   164.446     1-F-M3-56-PL
Open Women
Tracy Zimmer         PA    F-O    67.4   67.5    22    155     167.5 182.5 182.5       57.5     65     -72.5    65     155     165 -182.5 165          412.5   421.451     1-F-O-67.5-PL
Bonnie Starnes       NJ    F-O    65.5   67.5    38     60      75     -85  75          45     -50      50      50     110     125 132.5 132.5         257.5   268.624     2-F-O-67.5-PL
Kristen Lesino       NJ    F-O    66.9   67.5    24    82.5     90   -102.5 90          45     52.5    -57.5   52.5     95    107.5 115   115          257.5   264.504     3-F-O-67.5-PL
Women - Raw
Diana Solash        NY     FR-O   47.2    48     38     80      -85      -85   80       50     -52.5    52.5   52.5   92.5      95   -97.5       95    227.5   305.032     1-FR-O-48-PL
Theresa Jesinger    NY     FR-O   50.5    52     29     70     -87.5    -87.5  70      52.5      60     -65     60    102.5    110 117.5       117.5   247.5   315.562     1-FR-O-52-PL
Caroline Unigarro   NY     FR-O   54.4    56     20    52.5      60       65   65       30      -35    -37.5    30      90    -100   -105        90     185    222.666     1-FR-O-56-PL
Angel Revie         MD     FR-O    60     60     27     70      -85       90   90      52.5      60    -72.5    60    102.5    115 127.5       127.5   277.5   309.385     1-FR-O-60-PL
Jessica Stroup      PA     FR-O   67.5   67.5    27     70      92.5   -102.5 92.5     67.5      70    -72.5    70     125    137.5 142.5      142.5    305    311.283    1-FR-O-67.5-PL
Jessica Kratz       PA     FR-O   61.4   67.5    37     75      87.5     97.5 97.5     52.5     62.5    -65    62.5   117.5    130    140       140     300    328.560    2-FR-O-67.5-PL
Vanessa Gale        NY     FR-O   66.8   67.5    22    92.5     97.5    102.5 102.5     50      -55      55     55     125     135    140       140    297.5   305.919    3-FR-O-67.5-PL
Anne Hayward        MD     FR-O   66.6   67.5    25    92.5    -97.5     97.5 97.5     42.5    -47.5    47.5   47.5    105     115    120       120     265    273.109    4-FR-O-67.5-PL
Bonnie Starnes      NJ     FR-O   65.5   67.5    38     60       75      -85   75       45      -50      50     50     110     125 132.5       132.5   257.5   268.624    5-FR-O-67.5-PL
Rupa Bhattacharya   NY     FR-O   67.4   67.5    29    -80       90     -97.5  90      -30       35     -40     35    117.5   127.5 -137.5     127.5   252.5   257.979    6-FR-O-67.5-PL
Sarah Cichorek         NY   FR-O    72.2     75    20   105       115      -120    115     47.5    52.5   -57.5   52.5     125    -130     130     130    297.5   289.825    1-FR-O-75-PL
Alli Dolan             NY   FR-O    81.9    82.5   25   92.5     -105     -107.5   92.5    67.5     75    -77.5    75     132.5   140     147.5   147.5    315    284.571   1-FR-O-82.5-PL
Kelli Falotico         NJ   FR-O    81.8    82.5   23   62.5     -72.5     -82.5   62.5    62.5     70     -75     70      100    115      125     125    257.5   232.780   2-FR-O-82.5-PL
Samantha Orme          NY   FR-O    80.5    82.5   30   -85       90        -95     90      55      60     -65     60       90    105     -115     105     255    232.534   3-FR-O-82.5-PL
Maureen Tierney        NJ   FR-O    78.1    82.5   44   67.5      -70       75      75       0      40     -45     40      100    -115     115     115     230    213.348   4-FR-O-82.5-PL
Men - Blind Athletes
Charles King           PA   M-B     102     110    60    95      -107.5 107.5      107.5   105     115    -125    115     145     162.5 -167.5 162.5      385     232.502   1-M-B-110-PL
Collegiate Men
Andrew Watson          PA   M-C     67.4    67.5   22   -167.5     185     192.5   192.5 127.5 132.5 -137.5 132.5         192.5 210 222.5 222.5           547.5   422.615   1-M-C-67.5-PL
Titos Gonsalvez        PA   M-C     67.4    67.5   21   -177.5   -177.5    177.5   177.5 -125  -125   125    125          187.5 207.5 217.5 217.5          520    401.388   2-M-C-67.5-PL
Edwin Fong             PA   M-C     67.4    67.5   22     115      125      140     140    80  92.5 -97.5 92.5             125   140   160   160          392.5   302.971   3-M-C-67.5-PL
James Eggers           MA   M-C     74.4     75    20     155     172.5    177.5   177.5 120 -127.5 127.5 127.5            175   185 202.5 202.5          507.5   363.675    1-M-C-75-PL
Michael Stencler       PA   M-C      74      75    18     135     142.5     150     150 112.5 120     125    125           190   200   210   210           485    348.860    2-M-C-75-PL
Michael Loncharich     PA   M-C     82.4    82.5   21     270    -282.5     285     285 -207.5 207.5 -212.5 207.5          255 -267.5 267.5 267.5          760    509.504   1-M-C-82.5-PL
Ryan Aukerman          PA   M-C     80.4    82.5   21    142.5    182.5    202.5   202.5 140 147.5 155       155           185   205 -227.5 205           562.5   382.837   2-M-C-82.5-PL
Kevin McLaughin        PA   M-C     89.6     90    20    227.5     230    -272.5    230   160 -182.5 182.5 182.5           265 282.5 295     295          707.5   452.659    1-M-C-90-PL
Michael Plavchak       PA   M-C      89      90    23    227.5    247.5    -260    247.5 145    150 -152.5 150            272.5 -280  -280 272.5           670    430.207    2-M-C-90-PL
Zachary Cohen          RI   M-C     86.6     90    24     205     217.5   -227.5   217.5 155    165 -167.5 165             195   210 -212.5 210           592.5   386.014    3-M-C-90-PL
Aaron Aguiar           NJ   M-C      88      90    21   -177.5   -182.5    182.5   182.5 145 157.5 -160 157.5              220 227.5 235     235           575    371.393    4-M-C-90-PL
Nicholas Mercurio      PA   M-C     99.6    100    25    287.5    302.5   -317.5   302.5 -215  -215 217.5 217.5            240  -255   255   255           775    472.440   1-M-C-100-PL
Ressim Semerdjiev      PA   M-C     90.4    100    18   -142.5   -142.5    142.5   142.5 102.5 110    -115   110          142.5 147.5 157.5 157.5          410    261.170   2-M-C-100-PL
Shaun Florke           NJ   M-C    118.65   125    19    -205     232.5    -250    232.5 155   -170   -170   155           205 217.5 227.5 227.5           615    354.547   1-M-C-125-PL
Kevin Mosley           NJ   M-C    113.6    125    26   -247.5   -247.5   -247.5     0      0    0            0             0                 0             0      0.000
Tim Watson             PA   M-C    129.4    125+   20    232.5   -242.5     250     250   170 182.5 -190 182.5            282.5 295     0    295          727.5   411.838   1-M-C-125+-PL
Junior Men
David Bell             NJ   M-JR   87.2      90    23   147.5    157.5 -167.5 157.5        102.5 110     115       115    170     182.5   -190    182.5   455     295.341   1-M-JR-90-PL
Seth Peters            PA   M-JR   115.2    125    22    185     202.5 205     205         132.5 -137.5 137.5     137.5   220      230    232.5   232.5   575     333.960   1-M-JR-125-PL
High School Men
Josh Stencler          PA   M-JV    81      82.5   16     125 132.5        140      140    97.5     100 -102.5 100        162.5   172.5 187.5 187.5       427.5   289.588   1-M-JV-82.5-PL
Michael Treadway       PA   M-V    69.8      75    17     125  -135        135      135    92.5    97.5   105   105       167.5   177.5 200     200        440    330.440    1-M-V-75-PL
Justin Nyce            PA   M-V    70.2      75    17    87.5 -97.5       97.5     97.5    87.5     95   102.5 102.5      137.5    145 157.5 157.5        357.5   267.338    2-M-V-75-PL
David Doyle            PA   M-V    87.4      90    17     155  -165       -165      155    112.5    115  -125   115       182.5   187.5 -192.5 187.5      457.5   296.597    1-M-V-90-PL
Colton Hewitt          PA   M-V    95.3     100    16    142.5 147.5      -155     147.5   87.5    92.5    95    95       177.5    185    0     185       427.5   265.520    1-M-V-100-PL
Scott Hunsberger       PA   M-V    101.4    110    17   -142.5 142.5      147.5    147.5   102.5   107.5 110    110        180    187.5 195     195       452.5   273.898    1-M-V-110-PL
Teen Men
Nick Chaszczewicz      PA   M-T1    61      67.5   14    105      110      115      115   57.5   60     65    65          122.5   127.5 132.5 132.5       312.5   262.563   1-M-T1-67.5-PL
Mike Sollazzo          PA   M-T1   88.4      90    15    170     177.5    182.5    182.5   90    95   -97.5   95           170    177.5 182.5 182.5        460    296.424    1-M-T1-90-PL
Robert Caro            PA   M-T2    80      82.5   17   122.5    127.5     130      130    -90   90   -100    90           145    152.5 157.5 157.5       377.5   257.719   1-M-T2-82.5-PL
Brandon Mauro          PA   M-T2   106.4    110    16   162.5     185     -190      185   125   135    140   140          197.5    215 -227.5 215          540    321.192   1-M-T2-110-PL
Nick DeAnne            NJ   M-T3   73.4      75    18    110     -135     -135      110   130   135    140   140           110     135   145   145         395    285.783    1-M-T3-75-PL
Shane Avender          PA   M-T3   84.5      90    19    130     137.5    142.5    142.5 122.5 127.5 -137.5 127.5          195     205   215   215         485    320.391    1-M-T3-90-PL
Drew Rotsinger         NJ   M-T3   97.3     100    18   -165     -165     -165       0   -107.5 -125   140   140           185    -205  -215   185          0      0.000
Master Men
James Benemerito       NJ   M-M1   79.9    82.5   41     220     237.5     260     260    147.5 165      0      165     220 -222.5 232.5 232.5       657.5   449.204   1-M-M1-82.5-PL
Glen Hotte             PA   M-M1   80.2    82.5   46    137.5     150     -160     150     125 137.5 -142.5    137.5    170 192.5 -205 192.5          480    327.168   2-M-M1-82.5-PL
Michael Rybinski       IN   M-M1   88.6     90    41     215      225     237.5   237.5    165   -170  -170     165     250   260    270    270      672.5   432.821    1-M-M1-90-PL
Ron Falcone            NJ   M-M1   89.6     90    49    232.5   -252.5   -252.5   232.5   167.5 -177.5 -180    167.5   187.5 205     -210   205       605    387.079    2-M-M1-90-PL
Michael Barcelone      NJ   M-M1   99.2    100    44     235     247.5     260     260    142.5 185     195     195     230 242.5 -252.5 242.5       697.5   425.893   1-M-M1-100-PL
Gerry Kuzian           NY   M-M1   97.5    100    44     190     202.5     205     205    172.5 185 192.5      192.5    205 227.5 230       230      627.5   385.913   2-M-M1-100-PL
Matthew Clarke         NJ   M-M1   113.8   125    44     290     -310     -310     290    217.5 227.5 -232.5   227.5   237.5 265       0    265      782.5   455.963   1-M-M1-125-PL
Larry Thompson         NJ   M-M1   123.6   125    40     240     252.5    -265    252.5   -180    180 -187.5    180     250   265 -272.5 265         697.5   398.412   2-M-M1-125-PL
Paul Steinman               M-M1   120.4   125    40     185      210      215     215     125 137.5 -142.5    137.5    230   250    260    260      612.5   351.881   3-M-M1-125-PL
Dom Fonio              PA   M-M1   119.8   125    48    182.5    192.5     205     205    137.5 142.5 147.5    147.5   182.5   0           182.5      535    307.679   4-M-M1-125-PL
Steve Stein            NY   M-M2   58.6     60    57     82.5    87.5     97.5    97.5    62.5 -67.5 -67.5     62.5    117.5 125 137.5 137.5         297.5   259.331    1-M-M2-60-PL
Paul McColgan          PA   M-M2   65.6    67.5   52     92.5    102.5   -107.5   102.5   77.5     80  -82.5     80    117.5 127.5 132.5 132.5        315    248.566   1-M-M2-67.5-PL
Bill Scully            NJ   M-M2   82.2    82.5   52     245     -255     -255     245    152.5 -162.5 162.5   162.5   227.5 250 252.5 252.5          660    443.124   1-M-M2-82.5-PL
Joe Knespler           NY   M-M2     89     90    56   -182.5   -182.5    182.5   182.5   142.5 147.5 -155     147.5    185   205 -227.5 205          535    343.523    1-M-M2-90-PL
Jack Levavi            NY   M-M2   93.1    100    59   -142.5   -147.5   -147.5     0      -95    -95   -95      0       0                   0         0      0.000
Robert Moore           PA   M-M2   123.4   125    50    -160      160     182.5   182.5   122.5 135 -137.5      135    182.5 192.5 205      205      522.5   298.556   1-M-M2-125-PL
Tom Hughes             NJ   M-M3   96.9    100    61    -160      160      170     170      80    92.5  -95    92.5     165   175 182.5 182.5         445    274.387   1-M-M3-100-PL
Tony Contino           PA   M-M3     99    100    64   -137.5   -137.5   -142.5     0      115   -125  -125     115    192.5 205     -210   205        0      0.000
Dennis Chervenak       NJ   M-M3    115    125    61     140     162.5     170     170      80    87.5  -95    87.5     175   200    -210   200      457.5   265.853   1-M-M3-125-PL
Jack Wolff             NJ   M-M4     65    67.5   72    122.5   -137.5    -145    122.5     25     0             25    182.5 -192.5 -192.5 182.5      330    262.416   1-M-M4-67.5-PL
Tito Bastianelli Sr.   NJ   M-M4   80.4    82.5   76    127.5    132.5    137.5   137.5     75   -82.5 82.5    82.5    142.5   0       0   142.5     362.5   246.717   1-M-M4-82.5-PL
Stan Chatis            NY   M-M4   98.9    100    73    -62.5    62.5        0    62.5    127.5 -140   -140    127.5   142.5 207.5 215      215       405    247.576   1-M-M4-100-PL
Richard Nolan          NY   M-M5   66.2    67.5   84     57.5    62.5     67.5    67.5    57.5    -60    60      60    102.5 107.5 -115 107.5         235    184.052   1-M-M5-67.5-PL
Jack Weiss             NJ   M-M5   73.4     75    83     62.5     70        80      80    47.5 -52.5     0     47.5     120   130    140    140      267.5   193.536    1-M-M5-75-PL
Open Men
Alexander Kang         MD   M-O     65     67.5   26   -207.5    207.5    -225    207.5   25  -120 -122.5    25        192.5 212.5 -227.5    212.5    445    353.864   1-M-O-67.5-PL
Ronald Garcia               M-O    65.2    67.5   30   -142.5    142.5   -152.5   142.5   60    0            60        147.5 160     -165     160    362.5   287.535   2-M-O-67.5-PL
James Golembieski      NY   M-O    74.4     75    31    202.5    217.5    -230    217.5 147.5 157.5 -165 157.5         202.5 217.5 230        230     605    433.543    1-M-O-75-PL
Daniel Ghebreteadick   NY   M-O    74.2     75    27   -202.5   -202.5    202.5   202.5 -150  -150   150    150        197.5 215     -220     215    567.5   407.408    2-M-O-75-PL
Sean Gibson            VA   M-O    74.4     75    25    202.5    212.5    222.5   222.5   90  97.5   105    105         210   220 227.5      227.5    555    397.713    3-M-O-75-PL
Michael Loncharich     PA   M-O    82.4    82.5   21     270    -282.5     285     285 -207.5 207.5 -212.5 207.5        255 -267.5 267.5     267.5    760    509.504   1-M-O-82.5-PL
Mike Ciupinski         NJ   M-O    82.5    82.5   31     205     -230     -230     205   220  -230   -230   220         205   215 222.5      222.5   647.5   433.760   2-M-O-82.5-PL
Michael Sichelman      MD   M-O    82.2    82.5   44    212.5   -227.5    227.5   227.5 137.5 142.5 -147.5 142.5        210   220 -227.5      220     590    396.126   3-M-O-82.5-PL
William Pepicelli      MA   M-O    80.6    82.5   20    -190     -190      190     190   135   145 -152.5 145          -190   190    205      205     540    366.930   4-M-O-82.5-PL
Claudio Lora           NJ   M-O    81.7    82.5   57    -180      180     182.5   182.5 -145   145   150    150         160   180    190      190    522.5   352.113   5-M-O-82.5-PL
Edward Linquist        PA   M-O     77     82.5   43    -135      135      145     145 112.5 -115    115    115         180 192.5 195         195     455    318.454   6-M-O-82.5-PL
Anthony Parella        NY   M-O    89.6     90    27     300     317.5     325     325   205 217.5 -222.5 217.5        277.5 305     -320     305    847.5   542.231    1-M-O-90-PL
Kristopher Hunt        NY   M-O    89.4     90    28     275      290     -305     290   170   180   190    190        247.5 -262.5 -262.5   247.5   727.5   466.037    2-M-O-90-PL
Dustin Starer          MD   M-O     88      90    24    -235      240     -250     240 152.5 157.5 160      160         245   265 282.5      282.5   682.5   440.827    3-M-O-90-PL
Kaisheem Muhammad      MD   M-O     88      90    34     240     -250      250     250 137.5 142.5 -147.5 142.5         240 252.5 -257.5     252.5    645    416.606    4-M-O-90-PL
Scott Davenport        PA   M-O    84.8     90    37     190     -200      210     210 177.5 180 -182.5 180             230 242.5 -245       242.5   632.5   416.944    5-M-O-90-PL
Jerry Dally             NJ   M-O    89.6     90    50     215    -227.5   -227.5    215    137.5    -145     -145    137.5   227.5    245     -255     245    597.5   382.281    6-M-O-90-PL
Zachary Cohen           RI   M-O    86.6     90    24     205     217.5   -227.5   217.5    155      165    -167.5    165     195     210    -212.5    210    592.5   386.014    7-M-O-90-PL
Tyrone Jackson          NJ   M-O    98.5    100    40     235      245     252.5   252.5   187.5   -192.5   -192.5   187.5    265     280     -285     280     720    440.856    1-M-O-100-PL
Chad Salyer             TN   M-O      99    100    34    222.5    232.5    242.5   242.5   192.5    -200      200     200    237.5   252.5     260     260    702.5   429.298    2-M-O-100-PL
Michael Roncarati            M-O      99    100    23    262.5    282.5    292.5   292.5   142.5    -215     -215    142.5   252.5   267.5    -285    267.5   702.5   429.298    3-M-O-100-PL
Alex Campbell           TN   M-O    98.5    100    32     245     262.5   -272.5   262.5   167.5     175    -182.5    175     235    252.5   -262.5   252.5    690    422.487    4-M-O-100-PL
Tom Getsinger           PA   M-O    99.4    100    37     220     227.5    232.5   232.5   142.5     155     157.5   157.5    265     280     287.5   287.5   677.5   413.343    5-M-O-100-PL
Scott Caplan            MA   M-O    98.5    100    23    227.5    237.5    -245    237.5   157.5    167.5    -175    167.5    235     245     252.5   252.5   657.5   402.587    6-M-O-100-PL
Tim Durrett             VA   M-O     106    110    37     285      295      300     300    -215      215     -225     215    257.5   272.5   -282.5   272.5   787.5   469.035    1-M-O-110-PL
Rob Eckhart             PA   M-O    107.6   110    38   -247.5     250    -272.5    250    -230      235     -240     235    247.5   262.5   -287.5   262.5   747.5   442.968    2-M-O-110-PL
Anthony Stavenski III   PA   M-O    104.2   110    31    232.5    247.5   -257.5   247.5   202.5    207.5     215     215    232.5    245      255     255    717.5   429.926    3-M-O-110-PL
Erick Aguiar            NJ   M-O    105.6   110    25    267.5   -282.5   -287.5   267.5    170    -177.5    177.5   177.5    240    262.5    272.5   272.5   717.5   427.917    4-M-O-110-PL
Sam Snyder              PA   M-O     107    110    21     220      235     -245     235     150     162.5    182.5   182.5   227.5    240    -252.5    240    657.5   390.358    5-M-O-110-PL
Andrew Lorber           NY   M-O     104    110    28     170     182.5    -190    182.5    115      125     -130     125    207.5   217.5   -227.5   217.5    525    314.790    6-M-O-110-PL
Randy Boczkowski        PA   M-O    109.2   110    29    247.5   -272.5   -272.5   247.5   -205     -205     -205      0      220     235      240     240      0      0.000
Wayne Droesser          PA   M-O    123.2   125    38    282.5     305     312.5   312.5   197.5    -205      205     205    272.5    295    -317.5    295    812.5   464.425   1-M-O-125-PL
Romaine Bostick         DC   M-O    117.8   125    38    287.5     310     317.5   317.5   -225      225     -235     225     215     245      260     260    802.5   463.444   2-M-O-125-PL
Matthew Clarke          NJ   M-O    113.8   125    44     290     -310     -310     290    217.5    227.5   -232.5   227.5   237.5    265       0      265    782.5   455.963   3-M-O-125-PL
Sean Siggons            PA   M-O     121    125    37     230      245     -260     245     190    -212.5   -212.5    190     230     245     -255     245     680    390.184   4-M-O-125-PL
Paul Steinman                M-O    120.4   125    40     185      210      215     215     125     137.5   -142.5   137.5    230     250      260     260    612.5   351.881   5-M-O-125-PL
Joseph Cappellino       NY   M-O    152.4   125+   22    337.5    352.5    367.5   367.5   287.5   -302.5   -302.5   287.5    310    327.5    -345    327.5   982.5   542.438   1-M-O-125+-PL
Lewis Maxwell           GA   M-O    148.8   125+   30    247.5    272.5    -295    272.5    160     182.5   -192.5   182.5    275     290     -305     290     745    412.656   2-M-O-125+-PL
Men - Raw
Jeff Li                 MD   MR-O   58.6     60    22    127.5   137.5 142.5 142.5           90  97.5   -100  97.5           172.5 -187.5 192.5       192.5   432.5   377.010    1-MR-O-60-PL
Steve Stein             NY   MR-O   58.6     60    57    82.5    87.5   97.5  97.5         62.5 -67.5 -67.5 62.5             117.5 125 137.5          137.5   297.5   259.331    2-MR-O-60-PL
Ted Rasmussen           NJ   MR-O   65.8    67.5   30    -140    -155   -155    0             0                0               0                        0       0      0.000
Michael Cagliola        PA   MR-O    74      75    40     185     195   -200   195          145  -155   -155  145             205 217.5 227.5         227.5   567.5   408.203    1-MR-O-75-PL
Fransisco Arcibal III   NJ   MR-O   71.2     75    35    102.5    125 137.5 137.5           125   135   140   140            142.5 167.5 187.5        187.5    465    344.007    2-MR-O-75-PL
Andrew Hollenbeck       NY   MR-O   79.2    82.5   21     205     230   -240   230          135   150   -155  150             255   275   -295         275     655    450.050   1-MR-O-82.5-PL
Jorge Unigarro          NY   MR-O   79.5    82.5   28     170    182.5 190     190         142.5 150    155   155            227.5 240     250         250     595    407.813   2-MR-O-82.5-PL
Mike Giaquinto          NJ   MR-O   81.4    82.5   21    182.5   197.5 207.5 207.5         102.5 115    120   120            227.5 240 -252.5          240    567.5   383.290   3-MR-O-82.5-PL
Matthew Buttimer        NY   MR-O   82.5    82.5   24    182.5   192.5 -197.5 192.5         125 -132.5 -132.5 125            227.5 237.5 -245         237.5    555    371.795   4-MR-O-82.5-PL
Michael Macri           NY   MR-O   81.2    82.5   41     175    192.5 205     205         92.5   100   -105  100            102.5 192.5 205           205     510    344.964   5-MR-O-82.5-PL
Jeremy Fisher           NY   MR-O   81.5    82.5   33     160     170   -185   170          125  -140   -140  125             200   -205   205         205     500    337.450   6-MR-O-82.5-PL
Frank Caine             NJ   MR-O    78     82.5   57    167.5   177.5 182.5 182.5          105   110 112.5 112.5            142.5 175     190         190     485    336.541   7-MR-O-82.5-PL
Eric Pekar              NJ   MR-O    79     82.5   24     165    -170   -170   165          110  -115   -115  110             175 187.5 197.5         197.5   472.5   325.174   8-MR-O-82.5-PL
Robert Mullin           NJ   MR-O   79.8    82.5   35    137.5   142.5 147.5 147.5         122.5 127.5 -135 127.5             180   185 187.5         187.5   462.5   316.257   9-MR-O-82.5-PL
Steve Cusack            NY   MR-O   80.2    82.5   52   -137.5   137.5 147.5 147.5         92.5  97.5   100   100             195   205    210         210    457.5   311.832   10-MR-O-82.5-PL
Edward Linquist         PA   MR-O    77     82.5   43    -135     135   145    145         112.5 -115   115   115             180 192.5 195            195     455    318.454   11-MR-O-82.5-PL
Mark Hollenbeck         NY   MR-O   80.1    82.5   53     110    122.5 137.5 137.5           80  87.5 -92.5 87.5             147.5 170 -182.5          170     395    269.469   12-MR-O-82.5-PL
Ryan Revie              MD   MR-O   81.4    82.5   28     145      0           145         112.5 120    125   125             100     0                100     370    249.898   13-MR-O-82.5-PL
Bill Clayton            NJ   MR-O   81.2    82.5   57    167.5   177.5 182.5 182.5         -110  -110   -110   0             192.5 202.5 -210         202.5     0      0.000
Andrey Grebenetsky   NY   MR-O   87.4     90    20     205     227.5    240.5
                                                                           240.5 137.5 150 157.5 157.5       205 227.5 245          245     643    416.857    1-MR-O-90-PL
Joseph McAuliffe     NJ   MR-O   89.8     90    45    112.5     160       0 160 187.5 195 -197.5 195        227.5 250    265        265     620    396.242    2-MR-O-90-PL
Paul Tongiani        PA   MR-O   86.4     90    34     175     192.5   -202.5
                                                                           192.5 137.5 147.5 -157.5 147.5    250 -267.5 -267.5      250     590    384.857    3-MR-O-90-PL
Aaron Aguiar         NJ   MR-O     88     90    21   -177.5   -182.5    182.5
                                                                           182.5 145 157.5 -160 157.5        220 227.5 235          235     575    371.393    4-MR-O-90-PL
David Frankovic      NJ   MR-O   88.8     90    24    162.5   -177.5    182.5
                                                                           182.5 122.5 130 -137.5 130       207.5 227.5 232.5      232.5    545    350.326    5-MR-O-90-PL
Stephen Michael      NJ   MR-O   87.6     90    24     125     137.5     145145   100 107.5 115      115     185   205   215        215     475    307.562    6-MR-O-90-PL
David Steeley        PA   MR-O   84.6     90    18     115      120     -125120 102.5 -107.5 -107.5 102.5    175   185 187.5       187.5    410    270.641    7-MR-O-90-PL
Darren Nemow         NJ   MR-O   87.6     90    36      25       0           25    25      0          25      25    0                25      75    48.562     8-MR-O-90-PL
Victor Parets        NJ   MR-O   88.8     90    48     210     217.5 227.5 227.5 -122.5 -122.5   0    0        0                      0      0      0.000
Andrew Cohn          MD   MR-O   96.9    100    20    207.5    222.5 232.5 232.5 140     -145 147.5 147.5    245 262.5 272.5       272.5   652.5   402.331   1-MR-O-100-PL
Stephen Brindle           MR-O   96.6    100    27    202.5   -217.5 217.5 217.5 155     165 -172.5 165      220   235 242.5       242.5    625    385.875   2-MR-O-100-PL
Ben Esgro            PA   MR-O   97.8    100    25     185     197.5  210   210   130 137.5 -142.5 137.5     250 272.5 277.5       277.5    625    383.875   3-MR-O-100-PL
Mathew Niglio        NJ   MR-O   97.9    100    24     185     197.5-202.5 197.5 130     135 137.5 137.5     215 242.5 252.5       252.5   587.5   360.666   4-MR-O-100-PL
Scott Cook           WV   MR-O   97.5    100    29    167.5     200  -205   200   160 -182.5 182.5 182.5    167.5 200    -235       200    582.5   358.238   5-MR-O-100-PL
Jared Keisling       PA   MR-O   97.8    100    25   -187.5    197.5 -205 197.5 142.5 150      -155  150     210   225 -237.5       225    572.5   351.629   6-MR-O-100-PL
Otar Datan           NY   MR-O   94.1    100    26    167.5    -185   195   195 102.5 117.5 -127.5 117.5     200   215 227.5       227.5    540    337.338   7-MR-O-100-PL
Thomas McDonald      NJ   MR-O   99.4    100    38     155     177.5-187.5 177.5 125     140   145   145    182.5 197.5 202.5      202.5    525    320.302   8-MR-O-100-PL
Ronald Lobb          PA   MR-O   98.8    100    47     140      150  -165   150   100    110   -115  110     195   210   215        215     475    290.510   9-MR-O-100-PL
Timothy Lawrence     NJ   MR-O    100    100    24    142.5     155   160   160   125 127.5 132.5 132.5     167.5 175 182.5        182.5    475    289.085   10-MR-O-100-PL
Richard Fricky       PA   MR-O   108.6   110          222.5    237.5  250   250   155    -165  -165  155    267.5 -282.5 285        285     690    407.721   1-MR-O-110-PL
John Lawrence        PA   MR-O   106.4   110    27     220      230 -237.5 230 137.5 -140      -140 137.5    245 262.5 -275        262.5    630    374.724   2-MR-O-110-PL
Avi Soroka           NY   MR-O   103.8   110    29     175      185  197.5 197.5 102.5 110 117.5 117.5       225   230   -235       230     545    327.000   3-MR-O-110-PL
Brandon Mauro        PA   MR-O   106.4   110    16    162.5     185  -190   185   125    135   140   140    197.5 215 -227.5        215     540    321.192   4-MR-O-110-PL
Jake Burke           PA   MR-O   109.2   110    66    152.5     165  172.5 172.5 137.5 142.5 145     145    142.5 155    165        165    482.5   284.579   5-MR-O-110-PL
Bill McCarthy        NJ   MR-O    109    110    29                           0    165 167.5 -175 167.5                                0      0      0.000
Albert Saavedra      MD   MR-O   116.8   125    26    210     222.5 230     230   145    150   -155  150    222.5   242.5   -255   242.5   622.5   360.241   1-MR-O-125-PL
Paul Steinman             MR-O   120.4   125    40    185      210    215   215   125 137.5 -142.5 137.5     230     250    260     260    612.5   351.881   2-MR-O-125-PL
Ed Kunder            NJ   MR-O   113.8   125    26    185      200   -220   200   155    165   -170  165    212.5    235    245     245     610    355.447   3-MR-O-125-PL
Ted Vitale           NJ   MR-O   151.9   125+   24   187.5     195    205   205   150    160   -170  160    187.5    200    220     220     585    323.095   1-MR-O-125+-PL
                                      2010 USAPL American Open
                                   December 4-5, 2010 - King of Prussia, PA

                                     Bwt    WtCls
Name                 Team   Div      (kg)   (kg)    Age   BP-1    BP-2     BP-3 Best BP Wilks Pts Pl-Div-WtCls-Evt
Collegiate Women
Victoria Semple       PA    F-C      87.7    90     19    -52.5   57.5      -60     57.5    50.238     1-F-C-90-BP
Master Women
Christine Keisling    PA    F-M2     60      60     54    37.5    -42.5    -42.5    37.5    41.809    1-F-M2-60-BP
Open Women
Rebekah Lair         MD     F-O      83.8    90     34    97.5    102.5    -112.5   102.5   91.512     1-F-O-90-BP
Women - Raw
Diana Solash          NY    FR-O     47.2    48     38     50     -52.5    52.5     52.5    70.392    1-FR-O-48-BP
Marisa Bortone        NJ    FR-O     59.6    60     25     60      65      -67.5     65     72.846    1-FR-O-60-BP
High School Men
Jordon Blanton        PA    M-V      63.4   67.5    18    105     115       120     120     97.464    1-M-V-67.5-BP
Shawn Warner          PA    M-V      66.6   67.5    17    77.5    87.5     -92.5    87.5    68.197    2-M-V-67.5-BP
Cory Snow             PA    M-V      74.6    75     17    105     110      -115     110     78.672     1-M-V-75-BP
Collegiate Men
Ralph Longo           CT    M-C      92.5    100    19     110    -117.5    125     125     78.725    1-M-C-100-BP
Guest Lifter - Men
Bill Riviello         NJ    M-G      67.5   67.5    37     130    -135     -135     130     100.230   1-M-G-67.5-BP
Youth
Everett Fasnacht            M-Y      45.6    56      0    42.5     45       -50      45     51.084     1-M-Y-56-BP
Teen Men
Nick Kilcourse        PA    M-T1     48.2    52     15    47.5    52.5      -57.5   52.5     55.928   1-M-T1-52-BP
Adam Beylo                  M-T1     58.8    60     0     -77.5   87.5      -92.5   87.5     76.029   1-M-T1-60-BP
Tyler Whipple         PA    M-T2     54.8    56     17     120    132.5    -137.5   132.5   123.225   1-M-T2-56-BP
Brian Tufaro          NJ    M-T2     71.2    75     16    102.5    105     -117.5    105     77.679   1-M-T2-75-BP
Jay White             PA    M-T3     51.2    52     18    77.5    87.5      -92.5   87.5     87.281   1-M-T3-52-BP
John Olver                  M-T3     59.6    60     0     77.5    -87.5     -87.5   77.5     66.503   1-M-T3-60-BP
Nick DeAnne           NJ    M-T3     73.4    75     18     130     135       140     140    101.290   1-M-T3-75-BP
Junior Men
Ramon Cruz            NJ    M-JR     65.2   67.5    21     120    125      130      130     103.116   1-M-JR-67.5-BP
Titian Perez          PA    M-JR     72.5    75     21    -120    -120       0       0       0.000
Anthony Gitto         NJ    M-JR      83     90     23    152.5   160      -170     160     106.800   1-M-JR-90-BP
Master Men
Terrance Pinkett            M-M1     66.8   67.5    0      -195   -195      195      195    151.612 1-M-M1-67.5-BP
Bill Taylor           IN    M-M1    115.8   125     42    -242.5 -242.5    242.5    242.5   140.650 1-M-M1-125-BP
Glenn Haley                 M-M1    113.8   125     40     -215   -215       0        0      0.000
Joe Kilcourse        NJ     M-M2     70.4    75     54      110   -125     -125      110     82.071  1-M-M2-75-BP
Jim Bardsley         MD     M-M2     82.4   82.5    51     152.5 157.5     -165     157.5   105.588 1-M-M2-82.5-BP
Robert Feeney        PA     M-M2    120.6   125     58     -140   -140     -140       0      0.000
Kevin Johnson        NY     M-M2    139.6   125+    55    -262.5 -262.5      0        0      0.000
Burt Rosenfield      FL     M-M4     87.8    90     70     -110   110       115      115     74.371  1-M-M4-90-BP
Open Men
Nick Kilcourse        PA    M-O      48.2    52     15    47.5    52.5     -57.5    52.5     55.928    1-M-O-52-BP
Terrance Pinkett            M-O      66.8   67.5    0     -195    -195      195     195     151.612   1-M-O-67.5-BP
Jim Bardsley           MD   M-O     82.4   82.5   51   152.5   157.5    -165     157.5   105.588   1-M-O-82.5-BP
Rob Eckhart            PA   M-O    107.6   110    38   -230     235     -240      235    139.261   1-M-O-110-BP
Tim Durrett            VA   M-O     106    110    37   -215     215     -225      215    128.054   2-M-O-110-BP
John Bogart            NY   M-O     125    125    39    325    -335     -335      325    185.185   1-M-O-125-BP
Men - Raw
Nick Kilcourse         PA   MR-O    48.2    52    15   47.5     52.5     -57.5   52.5     55.928    1-MR-O-52-BP
Nicholas Flamini       PA   MR-O    59.4    60    19   -97.5    -97.5    97.5    97.5     83.928    1-MR-O-60-BP
Terrance Pinkett            MR-O    66.8   67.5   0    -195     -195      195     195    151.612   1-MR-O-67.5-BP
Christopher Spagnoli   NJ   MR-O    74.8    75    37    135      140     -145     140     99.946    1-MR-O-75-BP
David Lokus            PA   MR-O    74.2    75    20    125    -132.5   -132.5    125     89.737    2-MR-O-75-BP
Chris Scarlata         PA   MR-O    81.5   82.5   40    145      155    -157.5    155    104.609   1-MR-O-82.5-BP
Dominic Ambrosano      PA   MR-O    75.6   82.5   32   137.5     140      145     145    102.747   2-MR-O-82.5-BP
Michael Gourley        PA   MR-O    76.9   82.5   23    115     122.5    127.5   127.5    89.314   3-MR-O-82.5-BP
Joseph McAuliffe       NJ   MR-O    89.8    90    45   187.5     195    -197.5    195    124.625    1-MR-O-90-BP
Christopher Regodon    NJ   MR-O    88.4    90    33    125     127.5    132.5   132.5    85.383    2-MR-O-90-BP
Jeffrey McDaniel       PA   MR-O     91    100    29   182.5    187.5   -192.5   187.5   119.044   1-MR-O-100-BP
Joseph Matteo          PA   MR-O    98.1   100    34    170     -180     -180     170    104.278   2-MR-O-100-BP
Robert Feeney          PA   MR-O   120.6   125    58   -140     -140     -140      0      0.000
                                                                        2010 USAPL American Open
                                                                     December 4-5, 2010 - King of Prussia, PA

                                  Bwt    WtCls                                Best                        Best                      Best   PL
Name               Team    Div    (kg)   (kg)    Age   SQ-1   SQ-2     SQ-3     SQ    BP-1   BP-2 BP-3      BP  DL-1 DL-2     DL-3   DL   Total Wilks Pts   Pl-Div-WtCls-Evt
Patrice Lockhart    GA    F-SO     89     90      28    -30    -35      -35      0     30    -52.5 -52.5    30   115  120      125   125    0    0.000
Jasmine Swain        FL   F-SO   129.8    90+     15                             0    62.5     70    -75    70   160  175    -182.5 175     0    0.000       1-F-SO-90+-PP
Adrian McGee        GA    M-SO    67.4   67.5     22   102.5 112.5     -120   112.5   62.5     70   72.5 72.5    125 147.5   -162.5 147.5 332.5 256.657     1-M-SO-67.5-PL
John Young           FL   M-SO     67    67.5     15    72.5 82.5      92.5    92.5   67.5    -75    -75   67.5 112.5 135      145   145   305 236.558      2-M-SO-67.5-PL
Andre McGee         GA    M-SO    63.6   67.5     22    -95   -95       95      95     60      65   67.5 67.5 -110    115    -122.5 115 277.5 224.775       3-M-SO-67.5-PL
Sammy Lewis         GA    M-SO    72.8    75      51    77.5 97.5       105    105    62.5   -67.5 67.5 67.5 122.5 137.5     -147.5 137.5 310 225.618        1-M-SO-75-PL
Dion Thomas         GA    M-SO    92.8    100     31    125 142.5       150    150    105     110 112.5 112.5 177.5 182.5      205   205 467.5 293.964      1-M-SO-100-PL
Lewis Maxwell       GA    M-SO   148.8   125+     30   247.5 272.5     -295   272.5   160    182.5 -192.5 182.5 275   290     -305   290   745 412.656      1-M-SO-125+-PL
