Flt                                                  BWt WtCls           Lot RH     Squat    Squat    Squat    Best    RH                              Best   Sub     Deadlift Deadlift Deadlift Best
                Name                   Age    Div                 Reshel                                                  Bench 1   Bench 2 Bench 3                                                      PL Total
A                                                    (Kg) (Kg)            #   Sq     1        2        3       Squat   BP                             Bench   Total     1        2        3     Deadlift
 A      LIANE SABOURIN                 36    FO-R     116  125   0.683                                           0      5  72.5      -77.5     77.5    77.5      0                                0         0
 A    ALLISON LOCKHART                 29    FO-R      74   75 0.84365                                           0      5  77.5      -82.5    -82.5    77.5      0                                0         0
 A     VITALIY ANDRUSIV                24    FO-R     79.7 82.5 0.80365                                           0     8  152.5      165     172.5   172.5      0                                0         0
 A     RICHARD TAYLOR                  44    MO-R    108.3 110    0.889                                           0     6   150       165      175     175       0                                0         0
 A       TROY BRAMER                   22     MJ-R    99.4 100 0.9174                                             0     6   160       170     -175     170       0                                0         0
 A    PETER JAKOBOWSKI                 50     MM3     109  110   0.887                                           0      6   230       245     -250     245       0                                0         0
 B    ROBYN VAN DEN BON                32    FO-R     76.4 82.5 0.82595       7O       30    37.5      47.5     47.5    4    30      -42.5    -42.5     30     77.5    70        80      90      90      167.5
 B    MONICA JOHNSTON                  61     FM5     66.6 67.5 0.90915       6O      37.5    40         50      50     6    35       -40       40      40      90     85      92.5     97.5    97.5     187.5
 B    DEVON LANGELAAR                  14    FT1-R    44.6  52  1.2457        5O       35    42.5      52.5     52.5    4    30       32.5     -35     32.5     85     60        80      -90      80       165
 B    ADRIENNE NICKERSON               45    FM2-R    49.8  52   1.1459       4O     57.5    62.5      67.5     67.5    3   37.5     -42.5    -42.5    37.5    105      75     82.5     87.5    87.5     192.5
 B      JESSICA KALYAN                 18    FT3-R   65.65 67.5 0.91885       5O       65     70         80      80     6   37.5       40      42.5    42.5   122.5     80      87.5      95      95     217.5
 B      PETER JANSSEN                  18    MT3-R   59.25  60   1.4492       7O     -62.5   67.5       87.5    87.5    5   52.5     -62.5    -62.5    52.5    140     120      130     137.5   137.5     277.5
 B        ERIKA LUTZ                   25    FO-R     59.4  60   0.9956       4O     82.5    -90       -92.5    82.5    3   52.5      -55      -55     52.5    135      95      100     102.5   102.5    237.5
 B    COURTNEY JOHNSTON                29    FO-R     66.6 67.5 0.90915       8O      100    105      112.5    112.5    7   52.5     57.5      -60     57.5    170     135     142.5    147.5   147.5     317.5
 B    MELODY ANDREWS                   19     FT3     54.4  60   1.0684       3O       95    105       117.5   117.5    2    55       -70      -70      55    172.5    100      110     117.5   117.5      290
 B      BILL HURLEY                    30    MO-R    59.15  60   1.4528       10    -112.5   115      -117.5    115     3  -67.5      67.5      70      70     185    107.5     110      115     115       300
 B    CHACE STOKOWSKI                  18    MT3-R   74.35  75  1.1256        7I    137.5    150       -170     150     5   87.5     97.5    -102.5    97.5   247.5   167.5     180     -190     180     427.5
 B    BIRCHMANS PEREIRA                64    MM5-R    74.5  75    1.124        O     -205    205      212.5    212.5        -75       77.5    87.5     87.5    300     235     242.5            242.5    542.5
 B    COURTNEY JOHNSTON (Bench Only)   29    FO-R     66.6 67.5 0.90915                                          0      7  52.5      57.5      -60     57.5      0                                0         0
C      KEVIN FUGLEWICZ                 24    MO-R    108.1 110 0.8896                -170     -170     170      170        -125       125    -137.5    125     295     215     -230     -230     215       510
C       SHYLLO KOFOED                  36    MO-R    94.55 100 0.9386         7I      150      165    182.5    182.5    5   115      127.5   -142.5   127.5    310     160      175     187.5   187.5     497.5
C       GLENN STILLER                  46    MM2-R   124.6 125   0.858        8I      170      175     185      185         110     112.5    117.5    117.5   302.5   177.5    192.5     195     195     497.5
C       KRIS SUNNESON                  25    MO-R    107.3 110 0.8918         8I      205     -230     230      230     8  112.5     -125     -125    112.5   342.5    235      250     -265     250     592.5
C       MIKE BAMBRICK                  25    MO-R    96.75 100 0.9278         7I      205      230    -250      230     6  142.5      155     -165     155     385    232.5     245      260     260       645
C       COREY LEAVINS                  41     MM1    109.5 110   0.886        9O    227.5    252.5    262.5    262.5    6   145     -152.5    152.5   152.5    415    207.5    227.5     235     235       650
C        SCOTT WONG                    22     MJ-R    99.5 100    0.917               230     252.5   262.5    262.5        140       160    167.5    167.5    430    232.5     265     277.5   277.5    707.5
C     ANDREW FITZGERALD                22      MJ     96.5 100    0.929       8I      250    282.5    292.5    292.5    6   125     -137.5    137.5   137.5    430     210     252.5    257.5   257.5     687.5
C          TIM SHAW                    46     MM2    104.8 110 0.8988               227.5    272.5    -300     272.5        195     -227.5   -227.5    195    467.5    205     227.5     250     250     717.5
C        JOSH NELSON                   27     MO     97.35 100 0.9254         6I      280      310     330      330        -165       165    -182.5    165     495     205     237.5    257.5   257.5     752.5
C       COREY VELTING                  54     MM3    109.5 110    0.886       8I      300      320    -340      320     7   130     147.5      155     155     475     280     -300     -300     280       755
C         TJ PIATTELLI                 22      MJ    109.7 110 0.8852         6I      365     -385              365     6   125       180     -200     180     545    237.5    277.5    -285    277.5    822.5
C          RYAN SELK                   24     MO     109.6 110 0.8856         7I      410    432.5             432.5    5   100       235     -250     235    667.5    305      340              340     1007.5
D         MIKE HABINA                  46    MM2-R    80.8 82.5 1.0456        8I    112.5     -120     125      125     5   110       120     -125     120     245    112.5    122.5    137.5   137.5     382.5
D      MICHAEL HUANG                   42    MM1-R    78.5 82.5   1.072       7O      135      150     160      160     4   110       115      120     120     280     140      150      160     160       440
D     SPENCER STEVENS                  43    MM1-R    85.5  90    1.002       6o      140      150     160      160     6   72.5       85      -90      85     245     170      180     192.5   192.5     437.5
D      CRAIG JOHNSTON                  27    MO-R     89.7  90  0.9704       11 O   157.5      175     185      185     5  102.5     -110     -110    102.5   287.5    170     187.5   -192.5   187.5      475
D     SEAN LAGIMODIERE                 22     MJ-R    81.6 82.5 1.0378               -165      165    -185      165        -105      -115     -115       0       0     165      175      190     190        0
D        KYLE BROWN                    24    MO-R     87.5  90   0.987              172.5    187.5    192.5    192.5        110       115     122.5   122.5    315    237.5    242.5   -247.5   242.5    557.5
D          JIM KOZEY                   39     MO      87.6  90  0.9862        9O      175    187.5     200      200     6   100     117.5     -125    117.5   317.5    160     177.5     190     190      507.5
D       TRAVIS PEREIRA                 39    MO-R    79.65 82.5 1.0576                180     192.5    200      200         120      127.5     130     130     330     190      195     202.5   202.5     532.5
D      BRANDEN HABINA                  20     MJ-R    84.5  90    1.011       8I    -182.5   -182.5   182.5    182.5    6   115       125    127.5    127.5    310    182.5     200     217.5   217.5     527.5
D      JASON CORBELL                   35    MO-R    85.95  90    0.998       7I     187.5     195     205      205     4  137.5     -155     -155    137.5   342.5   217.5     240     -250     240     582.5
D        AARON RUBIN                   37     MO      86.8  90   0.9916       6O      225      250     275      275     6   125      192.5    -205    192.5   467.5    225      250     -265     250     717.5
D     MICHAEL HUANG (Bench Only)       42    MM1-R    78.5 82.5   1.072                                          0          110       115      120     120      0                                 0         0
D     MIKE HABINA (Bench Only)         46    MM2-R    80.8 82.5 1.0456                                           0      5   110       120     -125     120       0                                0         0
D     MIKE HABINA (Bench Only)         46    MM2-R    80.8 82.5 1.0456                                           0      5                               0       0                                 0         0
D           EVAN DUNN                                      82.5     0                                            0                                      0       0                                 0         0
