              7-Dec-19 UPA War Of The Demigods Powerlifting Championship-Lb Results

                                                                                   Best                                   Best      Sub                                        Best                  Coeff
        Name           Age       Div      Squat 1   Squat 2   Squat 3   Squat 4            Bench 1   Bench 2   Bench 3                   Deadlift 1   Deadlift 2 Deadlift 3               PL Total            Pl-Div-WtCl
                                                                                  Squat                                  Bench     Total                                      Deadlift               Score
Emily Stokes            20       FJRE     176.37     192.9    -209.44     0        192.9   82.673    93.696    -99.207   93.696    286.6  225.97      248.02     -270.06      248.02      534.6155 138.9525     1-FJRE
Courtney Mayo           25       FORE     -236.99   270.06    297.62      0       297.62   132.28    137.79    -148.81   137.79   435.41 236.99       275.58     -303.13      275.58      710.9835 220.42875 1-FORE-75
Dee Shore               39       FORE     154.32    170.86    181.88      0       181.88   99.207    115.74    -126.76   115.74   297.62 248.02       270.06      -286.6      270.06      567.6845  145.436  1-FORE-SHW
Emily Stokes -          20       FORE     176.37     192.9    -209.44     0        192.9   82.673    93.696    -99.207   93.696    286.6  225.97      248.02     -270.06      248.02      534.6155 138.9525 2-FORE-SHW
Michelle haulk -        38       FSMR     181.88    203.93    214.95      0       214.95   126.76    137.79    -148.81   137.79   352.74 209.44       236.99     253.53       253.53       606.265  211.585     1-FSMR
Tracy Friedrich         37       FSMR     225.97    242.51    253.53      0       253.53   110.23    121.25    132.28    132.28   385.81 264.55       297.62     319.67       319.67       705.472  186.816     2-FSMR
Julia Underwood -       17       FT2R     264.55     286.6    -303.13     0        286.6   126.76    137.79     -143.3   137.79   424.39  336.2       363.76     -374.78      363.76      788.1445 210.10275    1-FT2R
Ashley Richardson       36       FOR      225.97    253.53    -275.58     0       253.53   115.74    -126.76   -126.76   115.74   369.27 275.58       -303.13    -303.13      275.58      644.8455 217.29825 1-FOR -67.5
Michelle Haulk          38       FOR      181.88    203.93    214.95      0       214.95   126.76    137.79    -148.81   137.79   352.74 209.44       236.99     253.53       253.53       606.265  211.585  2-FOR -67.5
Julia Champlin          27       FOR      402.34    424.39    -451.94     0       424.39   203.93    214.95    225.97    225.97   650.36 385.81       402.34     418.87       418.87      1069.231  326.405   1-FOR -75 *Women's Raw Best Lifter
Emily Tighe             25       FOR      369.27    -396.83   396.83      0       396.83   -187.39   187.39    -203.93   187.39   584.22 369.27       402.34     418.87       418.87      1003.093 302.3475   2-FOR -75
Jenna Fox               27       FOR      248.02    259.04    270.06      0       270.06   132.28     143.3    148.81    148.81   418.87 297.62       -325.18    -325.18      297.62       716.495 216.8725   3-FOR -75
Molly Pasley            35       FOR      220.46    -236.99   -236.99     0       220.46   126.76    137.79    -148.81   137.79   358.25 -231.48      236.99     -253.53      236.99       595.242  183.735   4-FOR -75
Julia Underwood         17       FOR      264.55     286.6    -303.13     0        286.6   126.76    137.79     -143.3   137.79   424.39  336.2       363.76     -374.78      363.76      788.1445 210.10275  1-FOR -90
Megan Bern              43      FM1-AD    253.53    275.58    -303.13     0       275.58   154.32    170.86    -176.37   170.86   446.43 297.62        336.2     -341.71       336.2       782.633 211.8995    1-FM1-AD
Tyler Ramsey            23     MJRE-AD    424.39    451.94    485.01      0       485.01   292.11    303.13    314.16    314.16   799.17 501.55        529.1     551.15       551.15     1350.3175 380.30125 1-MJRE-AD *Junior Raw Best Lifter

Chris Broadhurst        51    MM3RE-AD    259.04    275.58    286.6       0       286.6    242.51    259.04    -270.06   259.04   545.64   352.74     -380.29    -380.29      352.74     898.3745    219.43875 1-MM3RE-AD

Lee Plummer             33     MSMRE      198.41    214.95    231.48      0       231.48   121.25    132.28    -137.79   132.28   363.76   264.55     275.58      286.6        286.6       650.357  174.345     1-MSMRE
Gavin Schumacher        14     MT1RE      225.97    -242.51   -242.51   242.51    225.97   121.25    137.79    154.32    154.32   380.29   275.58     297.62     319.67       319.67      699.9605  202.057     1-MT1RE
Jim Harmon -            54     MM3RE      374.78    396.83    407.85      0       407.85   275.58    308.64    -330.69   308.64    716.5   385.81     407.85      429.9        429.9      1146.392  282.724     1-MM3RE
Riley Etchison          19     MM3RE       143.3    154.32    170.86      0       170.86   132.28    137.79     -143.3   137.79   308.64   242.51     264.55     303.13       303.13      611.7765  226.329     2-MM3RE
Bryan Alm               45     MM2RE      -639.33      0         0        0          0     440.92      0           0       0         0     639.33       0           0            0            0        0           0
Rendon Patterson        40     MM1RE      374.78    402.34    418.87      0       418.87   264.55    286.6     303.13    303.13   722.01   407.85     451.94     501.55       501.55      1223.553  328.005     1-MM1RE
Brandon Cook            26    MORE-AD     418.87    440.92    -451.94     0       440.92   319.67    341.71    352.74    352.74   793.66   551.15     584.22     606.27       606.27      1399.921 352.1075    1-MORE-AD-100
Gabriel Rusher          21      MJRE      220.46    264.55    308.64      0       308.64   203.93    214.95    225.97    225.97   534.62   363.76     385.81     -402.34      385.81      920.4205 277.42875      1-MJRE
Diego Corrales          22      MJRE      281.09     286.6    292.11      0       292.11    192.9    198.41    -209.44   198.41   490.52   341.71     358.25     391.32       391.32       881.84    270.08       2-MJRE
Robert Johnson          24     MORE       319.67    341.71    -352.74     0       341.71   225.97    242.51    -253.53   242.51   584.22   336.2      374.78     396.83       396.83       981.047 261.5265     1-MORE-90
Joey Corrales           24     MORE       374.78    407.85    413.36      0       413.36   242.51    259.04    -264.55   259.04    672.4   435.41     473.99     -501.55      473.99      1146.392   289.38    1-MORE-100
Jim Harmon              54     MORE       374.78    396.83    407.85      0       407.85   275.58    308.64    -330.69   308.64    716.5   385.81     407.85      429.9        429.9      1146.392  282.724    1-MORE-110
Dan Mahoney             55      MM4R      385.81    396.83    402.34      0       402.34   214.95    225.97    231.48    231.48   633.82   402.34     424.39     440.92       440.92     1074.7425 289.33125      1-MM4R
Ronald Edge             34     MSMR       402.34     429.9    468.48      0       468.48    336.2    363.76    385.81    385.81   854.28   402.34     457.45     -473.99      457.45      1311.737 358.8445       1-MSMR
Corey LaRose -          37     MSMR       407.85    -451.94   -501.55     0       407.85   402.34    424.39    -440.92   424.39   832.24   551.15     606.27     633.82       633.82      1466.059  345.534       2-MSMR
Wyatt Klimko            23      MJR       451.94    462.97     479.5      0        479.5   -259.04   259.04    -264.55   259.04   738.54   496.04     518.08      -529.1      518.08      1256.622  308.085        1-MJR

Michael Lillebridge     18      MT3R      440.92    501.55    540.13      0       540.13   203.93    -225.97   -231.48   203.93   744.05   440.92     501.55     534.62       534.62      1278.668   311.46     1-MT3R
Jose Miranda -          21      MJR-AD    457.45    473.99    -485.01     0       473.99   259.04    270.06     -286.6   270.06   744.05   440.92     462.97     -473.99      462.97     1207.0185 363.81375   1-MJR-AD
Ethan Miera             19      MJR-AD    352.74    396.83     -429.9     0       396.83   275.58    -308.64   -308.64   275.58    672.4   457.45     501.55     534.62       534.62     1207.0185 312.294     2-MJR-AD
Hayden Tibbs            37     MT3R-AD    363.76    418.87    435.41      0       435.41   -275.58   303.13    -314.16   303.13   738.54   407.85     440.92      479.5        479.5     1218.0415 355.589    1-MT3R-AD
Jose Miranda            21     MOR-AD     457.45    473.99    -485.01     0       473.99   259.04    270.06     -286.6   270.06   744.05   440.92     462.97     -473.99      462.97     1207.0185 363.81375 1-MOR-AD-75
Andrew Dahl             25     MOR-AD     402.34    424.39    424.39      0       424.39   253.53    270.06    -281.09   270.06   694.45   407.85     424.39     440.92       440.92      1135.369   348.14  2-MOR-AD-75
Gerald Baker            26     MOR-AD     297.62    314.16    352.74      0       352.74   165.35    187.39     192.9     192.9   545.64   385.81     402.34      429.9        429.9      975.5355 265.27875 1-MOR-AD-90

Jacob Hendrix           28     MOR-AD     496.04     529.1    -567.68     0        529.1   341.71    352.74    -363.76   352.74   881.84   562.17     589.73     -600.75      589.73     1471.5705 358.78125   1-MOR-AD-110
Isaiah Perry            25      MOR       -446.43   -446.43   446.43      0       446.43    286.6    -297.62   -297.62    286.6   733.03   518.08     540.13     -551.15      540.13     1273.1565 398.8215     1-MOR-75
Andrew Chastain         24   MOR   661.38   -683.43   683.43    0   683.43   341.71    -352.74 -352.74     341.71   1025.1   567.68   600.75    617.29    617.29    1642.427 437.8365     1-MOR-90
Ryan Samsel             25   MOR   424.39   451.94    473.99    0   473.99   319.67     336.2 -352.74       336.2   810.19   501.55    529.1    540.13    540.13   1350.3175 342.6325     1-MOR-100
Ernie Lilliebridge Jr   31   MOR    716.5   771.61    -832.24   0   771.61   363.76    402.34 -418.87      402.34   1173.9   716.5    804.68    -826.73   804.68   1978.6285 483.30375    1-MOR-110   Men's Raw Best Lifter
Craig Richardson        33   MOR   501.55   540.13     573.2    0    573.2   385.81    413.36 -440.92      413.36   986.56   529.1    -600.75   -600.75    529.1   1515.6625 364.99375    1-MOR-125

William Mayo            27   MOR   407.85   451.94    -501.55   0   451.94   253.53    270.06    303.13    303.13   755.08   451.94   496.04    -529.1    496.04   1251.1105 299.46975    2-MOR-125

Jake Walsh              33   MOR   523.59   562.17    -600.75   0   562.17   396.83    424.39    451.94    451.94   1014.1   523.59   562.17    600.75    600.75   1614.8695 381.26625    1-MOR-140
Corey LaRose            37   MOR   407.85   -451.94   -501.55   0   407.85   402.34    424.39    -440.92   424.39   832.24   551.15   606.27    633.82    633.82    1466.059  345.534     2-MOR-140

Bryan Beanland          39   MSM   799.17   -854.28   -854.28   0   799.17   722.01    -738.54   -738.54   722.01   1521.2   600.75   655.87    -699.96   655.87   2177.0425 548.35875     1-MSM
                                                                                                                                                                1526.685
Christopher McFarland34      MO    578.7    600.8     628.3     0   628.3    369.3     -391.3 -391.3       369.3    997.6     485     507.1     529.1     529.1          386.2765         1-MO-100
                                                                                                                                                                   5
Will England            28   MO    600.75   -617.29   -617.29   0   600.75   402.34    418.87    -435.41   418.87   1019.6   584.22   600.75    606.27    606.27   1625.8925   399.2825   1-MO-110
Ahmed Atef              43   MO    832.24   876.33     909.4    0    909.4   -534.62   -534.62   -534.62     0        0        0        0         0         0          0           0         0
7-Dec-19     UPA War Of The Demigods Powerlifting Championship-Lb Results
                         BWt    WtCls                                             Best                                    Best      Push Pull     Coeff
      Name   Age   Div                  Schwartz   Bench 1   Bench 2   Bench 3          Deadlift 1 Deadlift 2 Deadlift 3                                   Pl-Div-WtCl
                         (Kg)    (Kg)                                            Bench                                   Deadlift     Total      Score
Rob Weber    27    MOR   98.6    100    0.5575     352.74    -369.27   369.27    369.27 -606.27 606.27 633.82 633.82                1003.093    253.6625   1-MOR-100
7-Dec-19             UPA War Of The Demigods Powerlifting Championship-Lb Results
                                   BWt    WtCls                                               Best      Coeff
       Name          Age   Div                    Schwartz   Bench 1   Bench 2   Bench 3                        Pl-Div-WtCl
                                   (Kg)    (Kg)                                              Bench     Score
Penny Bergstrom      54    FM3R    74.4     75    0.6687     126.76    132.28     -143.3    132.276    40.122    1-FM3R
Jeremiah Johnson -   43    MM1R   112.2    275     0.534     490.52    512.57    -523.59   512.5695   124.155    1-MM1R
Paul Burdess         33     MOR    99.6    100     0.555     402.34    418.87    -435.41    418.874    105.45   1-MOR-100
Shane Hawley         43     MOR   108.4    110    0.5385     -341.71   341.71    374.78     374.782    91.545   1-MOR-110
Alfonzo Wellmaker    37     MOR   127.2    140    0.5184      -336.2    336.2    352.74     352.736    82.944   1-MOR-140
Jeremiah Johnson     43     MOR   112.2    275     0.534     490.52    512.57    -523.59   512.5695   124.155       0
