    WUAP WORLDS CHAMPIONSHIP 2017
    Powerlifting RAW
    17.-22. 10 2017 - Praha , Czech Republic
R. Name                Lastname         Country   Age   Weight Devision   Class     Squat1      Squat2        Squat3        Squat4      Bench1      Bench2         Bench3         Bench4      Deadlift1     Deadlift2        Deadlift3        Deadlift4       Total        Reshel     McCullough
    Women
1   KRASTENICSOVÁ      Julie            CZE       17    51,90    T16-17     -52,0    -75,0        75,0   wr    -80,0   wr                 47,5 wr     52,5    wr      55,0   wr     56,0 wr       80,0 wr       85,0    wr      #                             215,0   wr 448,1030
1   CHORVÁTOVÁ         Liliana          SVK       17    56,00    T16-17     -56,0    -80,0        80,0          85,0          91,0        35,0       -40,0            40,0         -42,5          80,0          90,0             95,0                         220,0      419,1000
1   DĚRGLOVÁ           Karolína         CZE       19    67,40    T18-19     -67,5    135,0      -150,0   wr    150,0   wr                 65,0        75,0    wr     -80,0   wr                  120,0         140,0    wr      150,0    wr                   375,0   wr 615,2250
2   SEKERÁKOVÁ         Veronika         CZE       18    64,50    T18-19     -67,5    -80,0        82,5          87,5                      50,0        55,0            57,5                        95,0         105,0           -112,5                         250,0      422,5000
1   KOVÁČIKOVÁ         Bianka           SVK       21    57,60    Junior     -60,0    125,0      -135,0   wr   -135,0   wr                 40,0        42,5           -45,0                       115,0         125,0    er      138,0    er                   305,5   er 564,9306
2   SUSA               Felicita         HUN       23    59,50    Junior     -60,0    115,0       125,5   wr   -130,0   wr   -130,0 wr     52,5        57,5    er      60,0   er                  105,0         115,0            120,0                         305,5      548,3725
1   KMEŤOVÁ            Dominika         SVK       21    68,70    Junior     -75,0    120,0       130,0         140,0   wr    145,0 wr     70,0        75,0    wr     -80,0   wr                  140,0        -150,0            152,5    wr       157,5 wr    367,5   wr 595,7175
1   BAZSÓ              Mónika           HUN       43    67,30    M40-44     -67,5    142,5       147,5         152,5   wr                 82,5        90,0            95,0   wr                  170,0         180,0    wr      186,0    wr       190,0 wr    433,5   wr 711,8937
1   ZAZVONILOVÁ        Marcela          CZE       46    59,10    M45-49     -60,0    105,0       115,0         120,0   wr                 57,5        65,0    wr     -70,0   wr    -70,0 wr      130,0 wr     -145,0    wr      145,0    wr       150,0 wr    330,0   wr 595,7820
1   GOLOB              Mariša           SLO       27    51,70     Open      -52,0    150,0       160,0   wr   -165,0   wr                 85,0        91,0    wr      92,5   wr                  160,0        -167,5           -167,5                         412,5      864,0225
1   KOČKOVÁ            Petra            CZE       34    74,90     Open      -75,0   -120,0       120,0         140,0                      80,0       -85,0            85,0                       160,0        -170,0           -170,0                         385,0      594,5170
2   MADEJOVÁ           Denisa           CZE       27    73,00     Open      -75,0    125,0       135,0         #                         -85,0        85,0            87,5   er                  155,0         160,0           -162,5                         382,5      599,3775
1   OTTER              Nadja            GER       34    81,90     Open      -82,5    195,0       212,5   wr    220,0   wr                135,0 wr    142,5    wr     147,5   wr                  225,0 wr      245,0    wr     -250,0    wr                   612,5   wr 906,3775
1   KÜNG               Larissa          SUI       28    89,40     Open      -90,0    150,0       170,0         185,0                      90,0       100,0          -107,5                       170,0         190,0            202,5                         487,5      694,4925

    Men / Teens + Juniors
1   DOKULIL             Roman           CZE       17    88,50    T16-17     -90,0   -170,0       170,0         185,0                     120,0        135,0          142,5                       220,0         240,0           -250,0                         567,5        555,5825
2   NOVOTNÝ             Marek           CZE       17    85,50    T16-17     -90,0    180,0       190,0        -200,0                     100,0       -110,0          110,0                       200,0         220,0           -250,0                         520,0        521,0400
1   KRUSE               Eric            GER       16    98,30    T16-17    -100,0    210,0      -230,0   wr    230,0   wr                115,0        125,0 er      -137,5                       230,0         250,0    er     -255,0                         605,0   er   557,6890
1   FULLAJTÁR           Dominik         SVK       18    71,90    T18-19     -75,0    160,0       170,0         180,0                      80,0         90,0          100,0                       160,0         180,0            200,0                         480,0        558,5280
2   SCHWEITZER          Máté            HUN       18    72,40    T18-19     -75,0    115,0       125,0         135,0                      70,0         80,0          -85,0                       145,0         155,0           -160,0                         370,0        427,7940
1   MALIŠKA             Ondřej          CZE       19    80,00    T18-19     -82,5    195,0 wr    205,0   wr   -210,0   wr                130,0 er     135,0 wr       140,0   wr    142,5 wr      220,0        -230,0    er      230,0    er                   575,0   er   606,0500
2   UNTERMAYER          Adrián          SVK       18    79,40    T18-19     -82,5    130,0       145,0         155,0                      95,0        105,0          110,0                       200,0         215,0           -225,0                         480,0        509,3760
1   KOVALČÍK            Dominik         CZE       18    89,10    T18-19     -90,0   -245,0      -265,0   wr    265,0   wr                150,0        160,0          171,0   wr                  230,0         237,5            242,5                         678,5   wr   661,6732
2   SCHEJBAL            Ondřej          CZE       18    88,70    T18-19     -90,0    210,0      -230,0        -230,0                     110,0        120,0         -125,0                       225,0         235,0            240,0                         570,0        557,5740
3   BAKONYVÁRI          Kristóf         HUN       18    87,00    T18-19     -90,0     90,0      -100,0         100,0                      95,0        100,0          102,5                       115,0         125,0            140,0                         342,5        339,0750
1   WELTZER             Tom             GER       19    97,20    T18-19    -100,0    230,0      -235,0        -235,0                     125,0        130,0          135,0                       235,0         245,0            250,0                         615,0        569,6130
1   HANSÍK              Jiří            CZE       23    66,80    Junior     -67,5    170,0       183,0   wr   -188,0   wr                 95,0        102,5          107,5                       185,0         200,5    wr      205,0    wr       -207,5 wr   495,5   er   619,7714
2   BARI                Gabriel         SVK       23    66,60    Junior     -67,5    140,0       150,0        -160,0                     110,0        115,0          120,0                       180,0         191,0           -205,0                         461,0        578,5550
1   PROKEŠ              Antonín         CZE       20    71,60    Junior     -75,0   -200,0       200,0         212,5   wr                105,0        115,0         -117,5                      -220,0         220,0           -240,0    wr                   547,5        639,6990
2   ŠUŠKA               František       SVK       22    75,00    Junior     -75,0    190,0       205,0        -212,5   wr                125,0        130,0         -135,0                       180,0         200,0           -210,0                         535,0        597,5950
3   BRŮŽEK              David           CZE       20    73,30    Junior     -75,0    175,0      -195,0        -195,0                     105,0        115,0         -117,5                       180,0         195,0           -210,0                         485,0        553,9670
4   STARKEY             Dalton          USA       23    73,50    Junior     -75,0    135,0       155,0        -175,0                      95,0        100,0         -107,5                       185,0         210,0           -225,0                         465,0        529,6350
5   TOBOLA              Vojtěch         CZE       23    74,60    Junior     -75,0    150,0       160,0        -170,0                     115,0        120,0          125,0                       120,0        -170,0            #                             405,0        454,5720
1   MULEJ               Tine            SLO       22    81,70    Junior     -82,5   -240,0 wr    240,0   wr    255,0   wr                145,0 er     #              #                           270,0 wr     -285,0           -285,0                         670,0   wr   694,5220
2   WARTIG              Alexander       GER       21    77,40    Junior     -82,5   -200,0       200,0        -205,0                     130,0        137,5          #                           210,0         220,0           -230,0                         557,5        604,9990
1   HAJDÚ               Balázs          HUN       20    88,30    Junior     -90,0   -240,0       250,0        -265,0                     160,0        180,0 wr       185,0   wr                  250,0         280,0           -300,5    wr                   715,0   wr   701,1290
2   TENKÁČ              Antonín         CZE       20    88,70    Junior     -90,0    255,0      -275,0   wr   -275,0   wr                140,0        152,5          162,5                       240,0         257,5            265,0                         682,5        667,6215
3   HESSE               Kevin           GER       20    89,30    Junior     -90,0   -250,0       250,0        -265,0                     130,0        140,0          147,5                       245,0         260,0           -265,0                         657,5        640,1420
4   BIHARI              Peter           SVK       22    85,90    Junior     -90,0   -190,0      -190,0         190,0                     125,0        135,0          140,0                       200,0         210,0            220,0                         550,0        549,3400
5   BRYŁA               Rafał           POL       23    86,90    Junior     -90,0    170,0      -175,0        -177,5                     130,0        137,5          140,0                       190,0         200,0            205,0                         515,0        510,2620
    DVOŘÁČEK            Martin          CZE       20    89,40    Junior     -90,0   -285,0      -285,0        -300,0                     #            #              #                           #             #                #                               0,0        0,0000
    KLEUß               Marcel          GER       21    89,00    Junior     -90,0   -220,0      -220,0        -220,0                     #            #              #                           #             #                #                               0,0        0,0000
1   GLOBA               Alexandr        CZE       23    98,80    Junior    -100,0   -250,0       250,0         262,5                     150,0        160,0          162,5                       250,0         275,0           -285,0                         700,0        643,8600
2   ONDRÁK              Jan             CZE       23    99,40    Junior    -100,0   -240,0      -240,0         240,0                     160,0       -170,0          170,0                       270,0         280,0           -285,0                         690,0        633,0060
3   NÉMETH              Richárd         HUN       23    99,50    Junior    -100,0    220,0       230,0         242,5                     175,0       -180,0         -180,0                       265,0         270,0           -280,0                         687,5        630,4375
4   KUNC                Tomáš           CZE       22    100,00   Junior    -100,0   -240,0       250,0         260,0                     130,0       -135,0          135,0                       260,0         270,0           -280,0                         665,0        608,4750
5   MARVAN              Zdeněk          CZE       20    97,90    Junior    -100,0    235,0       250,0         260,0                     150,0        160,0         -165,0                       220,0         235,0           -250,0                         655,0        604,8270
6   KEREPESI-KOVÁCS Miklós              HUN       20    97,20    Junior    -100,0    190,0       202,5         210,0                     115,0        125,0         -130,0                       240,0         250,0            260,0                         595,0        551,0890
1   NAGY                János Rajmund   HUN       23    110,00   Junior    -110,0    300,0 wr    315,0   wr    325,0   wr                185,0        195,0          200,5   wr                  340,0 wr      355,0    wr     -362,5    wr                   880,5   wr   779,2425
2   LITVINENKO          Wladimir        GER       21    103,20   Junior    -110,0   -250,0       250,0         270,0                     155,0        162,5          165,0                       270,0         290,0           -300,0                         725,0        655,4000
3   ADORJÁN             Ádám            HUN       22    107,50   Junior    -110,0    260,0       270,0         280,0                     135,0        145,0          #                           285,0         295,0           -302,5                         720,0        641,5200
4   VÁVRA               Jakub           CZE       23    101,60   Junior    -110,0   -205,0       205,0         225,0                     145,0        155,0         -165,0                       220,0         235,0           -250,0                         615,0        559,0350
1   SOMOROVSKÝ          Patrik          SVK       22    119,80   Junior    -125,0    280,0       305,0   er   -315,0   er                170,0        180,0          190,0                       290,0         305,5    wr      309,0    wr                   804,0   er   694,6560
2   FARKAS              Bálint          SVK       22    118,60   Junior    -125,0    280,0       290,0        -300,0                     165,0        175,0         -185,0                       285,0         295,0           -306,0    wr                   760,0        658,1600

    Men / Masters
1   GREGORČIČ          Erni             SLO       41    73,90    M40-44     -75,0    190,0       202,5        -212,5 wr                  140,0        145,0         -151,0 wr                    225,0         240,0            250,0 wr          -256,0 wr   597,5        677,3260   680,7127
1   ŠESTÁK             Tomáš            CZE       44    78,00    M40-44     -82,5    185,0       197,5         205,0                     107,5        115,0         -120,0                       220,0         235,0            245,0 wr          -252,5 wr   565,0        609,0700   635,8691
1   BAKÓ               Mihály           HUN       43    88,90    M40-44     -90,0    180,0       205,0         #                         125,0        135,0         -142,5                       210,0         220,0            230,0                         570,0        556,7760   572,3657
1   MACEÁŠIK           Petr             CZE       42    97,40    M40-44    -100,0    230,0       240,0         250,0                     200,0        210,0          #                           260,0         280,0           -300,0                         740,0        684,7960   694,3832
2   HORÁK              Martin           CZE       40    97,80    M40-44    -100,0    215,0       220,0         225,0                     155,0       -165,0          165,0                       225,0         235,0           -242,5                         625,0        577,3750   577,3750
1   HRON               Petr             CZE       40    107,90   M40-44    -110,0   -240,0       240,0         250,0                     170,0        185,0         -190,0                       250,0         270,0           -280,0 wr                      705,0        627,4500   627,4500
2   LAUENSTEIN       Michael     GER   41   107,30    M40-44     -110,0    215,0         225,0        -230,0                    185,0         195,0   wr   -200,0   wr                260,0         270,0        -281,0   wr   281,0 wr    690,0        615,3420   618,4187
1   SCHMIDT          Ronny       GER   42   110,10    M40-44     -125,0    180,0         200,0        -210,0                    140,0         150,0        -155,0                     200,0        -220,0         220,0                    570,0        504,2220   511,2812
2   MAJSTRÁK         Ľubomír     SVK   43   115,40    M40-44     -125,0    120,0         130,0         140,0                     80,0          90,0         100,0                     120,0         130,0         140,0                    380,0        331,3600   340,6380
1   ŠNAJDR           Miloš       SVK   40   136,20    M40-44     -140,0    280,0         300,0        -315,0   wr               210,0   wr    220,0   wr    230,0   wr                320,0   wr    340,0   wr    #                        870,0   wr   735,1500   735,1500
2   KARALYOS         Tibor       HUN   43   131,50    M40-44     -140,0    280,0          #            #                        140,0         150,0         #                         280,0         #             #                        710,0        603,5000   620,3980
3   ROSA             Radek       CZE   43   132,10    M40-44     -140,0   -250,0         250,0         260,0                    150,0        -160,0         160,0                     260,0         275,0        -291,0   wr               695,0        590,0550   606,5765
1   KISS             László      HUN   48   98,90     M45-49     -100,0    260,0         283,0   wr    #                        150,0        -160,0        -160,0                     260,0         283,0   wr    #                        716,0   wr   658,2904   733,3355
2   HUDEC            Marian      SVK   47   97,80     M45-49     -100,0    180,0         200,0        -210,0                    150,0         160,0         165,0                     210,0         230,0        -240,0                    595,0        549,6610   602,4285
1   AUF-DER-MAUR     Urs         SUI   49   106,80    M45-49     -110,0   -270,0         270,0         285,0                    160,0         170,0         180,0                     300,0         322,5         #                        787,5        703,0800   795,8865
2   PUKÁČ            Tibor       SVK   46   107,00    M45-49     -110,0    250,0         265,0        -270,0                    160,0         165,0         167,5                     235,0         242,5         245,0                    677,5        604,3300   651,4677
1   MAREŠ            Václav      CZE   49   120,70    M45-49     -125,0   -255,0         255,0         #                        185,0         205,0         220,0        -225,0 wr   -270,0         270,0         300,0                    775,0        668,8250   757,1099
2   KLAUZ            Rafał       POL   46   112,30    M45-49     -125,0    200,0         215,0        -230,0                    150,0         160,0        -170,0                     230,0         250,0        -260,0                    625,0        549,2500   592,0915
1   UDOVIČ           Denis       SLO   47   125,50    M45-49     -140,0    260,0   wr   -280,0        -300,0                    180,0   wr    200,0   wr   -220,0                     280,0   wr    300,0   wr    320,0   wr               780,0   wr   668,4600   732,6321
1   SEDLÁČEK         Tomáš       CZE   52   98,90     M50-54     -100,0    230,0   wr    245,0   wr    #                        145,0   wr    155,0   wr    #                         230,0   wr    250,0   wr   -260,0   wr               650,0   wr   597,6100   709,3631
1   BACKHAUS         Bernd       GER   52   107,40    M50-54     -110,0    250,0         270,0        -280,5   wr              -155,5   er    160,0        -163,0   wr                250,0        -270,0        -270,0                    680,0        606,1520   719,5025
1   VARGA            Tibor       HUN   52   115,70    M50-54     -125,0   -140,0         140,0         150,0                    150,0         165,0        -170,5   wr                180,0         210,5   wr    #                        525,5        457,8156   543,4272
1   ŠEHOVIĆ          Sejfo       BIH   58   72,20     M55-59      -75,0    160,0        -170,0        -175,0   wr               100,0         105,0         #                         210,0         220,0        -230,0   wr               485,0        562,0180   742,9878
2   OVERHOLT         David       USA   57   71,70     M55-59      -75,0    112,5         120,0        -130,0                     65,0         -70,0         -70,0                     150,0         160,0        -172,5                    345,0        402,5460   522,1022
    HAKKI            Bozat       TUR   56   71,10     M55-59      -75,0    130,0        -135,0        -140,0                    100,0         105,0        -110,0                    -180,0        -185,0        -185,0                      0,0        0,0000     0,0000
1   RIEDEL           Detlef      GER   57   81,90     M55-59      -82,5    210,0   wr    225,0   wr    232,5   wr               125,0   wr    132,5   wr    137,5   wr                200,0         212,5   wr    217,5   wr               587,5   wr   607,9450   788,5046
2   FOLTAS           Gottfried   GER   59   81,90     M55-59      -82,5    135,0         145,0         155,0                     80,0          90,0          95,0                     175,0        -200,0         #                        425,0        439,7900   593,7165
1   GABRHEL          Jozef       SVK   61   72,80     M60-64      -75,0    115,0         125,0         135,0                     95,0         101,0   wr    #                         140,0         #             #                        376,0        432,4752   609,7901
1   SOCHAŃSKI        Stefan      POL   68   89,50     M65-69      -90,0    160,0        -175,0         180,0   wr                90,0          95,0         #                         185,0         205,0        -220,0   wr               480,0        466,5600   760,4928
1   ESSER            František   CZE   71   82,30     M70-74      -82,5     60,0   wr     80,0   wr    100,0   wr                80,0   wr    100,0   wr   -110,0   wr                160,0   wr    170,5   wr    #                        370,5   wr   381,8373   664,3969
1   MIELCH           Ulrich      GER   77   76,90     M75-79      -82,5     65,0          72,5         -77,5   wr                55,0   wr     60,0   wr     62,5   wr                 95,0         110,0         117,5   wr               252,5   wr   275,5280   545,5455

    Men / Open + Submasters
1   ROTAR            Martin      SLO   25   66,80    Open         -67,5   -180,0         180,0         190,0        200,0 er   115,0          120,0         125,0        -130,5 er    195,0         202,5         210,0        -215,0 er   525,0   er 656,6700
2   KRAUSE           Daniel      GER   24   65,20    Open         -67,5    140,0         150,0        -155,0                   100,0          107,5        -112,5                     200,0         212,5   er   -215,0   er               470,0      604,0440
1   WIERZBICKI       Adrian      POL   24   71,50    Open         -75,0    140,0         155,0         170,0                   105,0          112,5         117,5                     190,0        -205,0         205,0                    492,5      576,2250
2   STRÁNSKÝ         Vladimír    CZE   26   74,80    Open         -75,0   -160,0        -165,0         165,0                   100,0          107,5         112,5                    -170,0         180,0        -200,0                    457,5      512,1255
3   DROLC            Matjaž      SLO   25   73,80    Open         -75,0    115,0         120,0         125,0                    90,0           95,0        -100,0                     120,0         130,0        -140,0                    350,0      397,3200
1   STOPAR           Simon       SLO   33   82,40    Open         -82,5    270,0         283,0   wr   -290,0   wr              145,0          150,0         155,0                     265,0 er      275,0   wr   -285,0   wr   -285,0 wr   713,0   wr 734,2474
2   HELWIG           Marcin      POL   30   81,60    Open         -82,5    225,0        -232,5         232,5                   155,0          162,5         167,5                     245,0         257,5         265,0                    665,0      690,1370
3   KÉRI             Marek       SVK   24   80,20    Open         -82,5    190,0         200,0         207,5                   120,0          125,0        -130,0                     225,0         237,5         242,5                    575,0      604,6700
4   FLORIAN          Michal      CZE   32   81,50    Open         -82,5    180,0         190,0        -202,5                   130,0         -135,0        -135,0                     210,0         220,0        -225,0                    540,0      561,0600
5   BUZINKAY         Viliam      CZE   31   82,30    Open         -82,5    180,0        -210,0        -210,0                   140,0          150,0         160,0                     180,0        -195,0         #                        520,0      535,9120
6   CSOMA            Péter       HUN   24   79,20    Open         -82,5   -160,0         170,0        -180,0                    82,5           90,0          95,0                     170,0         182,5        -190,0                    447,5      475,9610
1   ENGEL            Marvin      GER   25   88,90    Open         -90,0   -250,0         250,0        -260,0                   170,0          180,0        -185,0                     300,0        -305,0   wr   -305,0   wr               730,0      713,0640
2   KLIMO            Peter       SVK   31   89,70    Open         -90,0    270,0        -286,0   wr    286,0   wr              140,0          150,0        -155,0                     230,0         250,0         265,0                    701,0      680,2504
3   KRAUS            Pavel       CZE   28   89,20    Open         -90,0    190,0         205,0        -220,0                   140,0         -150,0         150,0                     225,0         245,0        -255,0                    600,0      584,6400
    HANOL            Dániel      HUN   24   88,00    Open         -90,0   -175,0        -175,0        -175,0                   #              #             #                         #             #             #                          0,0      0,0000
1   TUMPEK           Róbert      HUN   24   97,20    Open        -100,0    285,0         295,0         305,0   wr              155,0          165,0         170,0                     280,0         300,0         305,0                    780,0      722,4360
2   SZABÓ            Balázs      HUN   29   99,80    Open        -100,0    265,0         280,0         290,0                   155,0          165,0         170,0                     300,0         317,5        -322,5                    777,5      712,0345
3   MITERA           Andrzej     POL   29   99,40    Open        -100,0    260,0         285,0        -295,0                   170,0          180,0         190,0                     260,0        -285,0         285,0                    760,0      697,2240
4   ELSNIC           Bohumil     CZE   30   99,80    Open        -100,0    220,0        -230,0         230,0                   155,0          165,0         170,0                     250,0        -265,0         265,0                    665,0      609,0070
5   THIEDE           Christian   GER   34   99,00    Open        -100,0   -220,0         220,0        -235,0                   155,0          165,0        -172,5                     200,0         220,0         #                        605,0      555,9950
1   FOLPRECHT        Petr        CZE   31   108,10   Open        -110,0    315,0         330,0        -340,5   wr              165,0          175,0         180,0                     310,0         330,0        -340,0                    840,0      747,2640
2   NAVARA           Patrik      CZE   26   109,80   Open        -110,0    265,0         280,0         290,0                   195,0          205,0        -210,0                     290,0         305,0         307,5                    802,5      710,2125
3   PAWLIK           Sebastian   POL   25   107,30   Open        -110,0    300,0        -310,0        -310,0                   200,0          210,0        -215,0                     280,0         290,0        -295,0                    800,0      713,4400
4   MATUŠINEC        Lukáš       CZE   24   109,00   Open        -110,0    285,0         300,0         312,5                   160,0          170,0        -175,0                     290,0         300,0         310,0                    792,5      702,9475
5   LIPKA            Łukasz      POL   25   108,50   Open        -110,0    280,0        -300,0         305,0                   170,0         -175,0        -175,0                     290,0         310,0        -315,0                    785,0      697,8650
6   FLECKENSTEIN     Jan         GER   25   106,10   Open        -110,0   -240,0         240,0         260,0                   195,0          202,5         207,5                     260,0         275,0        -280,0                    742,5      664,2405
7   GRILLMEIER       Andreas     GER   29   104,10   Open        -110,0    240,0         250,0        -260,0                   170,0          175,0         177,5                     260,0         270,0        -280,0                    697,5      628,1685
1   NEMANJA          Tasic       AUT   27   122,20   Open        -125,0    320,0         335,0        -345,0                   210,0          222,5        -227,5                     305,0         315,0        -322,5                    872,5      751,2225
2   ONDRIČKO         Radovan     SVK   27   121,40   Open        -125,0    330,0         350,0   wr   -360,0   wr              185,0          195,0        -200,0                     280,0         300,0        -310,0                    845,0      728,3900
3   WÓJCIK           Rafał       POL   30   111,20   Open        -125,0    240,0         255,0         275,0                   165,0          172,5        -180,0                     290,0         300,0        -310,0                    747,5      658,6970
4   JÄHNEL           Michel      GER   25   121,30   Open        -125,0    205,0         217,5         230,0                   145,0          152,5         157,5                     235,0         250,0        -255,0                    637,5      549,5250
5   SIERADZKI        Damian      POL   27   115,70   Open        -125,0    210,0        -230,0        -230,0                   160,0         -165,0         165,0                     240,0         260,0        -265,0                    635,0      553,2120
1   GOGOLIDZE        Giorgi      GEO   29   140,00   Open        -140,0   -360,0        -360,0         380,0                   200,0          207,5         212,5                     335,0         345,0        -352,5                    937,5      787,5000
2   OPALIC           Nihad       AUT   32   140,00   Open        -140,0   -310,0         315,0        -340,0                   185,0         -200,0         205,0                     320,0         335,0         342,5                    862,5      724,5000
    HEGEDÜS          Roland      SVK   30   135,10   Open        -140,0   -290,0        -290,0        -290,0                   #              #             #                         #             #             #                          0,0      0,0000
    ZELENÝ           Jaroslav    CZE   31   126,90   Open        -140,0   -385,0        -400,0   wr    #                       #              #             #                         #             #             #                          0,0      0,0000
1   BARKOCZI         Ján         SVK   25   146,70   Open        140,0     200,0         230,0         240,0                   130,0          140,0         150,0                     200,0         220,0         240,0                    630,0      525,4200
1   BALÁŽIK          Pavel       SVK   38   54,90    Submaster    -56,0    105,0        -115,0         115,0                    75,0           80,0          85,5 wr      -87,5 wr    125,0         135,0         145,0        -155,5 wr   345,5      569,1076
1   BURANSKÝ         Michal      SVK   37   75,50    Submaster    -82,5    150,0        -165,0         165,0                   115,0         -120,0         120,0                    -210,0         210,0         220,0        -230,5 wr   505,0      560,5500
2   PICIGA           Aleks       SLO   35   75,40    Submaster    -82,5    100,0         130,0         #                       100,0          105,0        -110,0                     100,0         135,0         170,0                    405,0      450,1980
4   BARNET           Juraj       SVK   36   86,80    Submaster    -90,0    200,0        -215,0        -220,0                   150,0          160,0        -167,5                     200,0         215,0         225,0                    585,0      580,0860
1   HICKEY           Austin      IRL   37   99,30    Submaster   -100,0    250,0         275,0   wr    #                       175,0          180,0 wr      185,0 wr                  250,0         270,0         #                        730,0   wr 669,9940
1   STÖWESANDT       Lars        GER   38   103,50   Submaster   -110,0    240,0        -250,0         250,0                   192,5          197,5         202,5                     290,0         295,0   wr   -300,0   wr               747,5      674,9925
1   LIPTÁK           Marek       SVK   38   122,60   Submaster   -125,0    260,0         280,0         300,0   wr              215,0 wr       225,0 wr     -232,5 wr                  315,0 wr     -325,0   wr    #                        840,0   wr 722,9040
2   BECHERER    Michael      GER   39   123,10   Submaster   -125,0   240,0    255,0       265,0      150,0       165,0      -175,0                  230,0       240,0       250,0      680,0    584,8000
3   KARWAŃSKI   Przemysław   POL   37   113,90   Submaster   -125,0   210,0   -230,0      -230,0      150,0      -157,5      -157,5                  240,0       260,0      -270,0      620,0    542,5000
1   GÖTZ        Heiko        GER   38   125,20   Submaster   -140,0   260,0   -288,0 wr    288,0      200,0 wr    220,0 wr   -225,0 wr               230,0       260,0       #          768,0 wr 658,3296
2   FIEDLER     René         GER   35   133,00   Submaster   -140,0   230,0    240,0      -250,0      140,0       150,0      -160,0                  220,0       230,0       245,0      635,0    538,4800
1   ŠVEJDA      Jaroslav     CZE   38   143,60   Submaster   140,0    270,0    290,0 wr    300,0 wr   180,0 wr   -190,0 wr    190,0      -200,0 wr   280,0 wr    300,0 wr    310,0 wr   800,0 wr 669,6000
2   SCHMIDT     Stefan       GER   36   147,90   Submaster   140,0    255,0   -282,5 wr   -282,5      140,0       152,5      -162,5                  215,0      -245,0       250,0      657,5    547,3030
