   19-birž-21                  WRPF Lithuanian Championship 2021
                                       WtCl
                               BWt       s                                                                                               Coeff
             Name        Div   (Kg)    (Kg)    Wilks Squat 1 Squat 2 Squat 3Bench 1Bench 2Bench 3Deadlift 1DeadliftDeadlift
                                                                                                                   2        3PL Total    Score
Dainius Repšys           M-A   130,5    140    0,5652 320,0 335,0 345,0 202,5 217,5 225,0           320,0 335,0 355,0 925,0             533,2662
Gilbertas Tamulevičius   M-A   114,0    125    0,5824 285,0 300,0 305,0 200,0 207,5 210,0           270,0 285,0 300,0 800,0             465,9200
Andrius Naglius          M-A    82,1   82,5    0,6719 220,0 235,0 242,5 152,5 162,5 167,5           280,0 300,0 307,5 705,0             473,6895
Gvido Jankovskis         M-A    98,1    100    0,6134 245,0 260,0 270,0 125,0 132,5                 255,0 260,0 265,0 667,5             409,4445
Dainius Matyžonok        M-A   104,6    110    0,5984 200,0 210,0 220,0 150,0 157,5 165,0           240,0 255,0 260,0 637,5             381,4800
Edgaras Stasiukevičius   M-A    88,2      90   0,6451 205,0 215,0 230,0 165,0 172,5                 230,0 245,0                632,5    408,0258
Tomas Petrokas           M-A    98,8    100    0,6116 200,0 212,5 222,5 147,5 155,0 160,0           225,0 235,0 242,5 625,0             382,2500
Stanislav Dzikevič       M-A   118,0    125    0,5772 180,0 190,0 200,0 130,0 130,0 130,0           200,0 215,0 230,0 560,0             323,2320
Milvidas Motekaitis      M-A   102,0    110    0,6039 175,0 185,0 185,0 145,0 145,0 150,0           220,0 230,0 230,0 550,0             332,1450
Evaldas Černiauskas      M-A    88,0      90   0,6459                        200,0 210,0 212,5      230,0 245,0 260,0 472,5             305,1878
Vaidas Zdanavičius       M-A   108,0    110    0,5919                        192,5 197,5            260,0 272,5 280,0 470,0             278,1930
Tadas Kasparavičius      M-A   105,6    110    0,5964 140,0 155,0 170,0 110,0 120,0 120,0           180,0 190,0 200,0 465,0             277,3260
Edgaras Daukšys          M-A    86,3      90   0,6528 160,0 170,0 180,0 90,0 90,0            95,0   180,0 190,0 200,0 460,0             300,2880
Aidas Masiliūnas         M-A    83,9      90   0,6633 160,0 170,0 170,0 110,0 115,0 120,0           170,0 180,0 187,5 457,5             303,4598
Imantas Petrošius        M-A    75,0      75   0,7126 135,0 142,5 150,0 105,0 105,0 110,0           170,0 180,0 190,0 445,0             317,1070
Maris Kipurs             M-A   109,6    110    0,5892                        150,0 157,5 167,5      230,0 250,0 265,0 432,5             259,9256
Andris Lūsis             M-A    82,4   82,5    0,6704                        135,0 140,0 142,5      240,0 250,0 255,0 395,0             264,8080
Albertas Galanovas       M-A    74,4   82,5    0,7166  70,0 85,0              90,0 110,0 115,0      180,0 200,0 210,0 380,0             272,3080
Tomas Beniušis           M-A    80,9   82,5    0,6779 120,0 125,0 125,0 70,0 75,0            82,5   150,0 165,0 170,0 370,0             250,8230
Andrius Martinkus        M-A    63,0   67,5    0,8166  90,0 105,0 115,0 55,0 65,0            67,5   110,0 125,0 135,0 315,0             257,2290
Nojus Jankauskas         M-A    78,1   82,5    0,6933  90,0 105,0 115,0 55,0 65,0            67,5   120,0 135,0 145,0 315,0             218,3895
Ray Ignas Koutonin       M-A    68,1      75   0,7656  70,0 85,0 100,0 65,0 72,5             77,5    90,0 100,0 120,0 277,5             212,4540
Tomas Jurkus             M-N    85,0      90   0,6583                        110,0 115,0 120,0      130,0 140,0 150,0 265,0             174,4495
Letlans Vjeceslavs       M-A    94,7    100    0,6229                        235,0 245,0 252,5                                 245,0    152,6105
Svajūnas Tamulevičius    M-A   121,0    125    0,5738                        220,0 230,0 240,0                                 240,0    137,7120
Vladimir Agasaryan       M-A    82,2   82,5    0,6714                        170,0 172,5 175,0                                 172,5    115,8165
Vladimer Iljin           M-N    80,7      90    0,679                         90,0 105,0 105,0                                 105,0     71,2950
August Jasinski          M-N    85,9      90    0,654                        100,0 105,0 110,0                                 105,0     68,6700
Pavel Grigorjevs   M-A   82,3 82,5   0,6709   167,5 167,5   167,5   0,0   0,0000
