                                                        Kent, Surrey & Sussex 2015
                                                        21st June 2015 @ Working
                                                WtCls                                                                                (1) PL      (2)
Name                   Team   Div    Bwt (kg)           SQ-1    SQ-2    SQ-3     BP-1    BP-2     BP-3     DL-1    DL-2     DL-3
                                                 (kg)                                                                                 Total   Wilks Pts
Adam Reilly           KE      M-O     70.5         74    110     120    -125       75     82.5      85      150     160      165       370     275.76
Toby Dore             SUS     M-O     81.1         83    150     160    -165       90     -95      -95      165    172.5     180       430     291.07
James Blanchard       KE      M-O     73.7         74    190     195    -200      130    -135               190     200     -205       525     378.74
Sam Tomkins           KE      M-O     73.65        74    135     145    152.5    102.5   107.5     112.5    190     210     212.5     477.5    344.61
Drew Blackman         SUR     M-O     92.55        93    180     200     205      120     130       135     190     205      220       560     352.58
Richard Perfield      SUS     M-O       86         93    170     185     200     -140     150       160     200     220      235       595     389.13
Josh Beckerleg        SUR     M-O     86.25        93    170    -185     190      110     120     -122.5    210    -235     -235       520     339.56
Matt Morsia           KE      M-O     99.55       105   -235     250    -255     -155     155       160     240     250      255       665     405.45
Carl Louden           SUR     M-O     91.4         93    180     200     205      150     160     -167.5    230     250      260       625     395.94
Gareth Griffiths      SUR     M-O     89.3         93    190     200    -210      130    -135       135    262.5   272.5    -280      607.5    389.41
Calum Nichols         SUR     M-O     123.7     120+     200                      160     170      177.5    260     280     -300      657.5    375.50
Daryl Rogers          SUR     M-O     89.9         93                            -155    -155                                           0       0.00
Terry Vine            SUS     M-1     67.8         74     65    -75       80       50     -60      65       60       70       85       230     176.71
Keith Purcell         SUS     M-1     96.9        105     80     90      110       70      80      90       135     160      170       370     228.14
James Gordon          SUR     M-1      104        105    120    135     -145     -110     110      125      155     170      185       445     266.82
Justin Jakubait       SUR     M-1     100.8       105    190    200      210      125     135     -140      160     185      195       540     327.62
Nicholas Grundy       KE      M-1     117.6     120+     180    200     -210      130    -140     -140      200     210      220       550     317.74
Simon Lee             SUS     M-2     92.5         93    160    175      180      120     130      135      210     225      235       550     346.39
Steve Blackwell       SUR     M-2     102.7       105    180                      140                       240                        560     337.34
Julie Briggs          KE       F-2      67         72     55      65      72.5     30      37.5   42.5      80        90     102.5    217.5    223.18
Sally Healy           SUR     F-O     60.8         63     65    72.5      77.5   42.5       45     -50      95     -102.5     105     227.5    251.05
Caoilann Appleby      SUS     F-O     65.6         72     70      75       80      45       50     -55      100      110      115      245     255.29
Gersharron Shergill   KE       F-J    56.3         57     65      70      72.5     35     -37.5   37.5      115      120     -125      230     269.49
Kieron Pilcher        KE      M-SJ    66.6         74     65      75     -77.5     55      62.5   67.5      120      130      135     277.5    216.28
Tabetha Mitchell      SUS     F-O     63.3         72     95     100      105    57.5       60    62.5      125      130      135     302.5    323.71
James Long            SUR     M-SJ    78.3         83    160     165    -167.5    115    -122.5   122.5     150      165     172.5     460     318.41
Leigh Wetheridge      KE       F-J    94.5       84+     130     140      150      70       75      80      160      170      180      410     347.68
Konrad Lipinski       SUR     M-SJ    69.05        74   -165     170      175      40                       170      180      190      405     306.71
Bradley May           SUR     M-SJ    103.4       105    160    -180     -180     105    -112.5   -112.5    185      195      210      475     285.43
Sam Thirlwell         SUR     M-SJ     104        105    165     170     -180     100      105     -110     190      200      205      480     287.81
George Lipscombe      KE      M-SJ    91.6         93    195     205      210    102.5    107.5    112.5    190      200      210     532.5    336.97
James Balchin         SUR     M-J     82.95        83    190     200    -207.5    130      135      140     195      205     212.5    552.5    368.90
Tom Hosking           SUR     M-J     92.3         93    180    -190      190     120      125     127.5    200      220      225     542.5    342.05
Charlie Bolton        SUR     M-SJ    102.1       105    185     195     -200     100     107.5    112.5    220      230      240     547.5    330.53
James Sieber          SUR     M-J     101.5       105    200    -210     -210     120     127.5   -132.5    245      255     262.5     590     356.95
Aiden Bell            KE      M-J     56.45        59    115    127.5    -135    77.5      82.5    -87.5   147.5   -157.5   -157.5    357.5    322.93
Nathaniel Shaw        SUR     M-J     65.7         66    150                       90      100      110     180      190      195      455     358.59
Daniel Ben-Chorin     SUS     M-J     82.4         83   197.5   207.5   212.5    132.5    137.5    142.5    215      230      245      600     402.24
Christopher Corbin    SUR     M-J     119.7     120+     210     220     230      135      140      145     225     242.5     255      630     362.44
Harry O’Neilly        SUR     M-J     99.25       105    190     200     210      155     -165      165     240     -250     -250      615     375.40
