               UPA Raw Powerlifting Championship-Lb Results
                            BWt    WtCls                                      Best       Coeff
       Name    Age   Div                   Schwartz   Bench 1 Bench 2 Bench 3                     Pl-Div-WtCl
                            (Kg)   (Kg)                                      Bench       Score
Tom Fox        63    MM5R   73.9    75     0.6797     187.39 -203.93 -203.93 187.391    57.7745    1-MM5R
Steve Reiger   49    MOR    74.6    75     0.6673     303.13 325.18 -330.69 325.1785   98.42675   1-MOR-75      *Best Lifter
          21-Jan-17 UPA Raw Powerlifting Championship-Lb Results

                                     BWt     WtCls                                         Best                                 Best     Sub     Deadlift   Deadlift   Deadlift    Best                    Coeff
       Name         Age      Div                     Schwartz   Squat 1 Squat 2 Squat 3          Bench 1   Bench 2 Bench 3                                                                   PL Total                Pl-Div-WtCl
                                     (Kg)    (Kg)                                         Squat                                Bench    Total      1          2          3        Deadlift                 Score
Brian Richmond       26    MOR-AD     74.6     75    0.6673 308.64 -341.71 363.76         363.76 198.41     220.46   -242.51   220.46   584.22    325.18     385.81    -424.39    385.81      970.024     293.612    1-MOR-AD-75
Jay Fresh            23    MOR-AD     81.2    82.5   0.6262 -562.17 562.17 -584.22        562.17 286.6     -303.13   -303.13   286.6    848.77   -551.15     562.17     584.22    584.22      1432.99      407.03    1-MOR-AD-82.5
Robert Grell         36    MOR-AD     81.6    82.5   0.6241 518.08 540.13 -573.2          540.13 292.11    -325.18   -325.18   292.11   832.24    501.55     551.15    -584.22    551.15     1383.3865   391.62275   2-MOR-AD-82.5
Jason Dura           25    MOR-AD     77.4    82.5   0.6486 473.99 -512.57 512.57         512.57 308.64    -319.67   -319.67   308.64   821.21   -523.59     523.59     556.66    556.66     1377.875     405.375    3-MOR-AD-82.5
Patrick Thompson     25    MOR-AD     81.4    82.5   0.6251 440.92 -485.01 -485.01        440.92 275.58     292.11   -303.13   292.11   733.03    473.99     501.55     523.59    523.59     1256.622     356.307    4-MOR-AD-82.5
Taylor Noles         24    MOR-AD      77     82.5   0.6511 363.76 385.81 -407.85         385.81 203.93    -225.97   -225.97   203.93   589.73    347.22     363.76    -385.81    363.76     953.4895    281.60075   5-MOR-AD-82.5
Brandon Blanchard    25    MOR-AD     89.6     90    0.5869 518.08 551.15 573.2            573.2 363.76     391.32   -402.34   391.32   964.51    540.13      573.2     584.22    584.22     1548.7315   412.29725   1-MOR-AD-90
Brady Kness          23    MOR-AD     97.2    100    0.5613 451.94 490.52 507.06          507.06 292.11     308.64    314.16   314.16   821.21    468.48    -507.06     507.06    507.06     1328.2715   338.18325   1-MOR-AD-100
Braxton Edwards      30    MOR-AD    118.2    125    0.5286 369.27 396.83 429.9            429.9 352.74    -374.78   -374.78   352.74   782.63    413.36     440.92    -501.55    440.92     1223.553     293.373    1-MOR-AD-125
David Raymond        25     MOR       66.8    67.5   0.7327 529.1 -584.22 600.75          600.75 308.64     325.18    341.71   341.71   942.47    501.55     551.15     584.22    584.22     1526.6855   507.39475   1-MOR-67.5
David Thompson       24     MOR       74.6     75    0.6673 473.99 512.57 529.1            529.1 319.67     352.74   -363.76   352.74   881.84    501.55     551.15     -573.2    551.15      1432.99     433.745     1-MOR-75
Kyle Low             28     MOR       74.6     75    0.6673 -413.36 413.36 -435.41        413.36 253.53    -264.55    264.55   264.55   677.91    501.55      529.1    -556.66     529.1     1207.0185   365.34675    2-MOR-75
Derek Stoddard       24     MOR        82     82.5   0.6219 374.78 402.34 -424.39         402.34 275.58    -303.13   -303.13   275.58   677.91    451.94     473.99     501.55    501.55     1179.461     332.7165   1-MOR-82.5
Jesse Ramos          25     MOR       81.6    82.5   0.6241 -413.36 -413.36 413.36        413.36 225.97    -242.51   -242.51   225.97   639.33    424.39     446.43    -501.55    446.43     1085.7655   307.36925   2-MOR-82.5
Jon Sodawasser       23     MOR       87.8     90    0.5943 473.99 490.52 518.08          518.08 341.71     358.25   -369.27   358.25   876.33    473.99     496.04     501.55    501.55     1377.875     371.4375    1-MOR-90
Jay Kortemeyer       20     MOR       87.4     90    0.596 396.83 413.36 429.9             429.9 341.71     352.74   -363.76   352.74   782.63    396.83     418.87     446.43    446.43     1229.0645     332.27     2-MOR-90
Matt Meek            36     MOR       98.2    100    0.5586 551.15 584.22 600.75          600.75 308.64     325.18    347.22   347.22   947.98     573.2     600.75     611.78    611.78     1559.7545    395.2095    1-MOR-100
Kellen Madison       33     MOR       98.4    100    0.5581 501.55 523.59 551.15          551.15 330.69     347.22    358.25   358.25   909.4     551.15     584.22     600.75    600.75     1510.151     382.2985    2-MOR-100
Anthony Stoddard     25     MOR       97.8    100    0.5597 507.06 551.15 584.22          584.22 281.09     303.13   -325.18   303.13   887.35    501.55     545.64     567.68    567.68     1455.036     369.402     3-MOR-100
Ken Johnson          27     MOR       110     110    0.5365 523.59 551.15 -573.2          551.15 402.34    -424.39   -424.39   402.34   953.49    551.15     584.22    -606.27    584.22     1537.7085   374.20875    1-MOR-110
Justin Simmien       28     MOR       109     110    0.5377 578.71 -606.27 606.27         606.27 303.13    -314.16   -319.67   303.13   909.4     578.71     606.27    -611.78    606.27     1515.6625   369.66875    2-MOR-110
Dillon Haase         29     MOR      108.4    110    0.5385 523.59 -551.15 -600.75        523.59 385.81    -402.34      0      385.81   909.4        0          0         0          0           0            0           0
Josh Ruppert         31     MOR       125     125    0.521 705.47 727.52 -744.05          727.52 385.81    -402.34    402.34   402.34   1129.9    661.38    -705.47    -705.47    661.38     1791.2375    423.3125    1-MOR-125
Matt Sharafinski     23     MOR      114.6    125    0.5317 639.33 677.91 699.96          699.96 319.67      336.2      0      336.2    1036.2    600.75     633.82    -666.89    633.82     1669.9845   402.76275    2-MOR-125
Tim Wunder           30     MOR      123.2    125    0.5235 501.55 556.66 -600.75         556.66 281.09     325.18   -341.71   325.18   881.84    551.15    -595.24    -595.24    551.15      1432.99     340.275     3-MOR-125
Dan Tomasello        31     MOR      123.4    125    0.5232 650.36 705.47 -804.68         705.47 -413.36   -413.36      0        0        0          0          0         0          0           0            0           0
Devante Krueger      19     MOR      133.4    140    0.5109 633.82 683.43 722.01          722.01 374.78     402.34   -413.36   402.34   1124.3     573.2     606.27     628.31    628.31     1752.657     406.1655    1-MOR-140
Eric Lilliebridge    26     MOR       137     140    0.5067 165.35     0      0           165.35 165.35        0        0      165.35   330.69    788.14     865.31    -942.47    865.31     1195.9955   274.88475    2-MOR-140
Matt Wenning         37     MOR       131     140    0.5138 771.61 832.24     0           832.24    0          0        0        0        0          0          0         0          0           0            0           0
Dan Bell             30     MOR      168.4   SHW     0.4764 881.84    959   1008.6        1008.6 501.55     523.59   -540.13   523.59   1532.2   -804.68     843.26    -870.82    843.26     2375.4565   513.33177   1-MOR-SHW *Best Lifter
Luis Martinez        26     MOR      149.4   SHW     0.4935 584.22 -617.29    0           584.22 451.94    -468.48    468.48   468.48   1052.7    584.22    -617.29    -617.29    584.22     1636.9155   366.42375   2-MOR-SHW
Sokratis Boutos      27     MOR      157.4   SHW     0.4858 374.78 402.34 418.87          418.87 236.99     248.02   -264.55   248.02   666.89    374.78     413.36     435.41    435.41       1102.3       242.9    3-MOR-SHW
22-Jan-17     UPA Raw Powerlifting Championship-Kg Results
                                     WtCls                                         Best   Deadlift Deadlift Deadlift  Best    Push Pull   Coeff
      Name    Age   Div   BWt (Kg)           Schwartz   Bench 1 Bench 2 Bench 3                                                                   Pl-Div-WtCl
                                     (Kg)                                         Bench      1        2        3     Deadlift   Total     Score
                                                                        125.5 1-FOR-AD-90
Alison Browning 24 FOR-AD 87 90 0.6 -48 58 60 60 130 140 150 150 210
                                                                         38
                                                                        260.6
Tim Grissel     44 MM1R 125 125 0.5 103 175 193 193 275 290 308 308 500       1-MM1R
                                                                          5
          22-Jan-17 UPA Raw Powerlifting Championship-Lb Results

                                  BWt    WtCls                                  Best                                      Best     Sub   Deadlift Deadlift Deadlift  Best                    Coeff
       Name         Age     Div                  Schwartz   Squat 1 Squat 2 Squat 3   Bench 1       Bench 2 Bench 3                                                            PL Total              Pl-Div-WtCl
                                  (Kg)   (Kg)                                  Squat                                     Bench     Total    1        2        3     Deadlift                 Score
Tiffany Gilbert      44    FM1R   58.4     60    0.8361 77.161    0       0    77.161 77.161         -93.696   -93.696   77.161   154.32 137.79      0        0     137.79     292.1095    110.78325   1-FM1R
Tisha Timan          39    FSMR    56      56    0.8748 203.93 231.48 -248.02 231.48 121.25          -132.28   -132.28   121.25   352.74 248.02 270.06        0     270.06     622.7995     247.131    1-FSMR
Tamecia Robinson     37    FSMR    90      90    0.5853 159.83 170.86 187.39 187.39 99.207           -104.72   -110.23   99.207   286.6 264.55 275.58 292.11 292.11            578.7075    153.64125   2-FSMR
Paige Barsema        23     FJR   67.2    67.5   0.7287 231.48 -242.51 242.51 242.51 126.76           132.28    -143.3   132.28   374.78 242.51 253.53 -264.55 253.53           628.311    207.6795     1-FJR
Katelyn McIntyre     20     FJR   73.2     75    0.6774 -264.55 264.55 -281.09 264.55 88.184          99.207   -110.23   99.207   363.76 264.55 -286.6 292.11 292.11           655.8685    201.5265     2-FJR
Megan Henschel       22    FOR    73.2     75    0.6774 341.71 374.78 -396.83 374.78 137.79           159.83   -181.88   159.83   534.62 330.69 358.25 -374.78 358.25           892.863     274.347   1-FOR -75
Gabrielle Lentz      27    FOR    79.8    82.5   0.6341 159.83 176.37 203.93 203.93 99.207            110.23   -121.25   110.23   314.16 248.02 264.55 297.62 297.62           611.7765    175.96275 1-FOR -82.5
                                                                                                                                                                                                                  *Best
Hayley Norpel        25     FOR   88.4     90    0.5918 407.85 435.41 457.45 457.45 209.44 236.99 -248.02 236.99                  694.45 407.85 440.92 -451.94       440.92    1135.369     304.777     1-FOR -90 Lifter
Amy Ward             30     FOR   88.6     90     0.591 121.25 132.28 -154.32 132.28 82.673 -93.696 93.696 93.696                 225.97 192.9 214.95 -236.99        214.95     440.92       118.2      2-FOR -90
Tisha Timan (AD)     39   FSMR-AD 56       56    0.8748 203.93 231.48 -248.02 231.48 121.25 -132.28 -132.28 121.25                352.74 248.02 270.06     0         270.06    622.7995     247.131    1-FSMR-AD
Katie Morio          38   FSMR-AD 66.2   67.5    0.7387 242.51 253.53 -259.04 253.53 121.25 -132.28 -132.28 121.25                374.78 253.53 270.06 -281.09       270.06    644.8455    216.06975   2-FSMR-AD
Christine Svoboda    23    FJR-AD 60.2   67.5    0.8101 214.95 242.51 -264.55 242.51 137.79 -143.3 -143.3 137.79                  380.29 314.16 -330.69 -330.69      314.16     694.449    255.1815     1-FJR-AD
Erin Weizeorick      20    FJR-AD 48       48    1.0469 110.23 -115.74 115.74 115.74 82.673 88.184 -99.207 88.184                 203.93 170.86 198.41 -209.44       198.41    402.3395    191.05925    2-FJR-AD
Sophia Woychik       19      FT3 114.6   SHW     0.5317 424.39 446.43 457.45 457.45 209.44 225.97 -236.99 225.97                  683.43 391.32 418.87 435.41        435.41    1118.8345   269.83775      1-FT3
Kaley Cedeno         24    FOR-AD 67.2   67.5    0.7287 203.93 231.48 242.51 242.51 148.81 165.35 170.86 170.86                   413.36 314.16 -336.2 -369.27       314.16     727.518     240.471    1-FOR-AD-67.5
Larry Soderberg      66     MM6R 96.4     100    0.5636 330.69 -352.74 -352.74 330.69 369.27 374.78 -380.29 374.78                705.47 457.45 468.48 479.5         479.5     1184.9725    302.935      1-MM6R
Ben Kenner           41     MM1R 140      140    0.5034 496.04 518.08 -540.13 518.08 -275.58 -275.58 -275.58   0                     0      0      0       0           0           0           0             0
Tyler Videka         23      MJR  94.2    100    0.5704 518.08 562.17 600.75 600.75 330.69 352.74 369.27 369.27                   970.02 -507.06 551.15 584.22       584.22    1554.243     402.132       1-MJR
Josh Clark           21      MJR  145    SHW     0.4979 584.22 622.8 655.87 655.87 385.81 407.85 -418.87 407.85                   1063.7 584.22 -644.85 644.85       644.85    1708.565    385.8725       2-MJR
Max Ruhland          21      MJR  86.8     90    0.5986 435.41 451.94 485.01 485.01 -253.53 270.06 -281.09 270.06                 755.08 501.55 523.59 551.15        551.15    1306.2255   354.6705       3-MJR
Nehemiah Briggs      22      MJR  87.2    90     0.5969 424.39 451.94 473.99 473.99 253.53 -259.04 270.06 270.06                  744.05 485.01 507.06 529.1         529.1     1273.1565   344.70975      4-MJR
Zachary Westfahl     23      MJR  97.2    100    0.5613 -407.85 -424.39 424.39 424.39 -314.16 314.16 -325.18 314.16               738.54 501.55 529.1 584.22         584.22     1322.76     336.78        5-MJR
Jacob Clark          20      MJR 107.4    110    0.5399 473.99 490.52 501.55 501.55 -303.13 303.13 314.16 314.16                   815.7 501.55 540.13 -562.17       540.13    1355.829    332.0385       6-MJR
Robert Solon         20      MJR  96.8    100    0.5624 446.43 -473.99 -473.99 446.43 270.06 281.09 -292.11 281.09                727.52 446.43 -468.48 -468.48      446.43    1173.9495    299.478       7-MJR
Ben Kipper           21      MJR 110.2    125    0.5362 402.34 440.92 473.99 473.99 198.41 -225.97 -242.51 198.41                  672.4 418.87 473.99 512.57        512.57    1184.9725   288.2075       8-MJR
Arin Smith           23      MJR  88.2     90    0.5926 -529.1 -529.1 -529.1     0       0      0       0      0                     0      0      0       0           0           0           0             0
Colton Iwasaki       19     MT3R 81.2    82.5    0.6262 518.08 551.15 573.2    573.2 275.58 -292.11 -314.16 275.58                848.77 485.01 -523.59 -523.59      485.01    1333.783     378.851      1-MT3R
Drake Hadacek        17     MT2R   75      75    0.6645 352.74 380.29 402.34 402.34 225.97 -236.99 -236.99 225.97                 628.31 457.45 501.55 -512.57       501.55    1129.8575   340.55625     1-MT2R
Ashtin Van Gorden    17     MT2R 109.2    110    0.5375 407.85 462.97 -501.55 462.97 -253.53 275.58 -292.11 275.58                738.54 385.81 424.39 462.97        462.97    1201.507    292.9375      2-MT2R
Trevor Mensen        17     MT2R 122.8    125     0.524 297.62 325.18 341.71 341.71 236.99 -264.55 -264.55 236.99                 578.71 369.27 407.85 -424.39       407.85    986.5585     234.49       3-MT2R
Taylor Boelter       15     MT1R 88.8      90    0.5901 297.62 308.64 330.69 330.69 -198.41 203.93 -220.46 203.93                 534.62 363.76 407.85 440.92        440.92    975.5355    261.11925     1-MT1R
Bo Grosse            15     MT1R 74.4      75    0.6687 225.97 253.53 281.09 281.09 115.74 159.83 -181.88 159.83                  440.92 275.58 303.13 336.2         336.2     777.1215    235.71675     2-MT1R
Curt Shaver          48   MM2R-AD 95.2    100    0.5672 336.2 369.27 396.83 396.83 341.71 369.27 -396.83 369.27                    766.1 446.43 507.06 562.17        562.17    1328.2715    341.738    1-MM2R-AD

Travis Voss          40   MM1R-AD 80.8   82.5    0.6284 418.87      435.41   446.43   446.43 270.06 286.6 -292.11        286.6    733.03 429.9 446.43 -468.48        446.43 1179.461 336.194           1-MM1R-AD
Darian Gingold       20    MJR-AD 90      90     0.5853 457.45      479.5    507.06   507.06 -259.04 259.04 281.09       281.09   788.14 540.13 567.68 -589.73       567.68 1355.829 359.9595           1-MJR-AD
Antonio Lama         20    MJR-AD 87      90     0.5978 468.48      507.06   -529.1   507.06 292.11 -308.64 308.64       308.64   815.7 440.92 485.01 -518.08        485.01 1300.714 352.702            2-MJR-AD
Drew Wiencek         18   MT3R-AD 80.6   82.5    0.6295 429.9       457.45   473.99   473.99 253.53 264.55 281.09        281.09   755.08 -440.92 440.92 473.99       473.99 1229.0645 350.94625        1-MT3R-AD
Jack Magnussen       17   MT2R-AD 80.6   82.5    0.6295 369.27      407.85   424.39   424.39 -225.97 242.51 -248.02      242.51   666.89 407.85 435.41 -446.43       435.41  1102.3    314.75          1-MT2R-AD
Dallas McManus       16   MT2R-AD 99.6   100     0.555 -374.78      413.36   429.9    429.9 225.97 253.53 275.58         275.58   705.47 369.27 407.85 -435.41       407.85 1113.323 280.275           2-MT2R-AD
