01-02/10/2016                                                                   British Classic Men 2016
                                                                             B
                             Bwt     WtCls                              Best                              Best    Sub                               Best
Name                  Team                   SQ-1     SQ-2     SQ-3          PBP-1       BP-2    BP-3                     DL-1     DL-2    DL-3             Total   Wilks     Placing
                             (kg)     (kg)                               SQ                                BP     Total                              DL
                                                                             r
Shishir Sikder        GL     57.65    59      140     147.5     150     150      87.5     90     92.5     92.5    242.5    175     182.5    190     190     432.5   382.849    1-59-
Dean Barton           NW     56.85    59     137.5     145     147.5    147.5    77.5    82.5     -85     82.5    230      175     187.5 -202.5 187.5       417.5   374.539    2-59-
Jesse Johnson         NM     57.85    59      115     -122.5 122.5      122.5     85     92.5     95       95     217.5    165      180    -202.5   180     397.5   350.714    3-59-


David Gray            WM     64.05    66      180      190      195     195      125     -132.5 -132.5    125     320      220     232.5 -242.5 232.5       552.5   444.818    1-66-
Andrew Dawes          SE     64.25    66      185     197.5    202.5    202.5    110      120    -127.5   120     322.5    205      220    227.5    227.5   550     441.650    2-66-
John Phillips         SW     65.95    66     172.5    182.5     190     190      110     117.5 -122.5 117.5       307.5   202.5     215     220     220     527.5   414.457    3-66-
Richard Gallagher     YNE    64.25    66     157.5    162.5 -167.5 162.5 7Side
                                                                          117.5          122.5   -125     122.5   285      215     222.5   -230     222.5   507.5   407.522    4-66-
Mahfuzur Rahman       GL     64.5     66      170      180     -187.5   180       95      100     105     105     285     -192.5   -195     195     195     480     384.192    5-66-
Shaun Bateman         SW     64.95    66      150     -160     -160     150      110      115     120     120     270      180     -190     190     190     460     366.022    6-66-
Joseph Diva           GL     64.45    66     -172.5   -180     -180      0       105     112.5   117.5    117.5     0      205     212.5   -215     212.5     0      0.000


James Duff            YNE    73.45    74      225      235      241     241      132.5    140    -142.5   140     381      255     267.5   277.5    277.5   658.5   476.227    1-74-
Christopher Wong      SCO    72.35    74      220     227.5     235     235      130      135    137.5    137.5   372.5    265      280    -286     280     652.5   477.043    2-74-
Paul Cooper           YNE    73.3     74      195     -207.5 207.5      207.5 8side
                                                                                155      -162.5 162.5     162.5   370      270      280    -285     280     650     470.730    3-74-
Luke Rogers           WM     73.9     74     222.5     235     -240.5   235      125      130    -132.5   130     365     247.5     265    -270     265     630     453.600    4-74-
Scott Bradwell        YNE    73.2     74      195     -207.5    210     210     8self
                                                                                  140    147.5    150     150     360      225     237.5    245     245     605     438.565    5-74-
Daniel Smith          SM     73.05    74      210     217.5    222.5    222.5    140     -145     145     145     367.5   -225     -225     225     225     592.5   430.155    6-74-
Steve Tyers           SW     72.95    74     182.5     195     -202.5   195     5side
                                                                                 127.5    135    -140     135     330      225      240     250     250     580     421.486    7-74-
Chris Sumner          SM      73      74      170      180      190     190      115     122.5    130     130     320      220      230     240     240     560     406.784    8-74-
Chris Lindley         YNE    72.9     74     -190      195     202.5    202.5 7side
                                                                                115       120    -125     120     322.5    200      215    -217.5   215     537.5   390.816    9-74-
Christopher Kershaw   YNE    72.85    74      190      205     -207.5   205      140     -150    -150     140     345      180     -192.5 -192.5    180     525     381.885   10-74-
Sean Kilbride         YNE    71.95    74      180     -190     -190     180     7 -130    130    -140     130     310      190      205    212.5    212.5   522.5   383.567   11-74-
Owen Hubbard            WAL   79.5    83   250     260     -272.5   260       190     200    208.5    208.5   468.5   240     255     -270     255     723.5   495.887   1-83-
Daniel Bedford          YNE   82.15   83   220     232.5   -240     232.5     145    152.5   -155     152.5   385     250     265     272.5    272.5   657.5   441.577   2-83-
Mark Hodgett            NM    82.55   83   200     215     -220     215      137.5   147.5   152.5    152.5   367.5   267.5   280     -291     280     647.5   433.631   3-83-
Daniel Ben-Chorin       GL    82.25   83   215     225      235     235     6 135     145     150     150     385     240     257.5 -267.5 257.5       642.5   431.182   4-83-
Ben Croft               YNE   82.05   83   210     222.5   -225     222.5    137.5   -140    -140     137.5   360     240     260     -270     260     620     416.702   5-83-
Alex Burrell            SW    82.45   83   195     205      215     215       125    132.5    140     140     355     240     252.5    265     265     620     415.462   6-83-
Dan Gibson              YNE   81.2    83   185     200      210     210       125     135     140     140     350     205     227.5    240     240     590     399.076   7-83-
Dean Robertson          SCO   80.75   83   180     190      200     200       120     135     140     140     340     220     -235     235     235     575     390.252   8-83-
Jurins Kengamu          GL    81.25   83   212.5   220     -222.5   220     -152.5 -152.5 -152.5       0       0        x       x       x       0       0       0.000


Pierre Shillingford     GL    91.2    93   230     240     247.5    247.5    157.5   167.5    175     175     422.5   277.5   292.5 -297.5 292.5       715     453.453   1-93-
Robert Rogers           GL    90.5    93   240     250     257.5    257.5     150    157.5   162.5    162.5   420     270     282.5    290     290     710     451.986   2-93-
Carl Louden             SE    91.7    93   220     230      240     240      177.5    185    187.5    187.5   427.5   255     272.5   282.5    282.5   710     449.075   3-93-
Jeff Ocrah              GL    92.4    93   225     237.5 -247.5 237.5 10self
                                                                       142.5          155     165     165     402.5   280     300     -315     300     702.5   442.645   4-93-
Jason Coultman          GL    91.9    93   240     250     257.5    257.5     140     150    157.5    157.5   415     255     272.5    285     285     700     442.260   5-93-
Robert Rodney           GL    90.2    93   230     -240     240     240     10self
                                                                              150     155    -160     155     395     270     287.5    300     300     695     443.202   6-93-
Devon Blackwood         NM    90.5    93   240     255     -262.5   255       150     160     165     165     420     250     270     -282.5   270     690     439.254   7-93-
Henry Tosh              SW    91.3    93   200     210      215     215       160     170    172.5    172.5   387.5   270     290      300     300     687.5   435.738   8-93-
Scott Mulheron          SCO   88.2    93   240     257.5 -262.5 257.5         130     135    -137.5   135     392.5   240     255     267.5    267.5   660     425.766   9-93-
Aleem Majid             WM     92     93   235     245     -255     245      -140     145    -152.5   145     390     240     250      260     260     650     410.475   10-93-
Alex Tosh               SW     89     93   200     210      215     215       150     160     165     165     380     240     260     267.5    267.5   647.5   415.760   11-93-
Gavin Clark             NW    90.9    93   -220    -220     220     220       150     160    -165     160     380     230     250     -260     250     630     400.176   12-93-
Diego Martinex-Rodney   GL    89.2    93   220     -230    -230     220       130    137.5 -142.5 137.5       357.5   250     270     -275     270     627.5   402.416   13-93-
Tim Garrett             YNE   92.2    93   210     222.5   232.5    232.5    117.5    125     130     130     362.5   235     250      260     260     622.5   392.673   14-93-
Danny Willgoss          EM    90.4    93   205     215      220     220       130    -137.5 -137.5    130     350     230     245     -260     245     595     379.015   15-93-
Stephen Manuel       NW    102.25   105   300      315    325     325      190     202.5    209     209     534     300     330.5   335.5    335.5   869.5   524.656   1-105-
Mike Pennington      NM    102.55   105   260      270    280     280     192.5    200     -208     200     480     310     331     -333     331     811     488.790   2-105-
Robert Rees          GL    103.8    105   235      250    257.5   257.5    165     175      180     180     437.5   300     310     -315     310     747.5   448.500   3-105-
Thomas Brannick      NM    102.2    105   240      255    265     265     9self
                                                                           172.5   182.5   -190     182.5   447.5   275     285     -290     285     732.5   442.064   4-105-
Russell Kirkby       SE    103.3    105   250      265    272.5   272.5 10side
                                                                         182.5     -190    -190     182.5   455     265     275     -280     275     730     438.803   5-105-
Paul Bennett         YNE   103.95   105   235     252.5   260     260      160     -165      x      160     420     282.5   302.5 -312.5 302.5       722.5   433.283   6-105-
David Watkins        GL    104.85   105   -240     250    257.5   257.5    125     135     -140     135     392.5   280     307.5    310     310     702.5   420.025   7-105-
Will Knowland        SM    103.25   105   235      250    257.5   257.5   152.5    162.5    170     170     427.5   245     257.5   267.5    267.5   695     417.834   8-105-
Reece Smith          GL    104.65   105   230     242.5   -250    242.5 9152.5 -157.5 157.5         157.5   400     260     280     -287.5   280     680     406.844   9-105-
Thomas Celestin      GL    99.85    105   232.5 -242.5 242.5      242.5   122.5    -125      x      122.5   365     287.5   310     -315     310     675     411.075   10-105-
Michael Patterson    SM    103.25   105   -230     230    245     245     147.5    155     -162.5   155     400     260     275     -287.5   275     675     405.810   11-105-
George Seeger        GL    103.35   105   205     -220    225     225      140     147.5     x      147.5   372.5   270     290      300     300     672.5   404.173   12-105-
Andrew Forbes        YNE   103.9    105   242.5   252.5   -260    252.5    150     157.5   -160     157.5   410     250     262.5 -267.5 262.5       672.5   403.365   13-105-
Aaron Cooper         EM    97.45    105   205     222.5   230     230      130     140     -147.5   140     370     235     252.5    260     260     630     387.513   14-105-
Dan Dring            WM    96.85    105   -220    -220    220     220      120     127.5 -132.5 127.5       347.5   260     -280    -280     260     607.5   374.645   15-105-


Tony Cliffe          EM    119.5    120   310     -325    325     325      210     225      230     230     555     310     335     357.5    357.5   912.5   525.144   1-120-
Ian MacConnachie     SW    114.95   120   300      315    -325    315      180     192.5    200     200     515     270     285     -300     285     800     464.880   2-120-
Luke Conboy          YNE   117.55   120   270      280    292.5   292.5    170     180     -190     180     472.5   270     290     297.5    297.5   770     444.906   3-120-
Francis Sanders      EM    113.35   120   -245     255    265     265     152.5    162.5 -167.5 162.5       427.5   300     320     -325     320     747.5   436.017   4-120-
Daniel Lindsell      EM    117.15   120   240     252.5   260     260     182.5    190      195     195     455     285     -300      x      285     740     427.942   5-120-
Tom Shaw             SE    119.65   120   232.5   242.5   250     250      135     140     -145     140     390     280     292.5   302.5    302.5   692.5   398.395   6-120-
Nathan Turner        NM    115.9    120   240     -255    255     255      165     172.5   -175     172.5   427.5   235     250      260     260     687.5   398.681   7-120-
Rhett Lloyd Milton   EM    107.95   120   220      230    -235    230      165     170     -172.5   170     400     260     270      275     275     675     399.600   8-120-
Mike Roberts         SW    107.7    120   212.5   222.5   230     230      145     152.5   157.5    157.5   387.5   252.5   265      275     275     662.5   392.465   9-120-
Christopher Farrow   NM    116.25   120   220     -232.5 232.5    232.5    150     157.5   162.5    162.5   395     250     265     -272.5   265     660     382.404   10-120-
Michael Jones           WAL    167.75       120+   290    310    320     320     205      215    222.5   222.5   542.5   305     325      340     340     882.5   480.345   1-120+-
Jordan McLaughlin       NW     133.25       120+   300    320    -325    320     205     217.5 -228.5 217.5      537.5   292.5   302.5   -305     302.5   840     473.088   2-120+-
Aaron Thompson          NM      153.8       120+   290    310    317.5   317.5   175     182.5   187.5   187.5   505     295     310     -337.5   310     815     449.309   3-120+-
Asif Ahmed               GL    135.85       120+   280    295    305     305     160      165    170     170     475     280     -295     295     295     770     432.278   4-120+-
Andy Foster             NW     129.25       120+   272.5 -287.5 -287.5 272.5     185     -192.5 -192.5   185     457.5   280     292.5   302.5    302.5   760     430.312   5-120+-
Mitchal Flowers         SW     150.65       120+   270    -285   285     285     170     -180    -180    170     455     280     290     -297.5   290     745     411.985   6-120+-
Francesco Pelizza       SCO    120.75       120+   250    -265   -265    250     165      180    -190    180     430     240     260      275     275     705     404.741   7-120+-
Andy Rodney             EM     121.25       120+   230     x       x     230     167.5   177.5   180     180     410     260     290     -310     290     700     401.520   8-120+-
Maximilian Semple       WAL    133.85       120+   210    225    235     235     120     132.5   142.5   142.5   377.5   260     272.5     x      272.5   650     365.820   9-120+-


Peter Fiore Memorial Trophy - Tony Cliffe
