                                                                           Sheet1



                                                          NSW Open ­ 02/09/2018
                           BW                    Squat                      Bench                    Deadlift             PL
            Name                  Age                                                                                            Wilks       Place
                          (Kg)                                                                                           Total
                                          1        2        3       1         2       3       1         2         3
Female
U47kg
           Pei Gan        46.65   Open   82.5     85       -90     57.5      60     -62.5    110       -115      115     260     351.5460     1
U52kg
         Demi Poon        51.2    Open   112.5    120     127.5    52.5     -57.5   -57.5    107.5    117.5      125     305     384.7880     1
         Jackie Ngo       51.55   Open    90      95      -100      45       -50     -50     115       125       130     270     338.8500     2
U63kg
        Chloe Hughes      61.75   Open    80      -85      85      42.5     -47.5   -47.5    112.5     120      -125     247.5   269.8987     1
U84kg
        Jennifer Cass     82.2    M1     100      105     107.5     55      57.5     60      110       115      122.5    290     261.4930     1
Male
U59kg
   Cire Jairus Mendoza    58.6    Open   155     -160     -160     102.5   107.5    -110     205       215       220     482.5   420.5952     1
       Dominic Belgrove   58.35   SJNR   110      120      130      55      62.5     -65     120       130       140     332.5   291.0040     1
        David Greene      58.95   M1       0        0       0      120      125      126     0         0           0      0         0    ­    1
U66kg
    Emmanuel Foster       65.7    Open   170     177.5    182.5    115      120       0      205      212.5     217.5    520     409.8120     1
U74kg
        Victor Ramirez    69.75   Open   170     177.5     185     127.5    -130     130     192.5     200       205     520     390.7280     1
    Kelvin Nino Hidalgo   73.95   Open   -165     165     -180     100      105     -115     200       210       225     495     356.2515     2
        Steven Chellew    69.65   Open   132.5   -140     142.5    92.5     -97.5   -97.5    180       190      -195     425     319.7275     3
U83kg
        Mitchell Ronan    81.2    Open   220      230      240     125      130      135     260      272.5     -285     647.5   437.9690     1
         Jay Raffaut      81.9    Open   185      200      210     120     127.5    132.5    230       240       250     592.5   398.6933     2
        Thomas Duong      77.8    Open   202.5   -212.5    220     130     137.5    -142.5   220       230      -237.5   587.5   408.3713     3
   Christopher Pengson    81.95   Open   190      200      210     127.5   132.5    -137.5   -200      200      -210     542.5   364.8855     4
     Nicholas Clancy      77.5    Open   140      150     -152.5   97.5    102.5    -105     177.5     185       190     442.5   308.3783     5
U93kg
         Chris Ross       90.6    Open   180      190      200     102.5   107.5    112.5    205       225      232.5    545     346.7835     1
         Kenneth Lee      86.35   Open   -170    -175      175     122.5    130     -135     200      212.5      225     530     345.8780     2
          James Hu        91.35   JNR    160      170      180     110     117.5     120     195       205       210     510     323.1870     1
          Alan Tran       83.2    JNR    165      175     182.5    82.5      90     97.5     180       195      -210     475     316.6350     2
      Nick Belgrove       88.9    M1     165     -172.5   172.5    110     117.5     120     180       190      -200     482.5   309.9580     1
U105kg
      Gareth Smith        103.6   Open   222.5    235      245     162.5   -172.5   172.5    265       280      292.5    710     426.2840     1
U120kg
         Carl Samson      120     Open   -245     260     -270     155      170      180     200       230       250     690     396.6810     1
120kg+
         Daniel Curry     155.4   Open   342.5    365      375     200      -205    -205     325       340      352.5    927.5   510.5887     1
   Zachary Wilcockson     162     Open   230     242.5    252.5    115     122.5    127.5    270       290       305     685     374.8320     2
