BPU and ABPU Northern 2 Qualifier 17 and 18 March 2018

Saturday flight A

    Sue Chatton       49 F_MR_2_ABPU 46.5 48 1.2077       17    45     50   52.5   52.5 3p   37.5    40    42.5   42.5     95     65      70      80      80     175
  Caomie Ludgate      21 F_JR_ABPU 59.6 60 0.99295        17o   50     60    65     65   3    40    47.5   52.5   52.5   117.5    75    87.5    92.5    92.5     210
   Sarah Stainer      33 F_OR_ABPU 44.3 48 1.2518                                   0                              0       0     77.5     85      90      90      0
  Christine Scragg    52 F_MR_3_ABPU 65.7 67.5 0.91885                              0                              0       0      80      90      95      95      0
     Brooke Hill      19 F_TCR_3_ABPU 66.7 67.5 0.90805   18    70       80   90    90   0   40      45    52.5   52.5   142.5    80    92.5    102.5   102.5    245
    Iwona Gibas       19 F_TCR_3_ABPU 58.1 60 1.0135      15    90       95 -100 95      3   45     47.5    50     50     145     85    92.5     100     100     245
    Bernie Quinn      51 F_MR_3_ABPU 58.3 60 1.0107       13    40       50   60    60   3   30      35     40     40     100     90     100    107.5   107.5   207.5
   Katrina Allwood    46 F_MR_2_ABPU 52.9 56 1.0926       16    70       75 77.5 77.5 3      30      40    47.5   47.5    125    100     110    112.5   112.5   237.5
  Chantelle Brady     35 F_OR_ABPU 65.8 67.5 0.9178       15    60       70 -72.5 70     3   30     32.5    35     35     105    100     110     120     120     225
    Natasha Rea       29 F_OR_ABPU 55.1 56 1.0575                                   0                              0       0     100     110    -120     110      0
Aleksandra Zacharek   31 F_OCR_ABPU 66.8 67.5 0.907       15     85      95 -100 95      2   30      35    37.5   37.5   132.5   100     120     125     125    257.5
   Nasrin Sadeghi     31 F_OR_ABPU 66.5 67.5 0.9102       15o    90    -100 105 105 2        55      -65    -65    55     160    105     120     130     130     290
   Jessica Pallot     22 F_JR_ABPU 58.1 60 1.0135         17     85    92.5 100 100 0        65      -70    -70    65     165    120    -130    -130     120     285
  Charlotte Taylor    27 F_OR_ABPU 55.5 56 1.0514         16    87.5   92.5 95      95   3   50     52.5    55     55     150    120    127.5    135     135     285
    Kirsty Liggat     23 F_JR_ABPU     64 67.5 0.93805    17     90     105 112.5 112.5 2    55      60    62.5   62.5    175    120     130     140     140     315
Barbara Kamienska     34 F_OR_ABPU 55.3 56 1.0545         19     75      80   -85   80   2   50     52.5    55     55     135    125     135    142.5   142.5   277.5
   Beckie Hebson      34 F_OR_ABPU 55.3 56 1.0545         19    100     110 -117.5 110 2     55     62.5    65     65     175    135     145     150     150     325
Saturday Flight B

    Colin Ardron         73    M_MR_7_ABPU 66      67.5    0.763    14      80    -85 -85        80     4    -55      55     -60      55     135     80 100 105         105     240
  Charlie Hooson         39     F_OR_ABPU 111.3    SHW    0.68945   14     -85    -90 90         90     2   52.5      55     -60      55     145    100 -110 -110       100     245
  Melanie Cowen          51    F_MR_3_ABPU 87.8     90    0.75795   12      70     80   90       90     4     30      40      45      45     135    100 110 120         120     255
  Claire Comiskey        35     F_OR_ABPU 70.1      75    0.8756    15     72.5    80            80     3     35      45    47.5    47.5    127.5   100 110             110    237.5
   Valerie Tinkler       57   F_MCR_4_ABPU 77      82.5   0.8217    19      55    -60 60         60    2p     45      50    52.5    52.5    112.5   105 115 125         125    237.5
  Georgina Moritz        26     F_OR_ABPU 81.6     82.5   0.7919    12     100    110 -115      110     3     50    57.5    -62.5   57.5    167.5   120 -132.5 137.5   137.5    305
     Rick Gould          58   M_MCR_4_ABPU 59       60    0.84665   17     -95     95 100       100     3     65    67.5      70      70     170    125 132.5 140       140     310
 Kellee Thomas-Plummer   32     F_OCR_BPU 75        75    0.8361    15     105    110 -115      110     3   47.5    52.5     -55    52.5    162.5   125 135 140         140    302.5
     Steevi Pugh         28    F_OCR_ABPU 99.1     SHW    0.7181    13    162.5   170 175       175     3   67.5    72.5    -77.5   72.5    247.5   140 150 -157.5      150    397.5
     Karla Frater        55    F_MR_4_ABPU 88.4     90     0.755    12      90    100 110       110     4     40      45    47.5    47.5    157.5   140 150 160         160    317.5
    Kerry Fannon         41    F_MR_1_ABPU 109.8   SHW    0.6917    13     100    115 122.5    122.5    4     30      40      50      50    172.5   140 155 165         165    337.5
     Ethan Flynn         24     M_OR_ABPU 74.3      75    0.69335   12     105    115 122.5    122.5    3     70    77.5    82.5    82.5     205    150 162.5 -167.5   162.5   367.5
      Lee Dunn           33    M_OCR_ABPU 59.4      60    0.84105   18     120    130 -140      130     2    100     105     110     110     240    150 165 -180        165     405
   Slawomir Kaleta       63    M_MR_5_ABPU 70.1     75    0.7254    18     115    125 140       140     4     85      95    -105      95     235    155 170 190         190     425
    Nicola Polley        42   F_MEM_1_ABPU 105.1   SHW    0.70245   16     190    200 215       215     3     60     100     110     110     325    160 185             185     510
  Stephen Jefferies      46   M_MCR_2_ABPU 66      67.5    0.763    14     160    170 175       175     4    110     115     120     120     295    180 190 195         195     490
 Daniel Thrasivoulou     32     M_OR_ABPU 70.02     75    0.72625   13     160    170 175       175     3   117.5   122.5   127.5   127.5   302.5   215 225 -235        225    527.5
 Alireza Herfedoust      31     M_OCR_BPU 74        75    0.69545   15o    255    265 -277.5    265     3    135    -145    -145     135     400    240 250 -260        250     650
 Vladimir Agasaryan      26     M_OR_BPU 74.6       75    0.69125                                0      4   147.5    150    152.5   152.5     0                          0       0
Saturday Flight C

   Eddie Thorpe                  13   M_TR_1_ABPU   78.6   82.5   0.66585   11o     80    92.5 102.5 102.5        4     30   42.5     52.5             52.5 155       100    120 130         130
 W. John Ashton                  64   M_MR_5_ABPU   81.6   82.5   0.64925    9      90     100 110 110            4     75     85     87.5             87.5 197.5     150    170 180         180
Mansoor Mohammed                 49   M_MR_2_ABPU   80.9   82.5   0.6557    14      145    160 170 170            4    100    105     -110              105 275       165    180 190         190
   Marcin Kaleta                 40   M_MR_1_ABPU   81.7   82.5   0.6487    12     -150    160 -180 160           4     90    100     -110              100 260       165    180 -200        180
Nicholas Grasmeder               18   M_TCR_3_BPU    95    100    0.5949    12i     190   197.5 205 205           3    115   122.5   -127.5            122.5 327.5    195   212.5 -222.5    212.5
   Daniel Whittall               24   M_OES_ABPU    81.5   82.5   0.64975   14      170    180 190 190            2    100    110      115              115 305       200   212.5 -222.5    212.5
    Kev Stuart                   39    M_OCR_BPU    77.1   82.5   0.6749    14     -210    210 -220 210           3    150   -160     -160              150 360       210    230 250         250
Johnathan Perrins                29    M_OR_ABPU    81.1   82.5   0.65185   12      160   -175        160                                                0     0                              0
Johnathan Perrins had to withdraw due to sustaining a groin injury on his second attempt. We wish his a speedy recovery.



SUNDAY FLIGHT A

Robert Worthington Raw           52   M_MR_3_ABPU   89.3   90     0.61455   14    120     132.5 142.5 142.5   4        115 125 -130            125    267.5    140    165 180 180          447.5
 Robert Worthington bench only   52   M_MR_3_ABPU   89.3   90     0.61455                               0     4        115 125 -130            125      0      140    165 180 180            0
  Tom Paul Crosby                30   M_OCR_ABPU    88.2   90     0.61885    9      165   177.5 182.5 182.5   3         95 100 105             105    287.5    180    195 202.5 202.5       490
      John Cook                  40   M_MCR_1_BPU   85.5   90     0.63035   11    137.5   -145 147.5 147.5    4         80 -85 87.5           87.5     235    -185    190 200 200           435
     Craig Dobs                  26    M_OR_ABPU    89.3   90     0.61455   8o      140   -160 160 160        4        110 122.5 -130         122.5   282.5    200    220 230 230          512.5
     Andy Barker                 49   M_MCR_2_BPU   89.4   90     0.61415   12i     180    210 225 225        4        140 155 170             170     395     200    220 245 245           640
    Luther Nzinga                26   M_OCR_ABPU    89.5   90     0.61375   11o     215   -225 -225 215       4        135 140 142.5          142.5   357.5    235    245 250 250          607.5
   Danny Willgoss                25   M_OEM_ABPU    87.8   90     0.6205    16      255    270 285 285        2        160 172.5 -182.5       172.5   457.5    235   -255 -265 235         692.5
     Dean Wyatt                  27    M_OCR_BPU    88.2   90     0.61885   9o      220    240 250 250        4        130 140 150             150     400     240    270 -280 270          670
   Steven Forrest                24    M_OR_ABPU    87.1   90     0.6234    10     -160    160 170 170        4       -120 125 -130            125     295     240               240        535
SUNDAY Flight B

  Michael Phipps        37 M_OR_ABPU 64.1 67.5 0.78295                                0                               0       0     140    150  160   160      0
   Paul Baker           46 M_MR_2_ABPU 95.6 100 0.59315   5o     85      95    105   105    5    60    -67.5   -67.5  60     165    145   -155 155    155     320
Paul Baker deads only 46 M_MR_2_ABPU 95.6 100 0.59315                                 0                               0       0     145   -155 155    155      0
   Carl Merchant        56 M_MR_4_ABPU 95.8 100 0.59255    8     110     130 132.5 132.5    6     70     80   87.5 87.5      220    160    180 187.5 187.5   407.5
   Matt Robinson        26 M_OR_ABPU 94.7 100 0.59585     9o    187.5    195   200   200    4   -117.5 122.5 -127.5 122.5   322.5   225    240 -250 240      562.5
   Thomas Lowe          27 M_OCR_BPU 97.6 100 0.58745      9i    190     210   220   220    5    140    150 -155 150         370    235    250 -260 250       620
 Harrison Fleetwood 28 M_OCR_BPU 99.8 100 0.5818          11o    235    237.5       237.5   4    120    125   135    135    372.5   235    250        250    622.5
  Nathan Smoothy        24 M_OCR_BPU 96.8 100 0.58965     11o    230     240   250   250    4    150 -160 -160 150           400    240    250  260   260     660
    Stuart Lorne        35   M_OR_BPU 99.5 100 0.58255     9     200    217.5 -225 217.5    4    135    140   145    145    362.5   255   272.5 -280 272.5    635
     Chris Lane         35 M_OCR_BPU 99.4 100 0.5828      14o    220     230         230    4    150 162.5 170       170     400    255    265  280   280     680
   James Taylor         26 M_OEM_BPU 99.9 100 0.5828      14o    330     350 -365 350       3    275    290 -300 290         640    260    285 -300 285       925
  Christian Murphy      25   M_OR_BPU    98 100 0.58635   11o    245     260   270   270    2    150    160 -165 160         430    260   -280        260     690
   Paul Hickman         35   M_OR_BPU 97.5 100 0.58775    13i    220                 220    4    160                 160     380    260               260     640
    Adam Riman          24 M_OCR_BPU 99.3 100 0.58305     12o    270     290   300   300    4   122.5 130 132.5 132.5       432.5   290   317.5 -325 317.5    750
  Robert Sawosko        30 M_OES_BPU 99.4 100 0.5828                                  0     3    200    210   220    220      0                        0       0
    Rob Preston         49 M_MES_2_BPU 98.9 100 0.58535                               0     4    -220 230 -250 230            0                        0       0
Robert Worthington clas 52 M_MCR_3_ABPU 89.3 90 0.61455   14    127.5   142.5 157.5 157.5                             0       0                        0       0
  Andrew Murphy         23  M_JES_BPU 97.6 100 0.58745    11i    310    -330 -330 310                                 0       0                        0       0
SUNDAY Flight C

   Wakas Rashid        39 M_OCR_ABPU 144.9 SHW 0.52755   11i    165    -185   -195   165   4   140    -150     -150 140 305       -165   185 -195     185    490
  William McNeil       40 M_MCR_1_BPU 106 110 0.56885    9o     160    180           180   4   140     160     170 170 350        180    200 225      225    575
   Aaron Sullivan      27 M_OCR_BPU 106.7 110 0.56765    12i    -215   225    -250   225   3   150    -160     -160 150 375       -225   225 -240     225    600
    Jamie Self         28 M_OR_ABPU 108.7 110 0.5644      9     190    200    -205   200   5   125     130     -135 130 330       240    -250 -250    240    570
   Adam Dunne          24  M_OR_BPU 106.5 110 0.56795    11    192.5   205           205   4   140     150     -160 150 355       230    245 255      255    610
 Darren Hammond        45 M_MR_2_BPU 108.6 110 0.56455   9o     210    225    -240   225   5   130     140    147.5 147.5 372.5   275    290 -300     290   662.5
 Timothy Hopwood       29 M_OES_BPU 110.5 125 0.5618     12o    260    280    300    300   4   180    -190     190 190 490        260    -300 -300    260    750
 Stephen Tubby Macneil 33  M_OES_BPU 136.1 140 0.53445   16i    320    345           345   3   330   -342.5   -342.5 330 675      260    285 -302.5   285    960
 Andrzej Roszkowski 37 M_OCR_BPU 109 110 0.56395         12i    -285   305    315    315   4   160     180     200 200 515        285    305 -320     305    820
   Mike OverKamp       31 M_OCR_BPU 120.1 125 0.55085    4o     290    310    325    325   5   180     190     200 200 525        300    330 -345     330    855
   Artur Chrzaszcz     35 M_OCR_BPU 139 140 0.53195      12     300    330    360    360   3   200     215    -222.5 215 575      305    335 -350     335    910
    Sam Bollands       29 M_OCR_BPU 119.7 125 0.5513      7i    310    -325   340    340   4   200     210     215 215 555        320    345 365      365    920
     Jack Coyne        27 M_OR_ABPU 119.9 125 0.5515     12i    225    -240   240    240   4   170     180     -190 180 420       230    -245         230    650
Jack Coyne Single lift 27 M_OR_ABPU 119.9 125 0.5515                                  0    4   170     180     -190 180     0     230    -245         230     0
    Andy Pearson       30  M_OR_BPU 122.8 125 0.548      12    -220    220    235    235   4   160     170     -180 170 405       250    265          265    670
  Pascal O'Driscoll 48 M_MCR_2_BPU 101.1 110 0.57875     11i   200                   200   4   100                   100 300      200                 200    500
     Mitch Wright      27  M_OR_BPU 152.5 SHW 0.5212                                  0    4   230    245      -260 245     0                          0      0
