1-Aug-15            Summer Showdown-Lb Results
                                 BWt     WtCls   Schwartz/M                                     Best                                 Best    Sub      Deadlift Deadlift Deadlift  Best                   Coeff
        Name        Age   Div                      alone
                                                              Squat 1 Squat 2 Squat 3 Squat 4            Bench 1 Bench 2 Bench 3                                                            PL Total                Pl-Div-WtCl
                                 (Kg)    (Kg)                                                   Squat                               Bench    Total       1        2        3     Deadlift                Score
Beth Harney         59    FM4R 59.55      60      0.8185      176.37 -203.93 -203.93     0      176.37   110.23 -121.25 -121.25 110.23       286.6    231.48   253.53   264.55    264.55     551.15      204.625    1-FM4R-60
Christina Thomas    23    FJR    62.5    67.5     0.7802      165.35   176.37 -181.88    0      176.37   82.673   104.72   110.23   110.23   286.6    203.93   248.02   259.04    259.04    545.6385    193.0995    1-FJR-67.5
Audra Marisch       31    FOR    55.7     56       0.88       165.35   -192.9   192.9    0      192.9    93.696 -110.23 110.23      110.23   303.13   198.41 -209.44 -209.44 198.41         501.5465      200.2      1-FOR-56

Jaci Zayaz          24    FOR    65.05   67.5     0.7503      209.44   225.97   253.53   0      253.53   93.696 110.23 -126.76 110.23        363.76   248.02   275.58   303.13    303.13    666.8915 226.96575 1-FOR-67.5
Kelly Grabski       31    FOR    65.9    67.5     0.7524      121.25   137.79   154.32   0      154.32   77.161 -88.184 88.184 88.184        242.51   165.35   181.88   198.41    198.41     440.92    150.48  2-FOR-67.5
Nikki Benson        28    FOR    73.7     75      0.6737      236.99   259.04   270.06   0      270.06   121.25 137.79 -148.81 137.79        407.85   225.97   253.53   281.09    281.09    688.9375 210.53125 1-FOR-75
Dee Parsons         47    FOR    83.8     90      0.6127      203.93   214.95   220.46   0      220.46   110.23 115.74 121.25 121.25         341.71   231.48   253.53   270.06    270.06    611.7765 170.02425 1-FOR-90

Matt West           41    MM1R   119.3   125      0.5276 -330.69 330.69         380.29   0      380.29   248.02 275.58 -292.11      275.58   655.87   451.94   473.99 501.55      501.55 1157.415    276.99  1-MM1R-125
Skyler Sommers      20     MJR   74.45    75      0.668 418.87 457.45           -479.5   0      457.45   225.97 253.53 264.55       264.55   722.01   407.85   451.94 479.5       479.5 1201.507     364.06    1-MJR-75
Micheal Cline       23     MJR   80.35   82.5     0.6307 319.67 352.74          369.27   0      369.27   225.97 -248.02 -248.02     225.97   595.24   402.34   429.9 468.48       468.48 1063.7195 304.31275 1-MJR-82.5
Jeromy Bryu         21     MJR   89.2     90      0.5885 -435.41 435.41         501.55   0      501.55   275.58 -308.64 325.18      325.18   826.73   435.41   501.55 534.62      534.62 1361.3405 363.39875 1-MJR-90
Billy Constantino   23     MJR   93.85   100      0.5747 545.64 573.2           584.22   0      584.22   319.67 330.69 -341.71      330.69   914.91   545.64   584.22 -589.73     584.22 1499.128 390.796     1-MJR-100

David Roob          22     MJR   122.4   125      0.5245      407.85 435.41 -462.97  0    435.41         292.11 308.64 319.67       319.67   755.08 501.55 529.1         562.17   562.17    1317.2485   313.38875    1-MJR-125
Dylan Denner        19    MT3R   74.15    75      0.6701      275.58 314.16 347.22   0    347.22         187.39 214.95 -225.97      214.95   562.17 407.85 457.45       -490.52   457.45    1019.6275   309.92125    1-MT3R-75
Andrew Souris       19    MT3R   99.55   100      0.555       473.99 507.06 529.1 -562.17 529.1          275.58 303.13 -325.18      303.13   832.24 501.55 523.59       -534.62   523.59     1355.829    341.325    1-MT3R-100
Mitch Tunquist      19    MT3R   106.5   110      0.5413      413.36 -468.48 468.48  0    468.48         259.04 275.58 303.13       303.13   771.61 479.5 512.57        -551.15   512.57    1284.1795   315.30725   1-MT3R-110
Kenneth Bray        45    MM2R   80.3    82.5     0.6312      418.87 451.94 473.99 501.55 473.99         253.53 270.06 286.6        286.6    760.59 551.15 573.2         595.24   595.24     1355.829    388.188    1-MM2R-82.5
Donny Greismer      47    MM2R   87.1     90      0.5973      319.67 330.69 352.74   0    352.74         209.44 220.46 -231.48      220.46   573.2 330.69 363.76         380.29   380.29     953.4895   258.33225    1-MM2R-90
Chris Leskiw        26    MOR    72.3     75      0.6843      314.16 330.69 352.74   0    352.74         236.99 248.02 -259.04      248.02   600.75 435.41 451.94       -473.99   451.94    1052.6965   326.75325     1-MOR-75
Mike Brilla         29    MOR    89.1     90      0.5889      534.62 551.15 578.71   0    578.71         363.76 380.29 -402.34      380.29    959    600.75 644.85      -666.89   644.85    1603.8465   428.42475     1-MOR-90
Josh Ball           24    MOR    89.7     90      0.5865      551.15 573.2 -600.75   0    573.2          391.32 407.85 424.39       424.39   997.58 479.5 -501.55       -501.55   479.5      1477.082    392.955      2-MOR-90
Jason Wolff         25    MOR    98.4    100      0.5581      479.5 496.04 518.08    0    518.08         297.62 325.18 330.69       330.69   848.77 479.5 501.55         529.1    529.1      1377.875    348.8125    1-MOR-100
Brandon Tunquist    22    MOR    106.8   110      0.5408      584.22 655.87 705.47   0    705.47         363.76 385.81     0        385.81   1091.3 611.78 661.38        694.45   694.45     1785.726    438.048     1-MOR-110
Paul Zam            27    MOR    109.1   110      0.5376      462.97 501.55    0     0    501.55         330.69 -341.71 -341.71     330.69   832.24 501.55 529.1        -551.15   529.1     1361.3405    331.968     2-MOR-110
Kevin Freeman       25    MOR    106.7   110      0.541       358.25 -380.29 380.29  0    380.29         319.67 336.2 352.74        352.74   733.03 451.94 501.55        518.08   518.08    1251.1105    307.0175    3-MOR-110
Pat Hakola          36    MOR    123.5   125      0.5231      628.31 666.89 -699.96  0    666.89         424.39 473.99 507.06       507.06   1173.9 628.31 705.47          0      705.47    1879.4215   445.94275    1-MOR-125
Anthony Echols      27    MOR    121.9   125      0.5261      611.78 628.31 644.85   0    644.85         462.97 485.01 -501.55      485.01   1129.9 -661.38 -677.91      677.91   677.91     1807.772    431.402     2-MOR-125
Edward Walsh        27    MOR    123.7   125      0.5228      424.39 440.92 473.99   0    473.99         314.16 -330.69 330.69      330.69   804.68 424.39 468.48        501.55   501.55    1306.2255    309.759     3-MOR-125
1-Aug-15       Summer Showdown-Lb Results
                            BWt     WtCls   Schwartz/M                              Best   Deadlift Deadlift Deadlift  Best    Push Pull   Coeff
       Name    Age   Div                      alone
                                                         Bench 1 Bench 2 Bench 3                                                                     Pl-Div-WtCl
                            (Kg)    (Kg)                                           Bench      1        2        3     Deadlift   Total     Score
Bri Simmons    19    FT2R   85.6     90      0.6041      159.83   170.86 -198.41 170.86    336.2    363.76   407.85   407.85   578.7075 158.57625    1-FT2R-90

Jerry Dunn     59    MM4R   220     SHW      0.4329 -303.13 -303.13 -303.13          0     -363.76 -363.76 -363.76      0         0          0           0

Scott Thomas   26    MOR    117.3    125     0.5294      374.78   402.34 -407.85 402.34    606.27   622.8    644.85   644.85   1047.185    251.465   1-MOR-125
1-Aug-15        Summer Showdown-Lb Results
                             BWt    WtCls   Schwartz/M                              Best     Coeff    Age &
       Name     Age    Div                    alone
                                                         Bench 1 Bench 2 Bench 3                               Pl-Div-WtCl
                             (Kg)   (Kg)                                           Bench     Score    Coeff
Marvin Bishop   38    MSMR 193.3    SHW      0.4549      512.57   534.62 -562.17 534.6155 110.30112 110.30112 1-MSMR-SHW
                                                                                                    99.142422
Thomas Caruso   49    MM2R   81.4   82.5     0.6251      308.64   314.16 -319.67 314.1555 89.07675            1-MM2R-82.5
                                                                                                        75
                                                                                            110.30112 110.30112
Marvin Bishop   38    MOR 193.3     SHW      0.4549      512.57   534.62 -562.17 534.6155       5         5     1-MOR-SHW
Jeff Damon      44    MM2R                      0        242.51   275.58 -303.13 275.575        0         0         0
