"",,,,,New Zealand Powerlifting Federation,,,,,
"",,,,,Auckland Powerlifting Association,,,,,
"",,,,,"New Zealand Raw Mens Powerlifting Championships 2015,  New Zealand, Auckland, 09-12.07.2015",,,,,
"",,,,,DETAILED SCORESHEET,,,,,
PL. Lifters,,BY,Nation Weight,,WF Lot All Squat All Bench press,All Dead lift,,TOTAL,W.pts.,Pts.
Open,,,,,,,,,,
"- 66 kg",,,,,,,,,,
1 Shi Steven,,1991,APA 65.06,,0.7946 13 185.5 nzr 195.0 nzr 200.0 1 60.0 80.0 107.5 1 185.0,200.0 202.5,1,502.5,399.28,12
2 Richardson Andrei,,1978,APA 65.16,,0.7936 14 140.0 147.5 150.0 2 100.0 105.0 107.5 2 180.0,190.0 195.0,2,445.0,353.15,9
"- 74 kg",,,,,,,,,,
1 Halatokoua Tui,,1984,CD 73.64,,0.7218 10 205.5 nzr 215.0 215.0 nzr 1 130.0 140.0 nzr 145.0 1 220.0,240.0 255.0,1,595.0/nzr/,429.48,12
2 Catoto Mendrado,,1991,APA 69.10,,0.7569 3 142.5 150.0 160.0 2 105.0 110.0 110.0 2 180.0,190.0 200.0,2,445.0,336.82,9
3 Edgar Ming Ming,,1990,NTH 71.48,,0.7377 11 100.0 110.0 120.0 3 85.0 90.0 95.0 3 130.0,140.0 150.0,3,360.0,265.55,8
"- 83 kg",,,,,,,,,,
1 May Elijah,,1988,CANT 81.76,,0.6736 2 230.0 240.0 240.0 1 155.0 160.0 165.0 1 250.0,265.0 270.0,1,650.0,437.84,12
2 Kiely Aidan,,1983,APA 81.92,,0.6728 6 195.0 210.0 220.0 2 120.0 130.0 135.0 2 220.0,237.5 245.0,2,587.5,395.27,9
3 Rudrale Aravind,,1984,APA 82.80,,0.6685 3 182.5 192.5 192.5 3 102.5 105.0 X 4 210.0,220.0 230.0,3,525.0,350.96,8
4 Crossan Simon,,1984,CD 81.84,,0.6732 5 160.0 167.5 172.5 4 110.0 115.0 120.0 3 200.0,215.0 225.0,4,502.5,338.28,7
"- 93 kg",,,,,,,,,,
1 Gamble Patrick,,1981,CD 92.96,,0.6283 15 180.0 200.0 210.0 4 135.0 145.0 150.0 2 240.0,265.0 275.0,1,620.0,389.55,12
2 Helms Eric,,1983,APA 90.50,,0.6366 4 210.0 220.0 220.0 1 140.0 145.0 147.5 1 235.0,250.0 252.5,5,617.5,393.10,9
3 Clarke Jason,,1991,APA 87.46,,0.6481 12 192.5 202.5 210.0 6 130.0 137.5 142.5 4 240.0,252.5 260.0,2,600.0,388.83,8
4 De Vine Andrew,,1989,STH 91.94,,0.6317 5 200.0 200.0 210.0 3 125.0 130.0 135.0 5 240.0,250.0 260.0,3,600.0,379.00,7
5 Barr Jack,,1990,APA 90.22,,0.6376 2 195.0 207.5 220.0 5 132.5 140.0 145.0 3 237.5,250.0 260.0,4,597.5,380.97,6
6 Patau Patrick,,1982,APA 88.94,,0.6423 1 205.0 210.0 212.5 2 125.0 127.5 130.0 6 230.0,237.5 242.5,6,575.0,369.31,5
7 Gapara Phindai,,1986,APA 88.14,,0.6453 7 180.0 187.5 197.5 7 115.0 120.0 125.0 7 220.0,235.0 242.5,8,552.5,356.55,4
8 Hemmings Thomas,,1991,CD 92.78,,0.6289 3 175.0 190.0 200.0 8 92.5 97.5 97.5 9 215.0,225.0 230.0,9,512.5,322.30,3
9 Simcock Michael,,1993,CANT 90.38,,0.6371 13 160.0 170.0 180.0 9 92.5 97.5 102.5 8 200.0,220.0 237.5,7,510.0,324.90,2
"- 105 kg",,,,,,,,,,
1 Winters Sean,,1988,WBOP 103.04,,0.6016 3 235.0 245.0 X 3 155.0 160.0 165.0 3 270.0,287.5 300.0,1,692.5,416.62,12
2 Barclay James,,1990,CD 100.40,,0.6076 5 200.0 215.0 220.0 6 152.5 160.0 162.5 2 250.0,270.0 280.0,3,650.0,394.94,9
3 Blair Angus,,1982,APA 103.72,,0.6002 1 210.0 230.0 240.0 5 132.5 137.5 142.5 5 250.0,265.0 277.5,4,647.5,388.60,8
4 Bennett Christopher,,1984,CANT 93.50,,0.6266 18 170.0 180.0 190.0 8 160.0 160.0 168.0 1 260.0,280.0 300.0,2,630.0,394.75,7
5 Ng Edwin,,1979,APA 102.74,,0.6023 7 210.0 225.0 245.0 2 120.0 125.0 125.0 7 227.5,245.0 267.5,5,610.0,367.39,6
6 McLean Ken,,1985,CANT 98.24,,0.6130 4 177.5 190.0 200.0 7 120.0 125.0 130.0 6 217.5,232.5 240.0,6,562.5,344.82,5
"— Stewart Adam",,1987,CANT 95.90,,0.6194 8 230.0 240.0 250.0 4 130.0 140.0 145.0 4 X,X X,Disq.,Out,—,—
"— Parsons Jonathan",,1991,CD 104.58,,0.5984 2 240.0 255.0 X 1 165.0 165.0 165.0 Disq. X,X X,Disq.,Out,—,—
"- 120 kg",,,,,,,,,,
1 Pahetogia Argo,,1978,APA 112.36,,0.5848 16 200.0 220.0 230.0 2 150.0 165.0 175.0 1 220.0,240.0 255.0,1,650.0,380.10,12
2 Kaiuha Junior,,1988,APA 112.40,,0.5847 18 222.5 232.5 242.5 1 150.0 155.0 160.0 2 240.0,247.5 255.0,3,650.0,380.05,9
3 Kotzikas Kyp,,1990,CANT 105.18,,0.5972 10 207.5 217.5 227.5 3 140.0 145.0 150.0 3 240.0,250.0 257.5,2,627.5,374.76,8
4 Picard Aj,,1986,CD 118.90,,0.5762 22 180.0 200.0 215.0 4 105.0 120.0 122.5 5 180.0,205.0 210.0,4,545.0,314.02,7
5 King Issac,,1980,CD 105.46,,0.5967 6 170.0 200.0 X 5 140.0 150.0 X 4 200.0,X X,5,540.0,322.20,6
120+ kg,,,,,,,,,,
1 Whittaker Joseph,,1985,NTH 131.30,,0.5646 31 300.0 315.0 330.5 nzr 1 205.0 212.5 220.0 1 300.0,315.0 330.0,1,880.5/nzr/,497.13,12
2 Lawson Justin,,1984,WBOP 160.45,,0.5480 25 300.0 305.0 310.0 2 170.0 175.0 180.0 2 290.0,305.0 305.0,2,775.0,424.70,9
Nation (points),,,,,,,,,,
1 Auckland,,60[12+12+9+9+9+9],,2300.97 w.pts.,,,,,,
2 Central Districts,,53[12+12+9+7+7+6],,2188.50 w.pts.,,,,,,
3 Canterbury,,34[12+8+7+5+2],1877.09 w.pts.,,,,,,,
4 Waikato/ Bay of Plenty,,21[12+9],841.32 w.pts.,,,,,,,
5 Northland,,20[12+8],762.69 w.pts.,,,,,,,
6 Southern,,7[7],379.01 w.pts.,,,,,,,
Best Lifters of Open,,,,,,,,,,
PL.   Lifter,,Nation,,B.Weight,WF Total W. points,,,,,
1 Whittaker Joseph,,Northland,,131.30,0.5646 880.5 497.13,,,,,
2 May Elijah,,Canterbury,,81.76,0.6736 650.0 437.84,,,,,
3 Halatokoua Tui,,Central Districts,,73.64,0.7218 595.0 429.48,,,,,
Subjuniors,,,,,,,,,,
"- 66 kg",,,,,,,,,,
1 Ashburn Sebastian,,1997,WBOP 65.26,,0.7926 10 145.5 nzr 155.0 nzr 165.0 1 85.0 92.5 100.0 1 175.0,190.0 200.0,1,447.5,354.68,12
2 Moss Cameron,,1997,APA 64.84,,0.7969 8 150.0 155.0 nzr 157.5 nzr 2 70.0 75.0 77.5 2 155.0,162.5 167.5,2,400.0,318.74,9
"- 74 kg",,,,,,,,,,
1 Capes Vincent,,1998,CD 72.20 0.7322,,,5,140.0,145.0 150.0,,1,95.0,97.5,102.5,1,160.0,180.0,190.0,1,437.5,320.33,12
2 Harrison Aaron,,1997,CD 71.92 0.7343,,,1,105.0,115.0 120.0,,3,70.0,75.0,80.0,2,130.0,142.5,147.5,2,342.5,251.51,9
3 Solanki Zain,,1998,APA 68.36 0.7633,,,2,115.0,125.0 135.0,,2,70.0,75.0,75.0,3,125.0,137.5,145.0,3,340.0,259.52,8
"- 83 kg",,,,,,,,,,,,,,,,,,,,,
1 Notman Nico,,1997,APA 80.16 0.6818,,,18,155.0,170.0 180.0,,2,125.0,135.0,143.0,1,205.0,220.0,227.0 nzr,2,542.0,369.55,12
2 Madsen Ivan,,1997,APA 82.18 0.6715,,,12,190.0,200.0 200.0,,1,100.0,107.5,107.5,3,230.0,230.0,230.0,1,520.0,349.18,9
3 Wainwright Travis,,1997,CD 82.50 0.6699,,,20,167.5,180.0 180.0,,3,115.0,122.5,122.5,2,200.0,210.0,220.0,3,492.5,329.92,8
4 Kennedy Sean,,1998,STH 76.24 0.7046,,,7,105.0,110.0 110.0,,4,60.0,65.0,67.5,4,125.0,130.0,130.0,4,300.0,211.36,7
"- 93 kg",,,,,,,,,,,,,,,,,,,,,
1 Hall Chris,,1997,APA 92.88 0.6286,,,22,205.0,210.0 220.0,,1,135.0 nzr,140.0 nzr,145.0,1,245.0 nzr,260.0,260.0,1,605.0,380.27,12
2 Mackinnon Jacob,,1997,CD 91.38 0.6336,,,20,210.0,210.0 nzr 220.0,,2,100.0,112.5,X,2,180.0,215.0,227.5,2,537.5,340.53,9
"- 105 kg",,,,,,,,,,,,,,,,,,,,,
1 Wilcock Jayden,,1997,STH 101.16 0.6058,,,23,200.0,210.0 220.0,,1,130.0,137.5,142.5,1,220.0,232.5,242.5,1,600.0,363.49,12
2 Edmonds Joshua,,1998,NTH 94.06 0.6248,,,19,150.0,152.5 165.0,,2,110.0,110.0,115.0,2,230.0,235.0,246.0,2,502.5,313.97,9
"- 120 kg",,,,,,,,,,,,,,,,,,,,,
1 Malone Benjamin,,1998,WBOP 117.58 0.5777,,,17,150.0,155.0 160.0,,1,100.0,105.0,105.0,1,180.0,192.5,200.0,1,460.0,265.75,12
Nation (points),,,,,,,,,,,,,,,,,,,,,
1 Auckland,,50,[12+12+9+9+8]1677.29 w.pts.,,,,,,,,,,,,,,,,,,
2 Central Districts,,38,[12+9+9+8]1242.31 w.pts.,,,,,,,,,,,,,,,,,,
3 Waikato/ Bay of Plenty,,24,[12+12]620.44 w.pts.,,,,,,,,,,,,,,,,,,
4 Southern,,19,[12+7]574.86 w.pts.,,,,,,,,,,,,,,,,,,
5 Northland,,9,[9]313.97 w.pts.,,,,,,,,,,,,,,,,,,
Best Lifters of Subjuniors,,,,,,,,,,,,,,,,,,,,,
PL.   Lifter,,Nation,B.Weight,,,,WF,Total,,W. points,,,,,,,,,,,
1 Hall Chris,,Auckland,92.88,,,,0.6286,605.0,,,380.27,,,,,,,,,,
2 Notman Nico,,Auckland,80.16,,,,0.6818,542.0,,,369.55,,,,,,,,,,
3 Wilcock Jayden,,Southern,101.16,,,,0.6058,600.0,,,363.49,,,,,,,,,,
Juniors,,,,,,,,,,,,,,,,,,,,,
"- 53 kg",,,,,,,,,,,,,,,,,,,,,
10 Chaithoo Brendan,,1995,APA 53.00 0.6315,,,1,115.0,122.5 130.0,,10,80.0,87.5,95.5,10,155.0,163.0 nzr,170.0,10,380.5,240.28,1
"- 66 kg",,,,,,,,,,,,,,,,,,,,,
1 Tan Christopher,,1992,APA 65.00 0.7952,,,11,175.0,185.0 185.0 nzr,,1,115.0,120.0 nzr,122.5 nzr,1,220.0 nzr,232.5 nzr,240.0 nzr,1,547.5,435.37,12
"- 74 kg",,,,,,,,,,,,,,,,,,,,,
1 Tan Jak,,1993,APA 72.72 0.7284,,,2,185.0,197.5 210.0,,1,110.0,115.0,117.5,4,217.5,232.5,243.0 nzr,1,568.0,413.70,12
2 Larter Joel,,1992,CANT 73.00 0.7264,,,7,185.0,200.0 207.5,,2,120.0,120.0,125.0,3,220.0,230.0,232.5,3,557.5,404.96,9
3 McKenzie Kane,,1994,APA 69.38 0.7546,,,6,175.0,185.0 190.0,,3,112.5,120.0,120.0,1,210.0,220.0,225.0,4,530.0,399.91,8
4 Daysh Lindsay,,1995,STH 70.84 0.7427,,,4,170.0,180.0 190.0,,4,110.0,120.0,122.5,2,210.0,220.0,230.0,2,530.0,393.62,7
5 Taylor Scott,,1993,CANT 73.30 0.7242,,,6,160.0,165.0 172.5,,5,92.5,97.5,100.0,7,205.0,215.0,220.0,5,487.5,353.04,6
6 Richards Matthew,,1993,APA 73.96 0.7196,,,8,140.0,147.5 147.5,,6,97.5,105.0,107.5,6,145.0,160.0,170.0,7,412.5,296.82,5
"— Cardy Lyle",,1992,APA 73.66 0.7217,,,9,140.0,140.0 140.0,,Disq.,110.0,115.0,120.0,5,160.0,170.0,180.0,6,Out,—,—
"- 83 kg",,,,,,,,,,,,,,,,,,,,,
1 Orwin Alex,,1992,APA 81.64 0.6742,,,16,190.0,202.5 207.5,,1,112.5,117.5,120.0,4,225.0,235.0,242.5,3,562.5,379.23,12
2 Chung Michael,,1992,APA 80.78 0.6786,,,22,182.5,192.5 197.5,,3,100.0,110.0,117.5,3,230.0,245.0,252.5,2,555.0,376.62,9
3 Kudav Siddhanth,,1992,CD 80.76 0.6787,,,15,180.0,195.0 202.5,,2,125.0,127.5,130.0,2,210.0,225.0,235.0,6,530.0,359.71,8
4 Maxwell-Brown Sumner,,1995,APA 75.94 0.7426,,,14,172.5,180.0 185.0,,4,105.0,112.5,112.5,5,210.0,220.0,225.0,5,510.0,378.74,7
5 Roake Douglas,,1994,CANT 77.96 0.6941,,,21,135.0,150.0 160.0,,5,75.0,85.0,90.0,8,200.0,220.0,230.0,4,475.0,329.71,6
6 Batts Sebastian,,1996,APA 81.72 0.6738,,,19,145.0,155.0 155.0,,6,100.0,105.0,110.0,7,195.0,205.0,210.0,7,470.0,316.68,5
7 Lal Ravneel,,1995,STH 79.76 0.6840,,,17,135.0,135.0 140.0,,7,102.5,105.0,107.5,6,165.0,170.0,170.0,8,405.0,277.02,4
"— Tukua Josh",,1992,CD 82.02 0.6723,,,3,230.0,230.0 X,,Disq.,147.5,152.5,152.5,1,280.0,285.0,295.0,1,Out,—,—
"- 93 kg",,,,,,,,,,,,,,,,,,,,,
1 McEwan Timothy,,1992,CD 90.58 0.6364,,,21,245.0,260.0 nzr 270.0,,1,147.5,155.0,X,2,265.0,280.0,290.5,1,695.0,442.27,12
2 Tahana Hamish,,1992,CANT 90.20 0.6377,,,16,230.0,230.0 240.0,,2,160.0,160.0,160.0,1,272.5,281.0,X,2,662.5,422.47,9
3 Curry Jonathan,,1992,APA 91.22 0.6341,,,14,225.0,235.0 235.0,,4,140.0,150.0,155.0,3,235.0,240.0,252.5,4,632.5,401.08,8
4 Hart Tom,,1994,STH 90.76 0.6357,,,8,215.0,225.0 230.0,,3,120.0,127.5,132.5,7,237.5,247.5,255.0,3,617.5,392.55,7
5 Hanara Benjamin,,1995,CD 90.42 0.6369,,,12,200.0,210.0 220.0,,5,145.0,150.0,155.0,4,235.0,245.0,255.0,5,615.0,391.70,6
6 Evans Rhys,,1994,CD 89.90 0.6388,,,11,190.0,205.0 210.0,,6,135.0,145.0,150.0,5,230.0,240.0,245.0,6,595.0,380.08,5
7 Tilby Sam,,1993,APA 93.00 0.6282,,,9,170.0,175.0 175.0,,8,130.0,137.5,137.5,8,195.0,205.0,210.0,8,510.0,320.38,4
8 Lynch Rory,,1994,APA 90.20 0.6377,,,13,150.0,162.5 175.0,,9,127.5,135.0,140.0,6,195.0,210.0,210.0,7,507.5,323.63,3
9 Singh Himmat,,1995,CANT 92.46 0.6299,,,10,170.0,180.0 180.0,,7,115.0,120.0,125.0,9,190.0,200.0,212.5,9,500.0,314.96,2
"- 105 kg",,,,,,,,,,,,,,,,,,,,,
1 Wilks Josh,,1993,APA 102.74 0.6023,,,27,235.0,245.0 255.0,,1,135.0,135.0,150.0,2,270.0,290.0,290.0,1,660.0,397.50,12
2 O'Sullivan Bernard,,1993,STH 102.82 0.6021,,,21,215.0,222.5 230.0,,2,150.0,160.5 nzr,165.0,1,245.0,255.0,265.0,2,645.5,388.62,9
3 O'Brien Connor,,1995,CANT 103.54 0.6020,,,17,192.5,200.0 212.5,,3,112.5,120.0,125.0,4,210.0,232.5,235.0,4,555.0,334.08,8
4 Lester Ryan,,1992 CANT 98.02 0.6136,,,,19,180.0,190.0 200.0,,4,100.0,107.5,115.0,5,220.0,240.0,250.0,3,545.0,334.39,7
5 Laurenson Finau,,1996 APA 101.40 0.6053,,,,18,180.0,190.0 200.0,,5,125.0,130.0,135.0,3,210.0,210.0,210.0,5,530.0,320.80,6
"- 120 kg",,,,,,,,,,,,,,,,,,,,,
1 Scott Adam,,1992 CANT 118.20 0.5770,,,,28,240.0,252.5 265.0,,1,170.0,180.0,187.5 nzr,1,270.0,282.5,295.0,1,747.5,431.30,12
2 Tau Leethan,,1993 APA 118.18 0.5770,,,,19,215.0,227.5 235.0,,2,125.0,130.0,137.5,2,225.0,235.0,240.0,2,605.0,349.09,9
120+ kg,,,,,,,,,,,,,,,,,,,,,
1 Foote Ethan,,1992 WBOP 144.90 0.5560,,,,26,240.0,250.0 nzr 260.0,,2,160.0,165.0,170.0,1,305.0,335.5,X,1,755.5,420.05,12
2 Miller Adam,,1992 CD 132.28 0.5639,,,,29,245.0,255.0 262.5,,1,140.0,145.0,150.0,2,305.0,312.5,312.5,2,705.0,397.54,9
Nation (points),,,,,,,,,,,,,,,,,,,,,
1 Auckland,,66[12+12+12+12+9+9]2351.54 w.pts.,,,,,,,,,,,,,,,,,,,
2 Canterbury,,51[12+9+9+8+7+6]2280.28 w.pts.,,,,,,,,,,,,,,,,,,,
3 Central Districts,,40[12+9+8+6+5]1971.32 w.pts.,,,,,,,,,,,,,,,,,,,
4 Southern,,27[9+7+7+4]1451.83 w.pts.,,,,,,,,,,,,,,,,,,,
5 Waikato/ Bay of Plenty,,12[12]420.06 w.pts.,,,,,,,,,,,,,,,,,,,
"— Northland",,—,,,,,,,,,,,,,,,,,,,
Best Lifters of Juniors,,,,,,,,,,,,,,,,,,,,,
PL.   Lifter,,Nation B.Weight,,,,,WF,Total,,,W. points,,,,,,,,,,
1 McEwan Timothy,,Central Districts 90.58,,,,,0.6364,695.0,,,442.27,,,,,,,,,,
2 Tan Christopher,,Auckland 65.00,,,,,0.7952,547.5,,,435.37,,,,,,,,,,
3 Scott Adam,,Canterbury 118.20,,,,,0.5770,747.5,,,431.30,,,,,,,,,,
Masters 1,,,,,,,,,,,,,,,,,,,,,
"- 93 kg",,,,,,,,,,,,,,,,,,,,,
1 Mischewski Kieran,,1975 WBOP 91.28 0.6339,,,,8,177.5,185.0 192.5,,1,110.0,115.0,117.5,1,237.5 nzr,245.0 nzr,250.0,1,555.0,351.80,12
2 Paramore Brendan,,1971 APA 92.50 0.6298,,,,11,165.0,177.5 180.0,,2,97.5,105.0,110.0,3,215.0,232.5,240.0,2,517.5,325.92,9
3 Kelsall Simon,,1970 APA 91.44 0.6333,,,,14,155.0,165.0 165.0,,4,105.0,110.0,115.0,2,185.0,200.0,210.0,4,475.0,300.83,8
4 De Joux Rene,,1971 CANT 90.66 0.6361,,,,23,160.0,165.0 175.0,,3,95.0,100.0,105.0,4,185.0,200.0,210.0,3,465.0,295.76,7
"- 105 kg",,,,,,,,,,,,,,,,,,,,,
1 Wright Colin,,1968 CANT 104.94 0.5977,,,,24,180.0,200.0 215.0,,3,160.0,170.5,170.5,1,220.0,245.0,275.5,2,605.0,361.62,12
2 Sanileva Sani,,1974 APA 103.08 0.6015,,,,30,215.0,225.0 230.0,,1,135.0,145.0,145.0,2,220.0,235.0,245.0,3,585.0,351.90,9
3 Laban Les,,1969 APA 99.32 0.6103,,,,20,185.0,200.0 210.0,,2,115.0,122.5,127.5,4,230.0,250.0,262.5,1,577.5,352.42,8
4 Penny Andrew,,1974 NTH 104.02 0.5996,,,,16,180.0,190.0 195.0,,4,125.0,135.0,140.0,3,220.0,225.0,230.0,4,555.0,332.75,7
"- 120 kg",,,,,,,,,,,,,,,,,,,,,
1 Madge Clive,,1971 CD 105.64 0.5963,,,,22,215.0,230.0 237.5,,1,145.0,150.0,155.0,1,240.0,250.0,255.0,1,647.5,386.11,12
2 Dennis Ian,,1973 CD 110.84 0.5871,,,,9,210.0,220.0 227.5,,2,145.0,150.0,152.5,2,220.0,230.0,240.0,2,620.0,364.01,9
3 Liddington Graham,,1972 CD 117.24 0.5782,,,,11,210.0,220.0 230.0,,3,130.0,140.0,140.0,3,230.0,250.0,270.0,4,580.0,335.33,8
4 Thornley Gwion,,1971 APA 109.78 0.5888,,,,12,125.0,140.0 155.0,,4,100.0,105.0,112.5,4,200.0,230.0,255.0,3,490.0,288.53,7
120+ kg,,,,,,,,,,,,,,,,,,,,,
1 Simanu Reuben,,1971 WBOP 157.64 0.5494,,,,21,250.0,285.0 nzr 300.0 nzr,,1,225.0,235.0,242.5,1,260.0,290.0,305.0,1,825.0/nzr/,453.25,12
2 Akavi Tiare,,1971 CD 136.80 0.5608,,,,15,190.0,217.5 217.5,,2,160.0,167.5,170.0,2,240.0,255.0,267.5,2,655.0,367.32,9
Nation (points),,,,,,,,,,,,,,,,,,,,,
1 Auckland,,41[9+9+8+8+7]1619.62 w.pts.,,,,,,,,,,,,,,,,,,,
2 Central Districts,,38[12+9+9+8]1452.79 w.pts.,,,,,,,,,,,,,,,,,,,
3 Waikato/ Bay of Plenty,,24[12+12]805.06 w.pts.,,,,,,,,,,,,,,,,,,,
4 Canterbury,,19[12+7]657.39 w.pts.,,,,,,,,,,,,,,,,,,,
5 Northland,,7[7]332.76 w.pts.,,,,,,,,,,,,,,,,,,,
Best Lifters of Masters 1,,,,,,,,,,,,,,,,,,,,,
PL.   Lifter,,Nation B.Weight,,,,,WF,Total,,,W. points,,,,,,,,,,
1 Simanu Reuben,,Waikato/ Bay of Plenty 157.64,,,,,0.5494,825.0,,,453.25,,,,,,,,,,
2 Madge Clive,,Central Districts 105.64,,,,,0.5963,647.5,,,386.11,,,,,,,,,,
3 Akavi Tiare,,Central Districts 136.80,,,,,0.5608,655.0,,,367.32,,,,,,,,,,
Masters 2,,,,,,,,,,,,,,,,,,,,,
"- 83 kg",,,,,,,,,,,,,,,,,,,,,
1 Kett Jamie,,1958 WBOP 82.50 0.6699,,,,1,175.0,190.0 200.0,,1,125.0,135.0,140.0,1,207.5,215.0,225.0,1,550.0/nzr/,368.44,12
"- 93 kg",,,,,,,,,,,,,,,,,,,,,
1 Tepa Norman Senior,,1960 APA 88.82 0.6427,,,,3,175.0,185.0 185.0,,1,130.5 nzr,135.0 nzr,140.0 nzr,1,180.0,187.5,195.0,2,512.5/nzr/,329.39,12
2 McGavin Lindsay,,1957 CANT 86.22 0.6531,,,,10,167.5,172.5 172.5,,2,95.0,95.0,100.0,2,180.0,185.0,192.5,1,460.0,300.43,9
"- 105 kg",,,,,,,,,,,,,,,,,,,,,
1 Boyce Graeme,,1962 CD 100.40 0.6076,,,,15,190.0,210.5 nzr 215.0 nzr,,1,110.0,120.0,122.5,1,250.0,265.0,272.5,1,600.0,364.56,12
120+ kg,,,,,,,,,,,,,,,,,,,,,
1 Fields Mark,,1962 CANT 129.72 0.5658,,,,13,205.0,215.0 222.5,,1,130.0,137.5,142.5,1,180.0,187.5,195.0,2,555.0,314.01,12
2 Holmes Geoffrey,,1961 CD 129.78 0.5658,,,,23,200.0,205.0 210.0,2,,105.0,110.0,115.0,2,210.0,225.0,235.0,1,555.0,314.01,9
Nation (points),,,,,,,,,,,,,,,,,,,,,
1 Central Districts,,21[12+9]678.58 w.pts.,,,,,,,,,,,,,,,,,,,
2 Canterbury,,21[12+9]614.45 w.pts.,,,,,,,,,,,,,,,,,,,
3 Waikato/ Bay of Plenty,,12[12]368.45 w.pts.,,,,,,,,,,,,,,,,,,,
4 Auckland,,12[12]329.39 w.pts.,,,,,,,,,,,,,,,,,,,
Best Lifters of Masters 2,,,,,,,,,,,,,,,,,,,,,
PL.   Lifter,,Nation B.Weight,,,,,WF,Total,,,W. points,,,,,,,,,,
1 Kett Jamie,,Waikato/ Bay of Plenty 82.50,,,,,0.6699,550.0,,,368.44,,,,,,,,,,
2 Boyce Graeme,,Central Districts 100.40,,,,,0.6076,600.0,,,364.56,,,,,,,,,,
3 Tepa Norman Senior,,Auckland 88.82,,,,,0.6427,512.5,,,329.39,,,,,,,,,,
Masters 3,,,,,,,,,,,,,,,,,,,,,
"- 59 kg",,,,,,,,,,,,,,,,,,,,,
1 Madsen Jeff,,1955 APA 58.80 0.8689,,,,9,125.0,132.5 nzr 135.0,1,,50.0,55.0,60.0,1,160.0,172.5 nzr,X,1,365.0,317.14,12
"- 93 kg",,,,,,,,,,,,,,,,,,,,,
1 Barrett Bryan,,1952 NTH 91.22 0.6341,,,,6,177.5,187.5 195.0,1,,100.0,105.0,110.0,1,205.0,221.0 nzr,225.0 nzr,1,522.5/nzr/,331.32,12
2 Rivers John,,1954 CD 88.72 0.6431,,,,9,150.0,160.0 165.0,2,,100.0,105.0,107.5,2,160.0,175.0,182.5,2,440.0,282.97,9
Nation (points),,,,,,,,,,,,,,,,,,,,,
1 Northland,,12[12]331.33 w.pts.,,,,,,,,,,,,,,,,,,,
2 Auckland,,12[12]317.15 w.pts.,,,,,,,,,,,,,,,,,,,
3 Central Districts,,9[9]282.97 w.pts.,,,,,,,,,,,,,,,,,,,
Best Lifters of Masters 3,,,,,,,,,,,,,,,,,,,,,
PL.   Lifter,,Nation B.Weight,,,,,WF,Total,,,W. points,,,,,,,,,,
1 Barrett Bryan,,Northland 91.22,,,,,0.6341,522.5,,,331.32,,,,,,,,,,
2 Madsen Jeff,,Auckland 58.80,,,,,0.8689,365.0,,,317.14,,,,,,,,,,
3 Rivers John,,Central Districts 88.72,,,,,0.6431,440.0,,,282.97,,,,,,,,,,
Masters 4,,,,,,,,,,,,,,,,,,,,,
"- 83 kg",,,,,,,,,,,,,,,,,,,,,
1 Parsons Clarry,,1941 APA 81.90 0.6729,,,,14,150.0,160.0 170.0 nzr,1,,85.0,90.0,90.0,1,165.0,175.0,185.0 nzr,1,440.0/nzr/,296.07,
"- 93 kg",,,,,,,,,,,,,,,,,,,,,
1 Esterbauer Felix,,1936 WBOP 92.30 0.6305,,,,17,110.0,110.0 115.0,1,,75.0,75.0,80.0,1,180.0,202.5,X,1,387.5,244.31,
Best Lifters of Masters 4,,,,,,,,,,,,,,,,,,,,,
PL.   Lifter,,Nation B.Weight,,,,,WF,Total,,,W. points,,,,,,,,,,
1 Parsons Clarry,,Auckland 81.90,,,,,0.6729,440.0,,,296.07,,,,,,,,,,
2 Esterbauer Felix,,Waikato/ Bay of Plenty 92.30,,,,,0.6305,387.5,,,244.31,,,,,,,,,,
Abbreviations:,,,,,,,,,,,,,,,,,,,,,
APA = Auckland,,NTH = Northland,,,,,,nzr= New Zealand Record,,,,,,,,,,,,,
CANT = Canterbury,,STH = Southern,,,,,,,,,,,,,,,,,,,
CD = Central Districts,,WBOP = Waikato/ Bay of Plenty,,,,,,,,,,,,,,,,,,,
