         Name          Class        Gender   BWT     Cls (kg)   SQ-1    SQ-2     SQ-3     BP-1   BP-2    BP-3    DL-1    DL-2     DL-3    Total   Points

UNEQUIPPED FEMALE


Lane, Antoinett      Junior     F            57.9     58.5      92.5    97.5      101     -40    42.5     45     122.5    130     140     285     130.416
Okker, Pat           Masters 3 F             57.3     58.5      67.5     70       -75     52.5   -53.5   53.5    87.5    92.5      95     217.5   99.636
Gill, Chanel         Junior     F            58.5     58.5       -90    -97.5    -100     42.5   -47.5   -52.5   100      110     127.5    0       0.000


Piona, Amber         Open       F            62.4      63       87.5     95       105     52.5    55      60     105     112.5    -125    277.5   126.540
Holloway, Angela     Masters 1 F              62       63        45     47.5      50       35    37.5    -40     67.5    72.5      75     162.5   74.100
Clark, Anne          Masters 6 F             61.8      63        30      -35      -35     32.5   -35     -35      75     -82.5    -82.5   137.5   62.700


McClain, Jennifer    Open       F            76.8      70        90     92.5      95      57.5    60     -62.5   102.5   112.5    117.5   272.5   124.260
Kuckelman, Jeanne    Masters 3 F             66.4      70       -62.5   62.5      -70     52.5    55     -57.5   100     -107.5   -110    217.5   99.180
Helenthal, Tara      Open       F            65.8      70        70     -77.5    -77.5    42.5   -47.5   -47.5   82.5    87.5     92.5    205     93.480
Harned, Audrey       Master 6   F            68.4      70       32.5    37.5      40       35    37.5    -40     72.5    77.5     82.5    160     72.960
Falloon, Sandy       Master 5   F            68.9      70        30      35      37.5      25    -27.5   27.5    72.5    77.5     -82.5   142.5   64.980
Douglass, Terry      Master 5   F            65.5      70        30      -35      -35     32.5   -35      35     67.5     70      72.5    137.5   62.700
Copenhaver, Andrea   Open       F            66.5      70       -87.5   -87.5    -87.5    -55    -55     -55      85      90      -97.5    0       0.000


Borgmann, Shannon    Master 1   F             80       80        80      90      -97.5    52.5   -57.5   57.5    110     122.5    137.5   285     129.960
Ludwig, Gail         Master 6   F            72.1      80        35      40       45       40    -45     -45      75     77.5      -80    162.5   74.100
Voss, Johanna        Open       F            78.3      80       -87.5   -87.5    -87.5    -60     60     -62.5   110     117.5    122.5    0       0.000


Van Hove, Beth       Master 3   F            89.9      90        55      60       65      47.5   52.5     55      95      100     102.5   222.5   101.460


Bowen, Cara          Open       F            112.3     90+      62.5    -67.5    67.5      40    42.5     45      80      85      92.5    205     93.480
Rapert, Mary         Master 5   F            91.8      90+       25                       42.5   -50     -55     107.5   117.5    127.5   195     88.920
Wrenn, Charla        Master 2   F            91.6      90+       25      -30      -30      50     55     -60      75      80       90     170     77.520


UNEQUIPPED MALE


Wrenn, Johnathon     Junior     M            52.8      56       140      150     -157.5    80     90      95     150      160     -170    405     184.680


Stagg, Jacob         Teen 2     M            58.3      60       110     117.5              70     75     -77.5   165     -175     -175    357.5   163.020


Kientzle, Parker     Teen 2     M            64.8     67.5      120     -132.5   -137.5    70     80      85     142.5    165     182.5   387.5   176.700
Parke, JP            Teen 1     m            65.4     67.5      102.5    115      125     72.5   -77.5   -77.5   147.5    165     177.5   375     171.000
Koska, Ethan         Teen 2     M            60.6     67.5      -62.5    65       85       55    -65      65      85      95      110     260     118.560
Horner, David       Master 1   M    74.6    75      185      196     -200     147.5    -152.5   -152.5   215     227.5    -235     570     260.376
Mitchell, Brandon   Teen 3     M    74.2    75      155     172.5    182.5    117.5    -127.5   -127.5   215     227.5    -237.5   527.5   240.540
Stagg, Michael      Master 2   M     73     75      150      160     167.5     130     -135      135     200      210     -217.5   512.5   233.700
Amen-Ra, Nun        Open       m    74.2    75      125     142.5     150      120     122.5    -137.5   227.5   -261              500     228.000
Jones, Andrew       Teen 3     M    72.8    75     142.5    152.5     165      100      110     -117.5   185      200      210     485     221.160
Herbst, Robert      Master 4   M    73.3    75      120     127.5    -132.5    105      110     -112.5   167.5   -182.5   -182.5   405     184.680
Miller, Lynn        Master 6   M     74     75      -95      -95      95      92.5      95      -97.5    165     172.5    177.5    367.5   167.580
Singer, Austin      Teen 2     M    75.6    75     -102.5   102.5     110      90       95      -102.5   115     137.5    152.5    357.5   163.020




Jeffries, Michael   Master 2   M    80.4    82.5    140     147.5    152.5     125     132.5    -137.5   222.5   237.5    247.5    532.5   242.820
Remesh, Rishi       Junior     M    79.2    82.5    165      176     -182.5   -92.5    -97.5    97.5     210     218.5    227.5    500     228.456
Whitley, Jacob      Open       M    80.5    82.5   152.5    162.5     170     112.5    117.5    -122.5   192.5    205     -212.5   492.5   224.580
Victor, Brandon     Open       M    77.6    82.5    155      170     -180      110      115     117.5    170      185              472.5   215.460
Freels, Lynn        Master 6   M    81.4    82.5   -160      160     172.5    97.5     102.5    107.5    167.5    175     182.5    462.5   210.900
Miller, Blake       Teen 3     M     80     82.5   137.5    142.5    -150     112.5     125      130     152.5    165     182.5    455     207.480
Reagan, Cray        Teen 1     M    80.2    82.5    125      140     147.5     95      97.5     102.5    175     187.5     200     450     205.200
Stovall, James      Master 7   M    81.8    82.5   -147.5   -147.5    150     -87.5    87.5      -90     182.5    190     -195     427.5   194.940
Jeffries, Jordan    Teen 2     M    77.9    82.5   122.5     130     -137.5    85      92.5      -95     157.5    170     -182.5   392.5   178.980
Kohut, Tony         Master 6   M     81     82.5    100      110     117.5     60       -65      -65     150     -167.5   -167.5   327.5   149.340


Osmoe, Kenneth      Junior     M    85.5    90      205     227.5     235     147.5    -165      165     210     -242.5   -242.5   610     278.160
Bodnar, Cody        Junior     M    88.5    90      185      195     -202.5    110      125     -137.5   225     232.5     240     560     255.360
Suddarth, Bernie    Open       M    83.7    90      190      205     -220      110     -125     -125     200      220     227.5    542.5   247.380
Thomas Sr, Demetrius Open      M     90     90      115     137.5    142.5    -102.5    115     -137.5   192.5   227.5     240     497.5   226.860
Williams, Dan       Teen 3     M    87.1    90      150      165     -182.5   87.5     97.5     -105     205      220      230     492.5   224.580
Wade, Daniel        Junior     M    89.2    90     -220     -227.5   -235     -157.5   157.5    -160     247.5   -265     -275      0       0.000




Obert, Jacob        Open       M    99.7    100    182.5     190     -200     142.5    157.5    -170     265     -280     -280     612.5   279.300
McClain, Maurice    Open       M    97.7    100    182.5    -197.5    210     152.5    157.5     170     205      230     -275     610     278.160
Friday, Charles     Open       M    95.3    100     205      220     -230     137.5    142.5     145     225      230     237.5    602.5   274.740
Nepute, Tony        Junior     M    98.4    100     175     182.5    -197.5    125      145     -157.5   240     -260      260     587.5   267.900
Minnis, Jonathan    Open       M    98.4    100     175     182.5     190      140     -145     -145     227.5   242.5    -250     572.5   261.060
Leahy, Mark         Master 3   M     94     100     160     167.5    -176     137.5     145     152.5    187.5   197.5    -205     517.5   235.980
Caldwell, Markane   Open       M    94,2    100    92.5     97.5      105     142.5    -147.5   -147.5   192.5   -272.5   -272.5   440     200.640


White, Tanner       Teen 2     M    108.3   110     205     227.5    232.5     120      130     137.5    227.5    250     -272.5   620     282.720
Hansen, Frank       Master 6   M    109     110    -115     -115               -80                       115
Horn, Roger         Master 5   MM   107.8   110    -142.5   -142.5   -142.5   102.5                      175
Bechel, Brad           Open       M   123.5   125    215      240      250      170     182.5    190      215     242.5    -250     682.5   311.220
Riley, Ed              Master 3   M   119.1   125   -227.5   227.5    -235      115     125     -137.5   -297.5   297.5             650     296.400
Brinker, Patrick       Open       m   123.1   125    195      210     -227.5    140     150     -155      240      260      275     635     289.560
Janssen, Brody         Junior     M   116.5   125    215      230     -242.5   137.5    147.5   -157.5   237.5     255     -267.5   632.5   288.420
Jacobs, Josh           Open       m   125     125   202.5    -207.5   -207.5   187.5    192.5   -200     217.5     225     -230     620     282.720
Reichert, Zachary      Junior     M   115.5   125    185     207.5    -227.5   -130     135     -142.5    205     227.5    -237.5   570     259.920
Richie, Jordan         Junior     M   119.1   125   -145      145      170     -127.5   127.5   -137.5    185     207.5             505     230.280
Smith, Donavan         Teen 3     M   120.5   125   -227.5   -260     -262.5   142.5    150     -167.5    205      215     227.5     0       0.000


Loeb, Max              Teen 3     M   131.9   145    215     227.5    232.5     145     152.5   -160      230     -242.5   242.5    627.5   286.140
Hill, Derrick          Master 1   M   126.8   145   -165      185     -205      130     -155    -160      210      255     -260     570     259.920
Clasing, Raymond       Master 3   M   129.1   145   -165      165     -182.5   167.5    175     182.5    182.5     200     -207.5   547.5   249.660




EQUIPPED FEMALE


Westfall, Sarah E      Master 1   F    68     70    92.5     102.5    112.5     45      52.5     -55      110      120     -127.5   285     129.960


EQUIPPED MALE


May, Zach E            Junior     M   73.8    75    -175      175      190      110     122.5   -125     202.5     215     227.5    540     246.240


Bagley, Gary - E       Master 3   M   99.3    100   -215     -227.5   227.5     120     130     -137.5    205     227.5    -237.5   585     266.760


Minner, David - E      Open       M   123.1   125   -210      210     -220     -160     167.5   -175      190      210     -227.5   587.5   267.900


Cotter, Daniel - E     Master 2   M   134.8   145    195     -230     -230      145     165     -172.5    195     -227.5            555     253.080
National Meet Record
Amercan Record

International Judges

Michael Stagg
Shelley Frazier
Dick Van Eck
Roger Gedney

National Judges

Chris Forestier
Bill Duncan
David Horner
Johnathan Wrenn
Pat Okker
Michael Chase
