
подготовил Сергей РыжукVI
    Кубок Украины
    III Чемпионат Украины в отдельных упражнениях
г. Каменец-Подольский, 9 - 12 октября 1994 года.

ЖЕНЩИНЫ
 -44,00 кг.
 1. Черновцан Наталья/81	 40,50	Черновцы	 67,5	 32,5	 95,0	195,0
 -48,00 кг.
 1. Краснобрыжая Светлана/60	 47,50	Токмак		100,0	 62,5	117,5	280,0
 2. Лапина Елена/72		 46,00	Харьков		 65,0	 35,0	 85,0	185,0
 3. Маринец Наталья/76		 47,80	Белая Церковь	 65,0	 35,0	 85,0	185,0
 4. Гуминская Леся/80		 47,00	Херсон		 62,5	 35,0	 80,0	177,5
 -52,00 кг.
 1. Поплавская Светлана/66	 50,30	Токмак		130,0	 70,0	140,0	340,0
 2. Беспарточная Елена/74	 52,00	Рубежное	 92,5	 72,5	125,0	290,0
 3. Ващенок Виктория/77		 50,80	Чернигов	 97,5	 50,0	125,0	272,5
 4. Проць Лилия/74		 51,00	Тернополь	110,0	 50,0	 95,0	257,5
 5. Миняйло Виктория/73		 52,00	Киев		 97,5	 55,0	 95,0	247,5
 6. Куприенко Людмила/63	 50,00	Чернигов	 80,0	 40,0	115,0	235,0
 7. Гребля Марина/74		 50,20	Черновцы	 72,5	 37,5	120,0	230,0
 -56,00 кг.
 1. Османова Людмила/76		 54,00	Ялта		 95,0	 70,0	122,5	287,5
							     4-я 75,0
 2. Нестерова Валерия/72	 56,00	Горловка	102,5	 50,0	125,0	272,5
 3. Козина Елена/68		 52,50	Херсон		 90,0	 52,5	120,0	262,5
 -  Довгай Мария/63		 55,40	Днепродзержинск	---,-	---,-	---,-	    0
 -  Данилюк Ирина/71		 55,40	Бердичев	 90,0	---,-	---,-	    0
 -60,00 кг.
 1. Старова Людмила/70		 59,20	Харьков		155,0	100,0	190,0	445,0
 2. Ящук Лина/72		 58,90	Черновцы	 90,0	 57,5	132,5	280,0
 3. Малуха Татьяна/66		 59,50	Херсон		102,5	 52,5	117,5	272,5
 4. Пилипенко Елена/77		 58,70	Боярка		 85,0	 50,0	105,0	240,0
 -67,50 кг.
 1. Посмитная Виктория/66	 66,80	Киев		112,5	 62,5	110,0	285,0
 2. Андриевская Инна/75		 63,80	Боярка		100,0	 45,0	130,0	275,0
 
МУЖЧИНЫ
 -52,00 кг.
 1. Ватюк Сергей/62		 52,00	Коломыя		160,0	110,0	185,0	455,0
 -56,00 кг.
 1. Громов Александр/75		 55,00	Ялта		165,0	 95,0	177,5	437,5
 2. Забожный Андрей/78		 53,20	Белая Церковь	170,0	 85,0	180,0	435,0
 3. Сидоровнин Виктор/79	 55,00	Феодосия	140,0	 80,0	160,0	380,0
 -  Борух Руслан/71		 55,40	Львов		---,-	---,-	---,-	    0
 -60,00 кг.
 1. Арсеньев Виталий/63		 59,00	Кировоград	195,0	135,0	220,0	550,0
 2. Бочковский Анатолий/54	 58,15	Киев		180,0	 97,5	232,5	510,0
 3. Марценюк Юрий/74		 58,50	Теофиполь	170,0	115,0	180,0	465,0
 4. Деревянко Сергей/77		 59,90	Рубежное	135,0	 90,0	192,5	417,5
 5. Панасенко Леонид/64		 58,20	Чернигов	135,0	 97,5	175,0	407,5
 -67,50 кг.
 1. Кравченко Валерий/65	 67,00	Днепродзержинск	260,0	165,0	250,0	675,0
 2. Висицкий Николай/72		 64,00	Белая Церковь	200,0	152,5	235,0	587,5
 3. Крикун Андрей/74		 66,00	Кировоград	215,0	147,5	215,0	577,5
 4. Ясельский Валерий/66	 67,50	Коломыя		182,5	120,0	232,5	535,0
 5. Мельник Игорь/76		 67,00	Ивано-Франковск	155,0	120,0	195,0	470,0
 6. Андрийчук Николай/74	 61,50	Теофиполь	145,0	112,5	180,0	437,5
 -75,00 кг.
 1. Куртяк Василий/61		 74,65	Киев		262,5	165,0	300,0	727,5
 2. Базаев Сиражутдин/68	 70,00	Киев		282,5	162,5	280,0	725,0
 3. Соловьев Дмитрий/70		 73,25	Киев		270,0	192,5	262,5	725,0
 4. Панченко Иван/69		 74,45	Шостка		242,5	155,0	245,0	635,0
 5. Авдокунин Павел/75		 72,65	Киев		195,0	140,0	262,5	597,5
 6. Хуруджи Виктор/75		 70,25	Днепропетровск	220,0	140,0	220,0	580,0
 7. Мирошников Владислав/73	 72,80	Харьков		195,0	145,0	225,0	565,0
 8. Марынюк Сергей/54		 74,80	Теофиполь	210,0	120,0	255,0	565,0
 -  Очеретнюк Олег/72		 70,25	Киев		210,0	---,-	---,-	    0
 -  Скорик Сергей/70		 73,10	Днепропетровск	---,-	---,-	---,-	    0
 -  Ганзий Анатолий/63		 71,70	Днепропетровск	150,0	---,-	---,-	    0
 -82,50 кг.
 1. Збышевский Олег/65		 81,50	Жмеринка	250,0	185,0	260,0	695,0
 2. Щербина Виктор/73		 81,20	Красный Лиман	250,0	140,0	250,0	640,0
 3. Комаровский Олег/68		 82,00	Черкассы	230,0	160,0	237,5	627,5
 4. Гайдай Тарас/76		 75,10	Белая Церковь	242,5	150,0	232,5	625,0
 5. Комаров Николай/62		 82,40	Днепропетровск	225,0	140,0	230,0	607,5
 6. Почкай Василий/55		 81,30	Чернигов	205,0	140,0	215,0	560,0
 7. Дубенюк Сергей/71		 81,40	Славянск	185,0	137,5	215,0	537,5
 8. Малярчук Игорь/72		 81,00	Тернополь	160,0	125,0	230,0	515,0
 9. Урбан Виктор/66		 79,40	Рубежное	205,0	117,5	187,5	510,0
10. Шевчук Александр/74		 82,50	К-Подольский	170,0	117,5	200,0	485,0
 -  Кривовязюк Юрий/69		 82,50	Жмеринка	---,-	---,-	---,-	    0
 -  Яцков Владимир/52		 82,00	Дружковка	170,0	---,-	---,-	    0
 -90,00 кг.
 1. Куракин Николай/67		 85,70	Феодосия	265,0	170,0	290,0	725,0
 2. Солодкий Дмитрий/71		 87,00	Белая Церковь	240,0	195,0	270,0	710,0
 3. Цилинченко Александр/73	 88,20	Мариуполь	252,5	155,0	270,0	677,5
 4. Пирог Михаил/71		 88,90	Ивано-Франковск	235,0	160,0	280,0	675,0
 5. Грабовский Игорь/68		 89,70	Одесса		260,0	175,0	225,0	660,0
 6. Пономаренко Юрий/60		 89,35	Харьков		245,0	160,0	250,0	655,0
 7. Суббота Сергей/62		 89,00	Горловка	260,0	142,5	230,0	645,0
 8. Акинин Леонид/66		 88,50	Харьков		220,0	140,0	250,0	610,0
 9. Городовой Олег/75		 87,40	К-Подольский	200,0	130,0	245,0	575,0
10. Микицей Андрей/74		 89,00	К-Подольский	170,0	140,0	200,0	510,0
11. Ивонин Борис/79		 85,90	Львов		160,0	115,0	170,0	445,0
 -  Полищук Владимир/67		 87,00	Бердичев	240,0	---,-	---,-	    0
 -  Ганчур Виктор/58		 89,80	Мариуполь	---,-	---,-	---,-	    0
-100,00 кг.
 1. Старов Михаил/73		 99,15	Харьков		350,0	190,0	330,0	870,0
 2. Костенко Юрий/71		 92,55	Киев		280,0	190,0	280,0	750,0
 3. Макрушин Сергей/75		 94,60	Рубежное	265,0	202,5	250,0	717,5
 4. Шурак Олег/74		 93,00	Комсомольск	235,0	175,0	292,5	702,5
 5. Подвисоцкий Вилен/71	 99,70	Хмельницкий	240,0	150,0	280,0	670,0
 6. Цыганок Вячеслав/38		 91,80	Дружковка	190,0	130,0	200,0	520,0
-110,00 кг.
 1. Антипенко Игорь/68		105,40	Белая Церковь	330,0	185,0	317,5	832,5
 2. Улятовский Игорь/69		103,00	Одесса		300,0	210,0	290,0	800,0
 3. Клюенко Сергей/69		107,00	Винница		285,0	162,5	300,0	747,5
 4. Ковалев Владимир/75		103,00	Харьков		280,0	175,0	280,0	735,0
 5. Дубовой Виктор/70		107,00	Киев		280,0	175,0	265,0	727,5
-125,00 кг.
 1. Плетененко Алексей/61	110,50	Кривой Рог	295,0	180,0	300,0	775,0
 2. Гришин Сергей/67		117,60	Харьков		280,0	195,0	270,0	745,0
 3. Борисенко Олег/69		112,00	Полтава		255,0	195,0	290,0	740,0
 4. Хижняк Виталий/74		113,30	Хмельницкий	260,0	150,0	230,0	640,0
+125,00 кг.
 1. Кравченко Олег/65		129,45	Днепропетровск	345,0	205,0	352,5	902,5





















© 2000 Сергей
    Рыжук.
    Авторские права  принадлежат
Федерации пауэрлифтинга
    Украины.
    Все права защищены. 

Пишите
    по поводу размещения рекламы на сайте ФПУ
Enquire about advertising on the UPF
    website

© 2000 Sergiy
    Ryzhuk.
    Copyright by
Ukrainian Powerlifting Federation.
    All rights reserved.







