подготовил Сергей РыжукIV
    Чемпионат Украины
г. Львов, 26 - 28 января 1992 года.

ЖЕНЩИНЫ
 -48,00 кг.
 1. Ивлева Инна/76		 46,10	Новая Водолага		100,0	 47,5	120,0	267,5
 2. Шаповал Виктория/73		 48,00	Черкассы		 85,0	 47,5	110,0	242,5
 3. Мойсак Ирина/75		 48,00	Львов			 52,5	 25,0	 65,0	142,5
 -  Краснобрыжая Светлана/60	 46,70	Токмак			---,-	---,-	---,-	    0
 -52,00 кг.
 1. Синькевич Людмила/70	 51,80	Кировоград		110,5	 55,0	140,0	305,0
 2. Поплавская Светлана/66	 52,00	Токмак			110,0	 60,0	135,0	305,0
 3. Лебедева Лариса/56		 51,75	Винница			 82,5	 55,0	 97,5	235,0
 -  Дмитриева Наталья/71	 51,85	Харьков			---,-	---,-	---,-	    0
 -  Курлышина Анна/76		 49,00	Львов			---,-	---,-	---,-	    0
 -56,00 кг.
 1. Устюшина Светлана/64	 55,90	Киев			 90,0	 63,0	120,0	272,5
 2. Толмачева Елена/68		 54,70	Харьков			 75,0	 52,5	 90,0	225,0
 3. Гонцова Светлана/74		 54,70	Глухов			 70,0	 40,0	102,5	212,5
 4. Булах Татьяна/69		 55,50	Львов			 65,0	 47,5	 80,0	192,5
 -60,00 кг.
 1. Иванова Лариса/63		 59,15	Киев			145,0	 80,0	145,0	370,0
 2. Фурдуй Ярослав/71		 60,00	Кировоград		110,0	 72,5	165,0	347,5
 3. Трофимцова Ксения/69	 59,80	Киев			120,0	 70,0	147,5	337,5
 4. Дубинина Ирина/66		 59,60	Макеевка		122,5	 62,5	140,0	325,0
 5. Краснощек Светлана/74	 57,70	Глухов			 80,0	 35,0	100,0	205,0
 -67,50 кг.
 1. Сухорук Елена/72		 67,50	Кировоград		170,0	 80,0	200,0	450,0
 2. Бойко Виктория/69		 67,20	Черкассы		120,0	 60,0	145,0	325,0
 3. Туранская Анна/72		 63,00	Ивано-Франковск		 95,0	 60,0	130,0	285,0
 4. Завадская Жанна/72		 63,40	Горловка		100,0	 45,0	100,0	245,0
 5. Приходько Надежда/73	 64,70	Харьков			 95,0	 42,5	100,0	237,5
 -75,00 кг.
 1. Ганенко Анна/75		 74,00	Мариуполь		135,0	 72,5	140,0	347,5
 2. Шульга Любовь/67		 68,30	Шостка			117,5	 57,5	120,0	295,0
 3. Конобридская Светлана/71	 70,70	Корсунь-Шевченковский	 95,0	 50,0	130,0	275,0
 4. Палий Наталья/76		 70,50	Снятин			110,0	 45,0	110,0	255,0
 -82,50 кг.
 1. Оробец Инна/71		 76,70	Снятин			162,5	 90,0	155,0	402,5
 -90,00 кг.
 1. Левадная Татьяна/67		 85,70	Шостка			105,0	 55,0	130,0	290,0
 +90,00 кг.
 1. Спивакова Виктория/71	 93,20	Кировоград		 50,0	 40,0	115,0	205,0
 
МУЖЧИНЫ
 -52,00 кг.
 1. Годунько Игорь/66		 51,90	Львов			160,0	 90,0	155,0	405,0
 2. Шкуринский Николай/76	 51,10	Горловка		140,0	 75,0	165,0	380,0
 3. Овчаренко Степан/76		 52,00	Ялта			132,5	 77,5	155,0	365,0
 4. Галицкий Роман/75		 50,30	Горловка		110,0	 70,0	155,0	330,0
 5. Пташенчук Алексей/76	 51,55	Кировоград		 95,0	 65,0	110,0	270,0
 -56,00 кг.
 1. Деговец Александр/66	 54,00	Харьков			210,0	115,0	185,0	510,0
 2. Тонян Николай/68		 56,00	Львов			190,0	 90,0	180,0	460,0
 3. Гудыменко Сергей/75		 56,00	Кривой Рог		125,0	 95,0	142,5	362,5
 4. Тайц Евгений/74		 53,50	Шостка			117,5	 92,5	142,5	352,5
 -60,00 кг.
 1. Галайда Федор/61		 59,00	Луцк			195,0	115,0	222,5	532,5
 2. Ватюк Сергей/62		 59,75	Коломыя			185,0	130,0	205,0	520,0
 3. Коваль Андрей/70		 60,00	Черкассы		190,0	112,5	205,0	507,5
 4. Примаков Александр/58	 59,70	Глухов			170,0	125,0	180,0	475,0
 5. Тимченко Андрей/71		 59,40	Новая Водолага		177,5	100,0	175,0	452,5
 6. Арсеньев Виталий/63		 58,10	Кировоград		150,0	110,0	180,0	440,0
 7. Корсунский Александр/75	 60,00	Кривой Рог		150,0	105,0	165,0	420,0
 8. Крикун Андрей/76		 57,10	Кировоград		120,0	 95,0	160,0	375,0
 -67,50 кг.
 1. Фоменко Виктор/68		 67,40	Горловка		200,0	132,5	270,0	602,5
 2. Кравченко Валерий/65	 67,00	Днепродзержинск		225,0	155,0	220,0	600,0
								    4-я 160,0
 3. Коваленко Владимир/65	 67,20	Кривой Рог		235,0	135,0	230,0	600,0
 4. Подсосонный Николай/52	 66,60	Шостка			200,0	120,0	275,0	595,0
 5. Чернышов Александр/66	 67,50	Харьков			222,5	150,0	215,0	587,5
								    4-я 156,0
 6. Оглы Николай/49		 67,00	Коломыя			200,0	120,0	217,5	537,5
 7. Чернуха Виталий/60		 67,15	Черкассы		170,0	127,5	210,0	507,5
 8. Роженко Михаил/74		 66,15	Белая Церковь		195,0	115,0	195,0	505,0
 9. Лепак Сергей/68		 66,20	Львов			205,0	100,0	180,0	485,0
10. Кузнецов Владимир/55	 67,35	Львов			170,0	120,0	185,0	470,0
 -  Кравцов Петр/46		 67,50	Ялта			240,0	140,0	---,-	    0
								    4-я 145,5
 -75,00 кг.
 1. Базаев Сиражутдин/68	 73,90	Киев			270,0	160,0	275,0	705,0
 2. Зузук Роман/71		 74,10	Ивано-Франковск		247,5	165,0	252,5	665,0
 3. Зарипов Ринат/70		 74,85	Белгород-Днестровский	215,0	150,0	255,0	620,0
 4. Сухов Александр/60		 74,90	Макеевка		242,5	140,0	237,5	620,0
 5. Нестеренко Александр/53	 73,85	Кировоград		250,0	120,0	240,0	610,0
 6. Спивак Леонид/66		 75,00	Бородянка		230,0	140,0	230,0	600,0
 7. Романенко Сергей/72		 73,30	Токмак			230,0	125,0	235,0	590,0
 8. Куртяк Василий/61		 73,80	Киев			222,5	132,5	235,0	590,0
 9. Соловых Николай/63		 75,00	Канев			200,0	140,0	230,0	570,0
10. Тешу Сергей/76		 74,90	Днепропетровск		222,5	125,0	210,0	557,5
11. Хуруджи Виктор/75		 72,20	Днепропетровск		215,0	135,0	205,0	545,0
12. Кривцов Виталий/51		 74,90	Феодосия		195,0	130,0	210,0	535,0
13. Немый Валерий/68		 74,80	Ивано-Франковск		192,5	120,0	220,0	532,5
14. Карый Сергей/73		 74,60	Винница			182,5	127,5	215,0	525,0
15. Макотра Евгений/75		 74,00	Светловодск		170,0	117,5	200,0	487,5
16. Пика Дмитрий/73		 73,00	Шостка			172,5	115,0	197,5	485,0
 -  Петренко Геннадий/59	 73,50	Токмак			---,-	---,-	---,-	    0
 -  Степченко Сергей/69		 74,70	Глухов			155,0	---,-	---,-	    0
 -  Еременко Александр/72	 74,90	Бердянск		---,-	---,-	---,-	    0
 -82,50 кг.
 1. Махнюк Владимир/58		 82,40	Винница			270,0	192,5	282,5	745,0
 2. Альбин Лев/60		 82,10	Киев			285,0	175,0	275,0	735,0
 3. Чикин Дмитрий/66		 81,60	Киев			240,0	140,0	260,0	640,0
 4. Нертик Олег/65		 81,60	Днепропетровск		225,0	147,5	250,0	622,5
 5. Куприн Юрий/63		 81,70	Бердянск		210,0	135,0	250,0	595,0
 6. Ляшук Сергей/71		 80,10	Кировоград		190,0	140,0	220,0	550,0
 7. Савяк Сергей/76		 78,70	Ивано-Франковск		210,0	115,0	205,0	530,0
 8. Каниболоцкий Владимир/72	 78,70	Бердянск		185,0	115,0	200,0	500,0
 9. Сидоренко Леонид/63		 80,00	Полтава			175,0	115,0	210,0	500,0
10. Грабовский Игорь/68		 81,30	Одесса			180,0	140,0	180,0	500,0
11. Вергилюк Александр/60	 80,00	Узин			150,0	120,0	180,0	450,0
 -  Лещенко Владимир/46		 81,60	Винница			---,-	---,-	---,-	    0
 -  Юртаев Юрий/61		 79,00	Горловка		---,-	---,-	---,-	    0
 -  Збышевский Олег/65		 81,70	Винница			235,0	170,0	---,-	    0
 -  Слатенков Александр/66	 82,30	Кировоград		240,0	180,0	---,-	    0
 -90,00 кг.
 1. Воробьев Геннадий/61	 90,00	Мариуполь		300,0	197,5	340,5	837,5
 2. Ганчур Виктор/58		 89,80	Мариуполь		300,0	180,0	305,0	785,0
 3. Ухач Владимир/60		 88,80	Одесса			267,5	212,5	270,0	750,0
 4. Иванов Сергей/56		 87,50	Киев			257,5	182,5	280,0	720,0
 5. Соломин Михаил/71		 88,60	Львов			280,0	177,5	257,5	715,0
 6. Чернышов Сергей/56		 90,00	Энергодар		250,0	160,0	305,0	715,0
 7. Королев Олег/71		 90,00	Днепропетровск		270,0	172,5	260,0	702,5
 8. Котенджи Александр/64	 87,45	Першотравневе		280,0	150,0	270,0	700,0
 9. Стрельбицкий Василий/62	 89,10	Винница			250,0	162,5	277,5	690,0
10. Молокоедов Юрий/59		 89,85	Черкассы		230,0	190,0	255,0	675,0
11. Куракин Николай/67		 88,75	Феодосия		220,0	177,5	272,5	670,0
12. Чала Ярослав/48		 88,00	Львов			220,0	165,0	250,0	635,0
13. Литвинов Игорь/69		 87,00	Кировоград		235,0	147,5	245,0	627,5
14. Пономаренко Юрий/60		 89,45	Харьков			230,0	140,0	252,5	622,5
15. Колесниченко Сергей/60	 89,85	Николаев		220,0	140,0	240,0	600,0
16. Леусов Михаил/57		 89,70	Николаев		210,0	157,5	220,0	587,5
17. Трепухалов Александр/75	 90,00	Кривой Рог		195,0	135,0	240,0	570,0
18. Рева Александр/68		 86,60	Глухов			175,0	132,5	205,0	505,0
 -  Соловьев Алексей/75		 84,70	Киев			255,0	165,0	---,-	    0
-100,00 кг.
 1. Жуков Вячеслав/63		 99,10	Кировоград		300,0	202,5	300,0	802,5
 2. Тристан Ярослав/72		 97,70	Днепропетровск		280,0	167,5	280,0	727,5
 3. Сафошин Николай/66		 92,70	Бердянск		260,0	180,0	262,5	702,5
 4. Старов Михаил/73		 94,70	Харьков			270,0	150,0	240,0	660,0
 5. Дубовой Руслан/63		 96,60	Винница			230,0	140,0	260,0	620,0
 6. Антипенко Игорь/68		100,00	Белая Церковь		230,0	125,0	240,0	595,0
-110,00 кг.
 1. Иваненко Владимир/55	102,10	Черкассы		370,0	192,5	315,0	877,5
 2. Грищенков Анатолий/60	108,15	Горловка		300,0	215,5	330,0	845,0
 3. Мельник Валерий/58		108,10	Львов			315,0	205,0	300,0	820,0
 4. Пирогов Виктор/56		107,10	Горловка		285,0	170,0	300,0	765,0
 5. Ходов Александр/67		104,00	Бердянск		270,0	170,0	280,0	720,0
 6. Будник Андрей/71		106,70	Днепропетровск		265,0	187,5	260,0	712,5
 7. Лиманский Александр/57	105,00	Харьков			250,0	170,0	285,0	705,0
 8. Мишковский Анатолий/62	110,00	Узин			255,0	200,0	250,0	705,0
 9. Белый Дмитрий/71		103,50	Кировоград		230,0	155,0	260,0	645,0
10. Вязовский Игорь/41		109,00	Львов			215,0	142,5	242,5	600,0
 -  Мирошниченко Анатолий/54	102,00	Гадяч			200,0	150,0	---,-	    0
-125,00 кг.
 1. Налейкин Виктор/53		119,70	Киев			380,0	205,0	365,0	950,0
 2. Кравченко Олег/65		122,15	Днепропетровск		350,0	205,0	350,0	905,0
 3. Кошелап Анатолий/55		110,20	Винница			270,0	215,5	292,5	780,0
 4. Гришин Сергей/67		110,30	Харьков			240,0	170,0	260,0	670,0
 -  Дергач Валерий/56		110,10	Ивано-Франковск		---,-	---,-	---,-	    0
+125,00 кг.
 1. Спинов Юрий/62		129,45	Одесса			360,0	167,5	362,5	890,0
							    4-я 385,0
 2. Прожога Александр/65	125,10	Мариуполь		320,0	170,0	280,0	770,0
 3. Оробец Василий/66		130,00	Снятин			270,0	170,0	270,0	710,0





