BRITISH UNIVERSITY CHAMPIONSHIPS 31st March/1st April 2018 Women (R1)

                                                             WtCls                                                                                                                                 (1) PL      (2)
Name                           Team        Div    Bwt (kg)              Age     SQ-1    SQ-2     SQ-3     Best SQ   BP-1   BP-2    BP-3    Best BP Sub Total   DL-1    DL-2     DL-3     Best DL                         Place
                                                              (kg)                                                                                                                                  Total   Wilks Pts
Sabrina Shah                UCL           F-BL      45.8       47        Open    110    -115.5   -115.5     110     -65      65    -71.5     65       175      112.5    117.5    127.5    127.5    302.5     414.39     1st
Cherry Yeung                SHEFF         F-BL      41.35      47        Open    82.5     87.5      90      90      47.5     50    -52.5     50       140      122.5     130      135      135      275      402.84     2nd
Chloe Dickinson             Lee           F-BL      45.9       47        Open    67.5     72.5      75      75      37.5    42.5     45      45       120       85        95      100      100      220      300.92     3rd
Nicole Lim                  Wark          F-BL      44.5       47        Open     60       65       70      70       30     -35     -35      30       100       90       100     -110      100      200      279.48     4th
Evita Otigbah               KCL                     49.45      52        Open    110      115      120      120     62.5     65     67.5    67.5     187.5      110      120      130      130     317.5     411.29     1st
Justine Lee                 NEW                     48.55      52        Open     85       90       95      95      47.5     50     52.5    52.5     147.5      125     132.5    140.5    140.5     288      378.24     2nd
Tzvetelina Tzonova          OXF                     48.35      52        Open    92.5     100    -102.5     100     42.5    47.5    -50     47.5     147.5      100     112.5     120      120     267.5     352.39     3rd
Yasmin Bappoo               BIRM                    49.9       52        Open     90      -95     -97.5     90      -45      45    47.5     47.5     137.5      120      125      130      130     267.5     344.16     4th
Nicola Luc                  KCL                     50.65      52        Open    82.5     87.5      95      95       45    47.5    -52.5    47.5     142.5      110     117.5     125      125     267.5     340.28     5th
Claudia Estanislao          kent                    51.75      52        Open     90     -97.5   -102.5     90       45      50     -55      50       140       125     -130     -130      125      265      331.59     6th
Romina Basting              OXF                     51.25      52        Open     95     -100      100      100     47.5     50    -52.5     50       150       95      102.5    107.5    107.5    257.5     324.62     7th
Lauren Miller               UCL                     51.25      52        Open    87.5     92.5     -95     92.5      45    47.5      50      50      142.5      100    -107.5    107.5    107.5     250      315.17     8th
Lydia Forrest               BRN                     51.65      52        Open     95     -100      100      100      40      45    -47.5     45       145       100      105    -107.5     105      250      313.29     9th
Lara Acosta                 COV                      52        52        Open     80     87.5     -92.5    87.5     37.5   -42.5   -42.5    37.5      125       110     122.5    -130     122.5    247.5     308.54     10th
Amrita Panesar              Cam                     48.65      52        Open     80       85     -92.5     85       40    42.5      45      45       130       85       92.5     100      100      230      301.60     11th
Patcha Nitiahpapand         kent                    50.2       52        Open   -77.5    77.5     -82.5    77.5     32.5   -37.5   37.5     37.5      115       100      105     107.5    107.5    222.5     284.97     12th
Ishka Trace-Kleeberg        kent                    47.8       52        Open     65       70      77.5    77.5      40    42.5    -47.5    42.5      120       80        85       90      90       210      278.98     13th
Ffion Nelmes                BGR                     50.4       52        Open     65       70       75      75      32.5     35     -40      35       110       80        90      -95      90       200      255.38     14th
Talvin Kaur                                         50.85      52        Open    -60       60     -62.5     60       35      40      45      45       105      82.5      87.5     -90     87.5     192.5     244.14     15th
Migle Stankaityle           OXF                     47.05      52        Open    67.5     -75       75      75      37.5   -42.5   -42.5    37.5     112.5      70        75      77.5    77.5      190      255.33     16th
Amy Buckie                  EXR                     51.8       52        Open     60      -65       65      65       30      35    -37.5     35       100       75       82.5      90      90       190      237.57     17th
Noor Mubarak                EXR                     50.65      52        Open     60       65      -70      65      32.5     35     -40      35       100       80       87.5     -90     87.5     187.5     238.52     18th
Tal Rosenbaum                                       47.85      52        Open     60     67.5     -72.5    67.5      35      40    -42.5     40      107.5     67.5       75       80      80       180      238.94     19th
Katie Vickers               SMUL                     48        52        Open    57.5     62.5    -67.5    62.5      35    37.5     -40     37.5      100       70        75       80      80       180      238.40     20th
Serena Russell                                      48.75      52        Open    62.5     67.5     72.5    72.5      30      35    -37.5     35      107.5      65       72.5    -77.5    72.5      180      235.68     21st
Jess Hopton                 LBORO                   55.55      57        Open    115      120      125      125     62.5    67.5    -70     67.5     192.5      125     132.5    137.5    137.5     330      390.74     1st
Eleanor Boutell             Cam                     56.7       57        Open    110      115    117.5     117.5    57.5     60     62.5    62.5      180       120      125      130      130      310      361.21     2nd
Katie Travers               New                     56.2       57        Open    100     107.5   -112.5    107.5     40    42.5      45      45      152.5      130      140     150.5    150.5     303      355.52     3rd
Joely Hawke                 NEW                     55.65      57        Open   107.5   -112.5   112.5     112.5     55    57.5      60      60      172.5     112.5     120     127.5    127.5     300      354.72     4th
Tori Wensley                SHEFF                   55.7       57        Open    105     107.5   112.5     112.5    57.5    -60     -60     57.5      170       120      125      130      130      300      354.47     5th
Francesca Bolt              LBORO                   55.6       57        Open    92.5     97.5    102.5    102.5     55     -60      60      60      162.5      120     127.5    132.5    132.5     295      349.05     6th
Holly Mc Connell            Lpool                   55.4       57        Open    105    -112.5   112.5     112.5     55     -60     -60      55      167.5      115     122.5    -125     122.5     290      344.11     7th
Isabelle Lam                NOTT                    55.55      57        Open    97.5     105      110      110     47.5     50     52.5    52.5     162.5      105      110     -115      110     272.5     322.66     8th
Luisea Vargas               SMUL                    56.8       57        Open     90       95      97.5    97.5     -50      50    -52.5     50      147.5      110      120      125      125     272.5     317.08     9th
Sarah Baron                 NOTT                    56.1       57        Open    87.5      95     -100      95      47.5   -52.5   52.5     52.5     147.5     102.5     110      115      115     262.5     308.43     10th
Abby Henney                 Wark                    56.35      57        Open     85      -90     92.5     92.5      50      55     -60      55      147.5      100     107.5    112.5    112.5     260      304.43     11th
Francesca Best              OXF                     55.75      57        Open    -90       90       95      95      47.5     50    -52.5     50       145       95      102.5     110      110      255      301.09     12th
Hannah Hickinbotham         Wark                    56.45      57        Open    82.5      85       90      90       50    52.5     -55     52.5     142.5      105     -110      110      110     252.5     295.23     13th
Claudia Jenkinson           NBIA                    54.4       57        Open     85       90       95      95      -50      50      55      55       150       85       92.5     97.5    97.5     247.5     297.90     14th
Alicia Diment               Cam                     56.15      57        Open     90       95      100      100     37.5   -42.5    -45     37.5     137.5      95       105      110      110     247.5     290.60     15th
Aimee Jones                 BGR                     56.65      57        Open     80       85       90      90       40    42.5      45      45       135       100     107.5    112.5    112.5    247.5     288.59     16th
Jasmine Hayles              Bat                     55.6       57        Open    77.5      85       90      90      47.5     50     52.5    52.5     142.5     87.5       95      100      100     242.5     286.93     17th
Yi Lin Lee                  Exr                     55.6       57        Open     80     87.5      -95     87.5      35    42.5     -45     42.5      130       90       100      110      110      240      283.98     18th
Isabelle Jaya-Wickrema      EXR                     53.85      57        Open     80     87.5       90      90       40      45     -50      45       135       90       97.5    102.5    102.5    237.5     288.14     19th
Sarah Griffin               BGR                     55.95      57        Open    82.5    -87.5     -90     82.5      45     -50     -50      45      127.5      95       100      105      105     232.5     273.75     20th
Philippa Nation             Wark                    52.1       57        Open   -62.5    62.5       65      65       35    37.5      40      40       105       100      110      115      115      220      273.85     21st
Anisha Chopra               OXF                     55.6       57        Open     60     -67.5     -70      60       35    37.5     -40     37.5     97.5       80        90      100      100     197.5     233.69     22nd
Jodie Buggea                UCL                     53.95      57        Open     55      -60       65      65      37.5   -42.5   42.5     42.5     107.5     67.5      72.5     77.5    77.5      185      224.12     23rd
Rossie Maddock              OXF            55.1    57   Open     70      75      -80     75      55    57.5     -60    57.5   132.5    45                        45     177.5   211.52   24th
Emily Coals                 Cam            56.75   57   Open     45     -50       50     50     32.5    37.5     40     40     90      75      82.5     87.5    87.5    177.5   206.68   25th
Victoria Hammond            Birm           61.95   63   Open   127.5    135     137.5   137.5   62.5     65    -67.5    65    202.5    145      155     162.5   162.5    365    397.04   1st
Suzanne Daniel              Nor            60.4    63   Open    110     115      120     120     65      70     72.5   72.5   192.5    145     -160      170     170    362.5   402.07   2nd
Suzanne Goulder             Cam            62.45   63   Open   117.5   -125      125     125    72.5    -75     -75    72.5   197.5    140     147.5    152.5   152.5    350    378.39   3rd
Kate McCullough-Youn        NBIA           59.05   63   Open    125    -130     -130     125    72.5    77.5    82.5   82.5   207.5    135    -142.5   -142.5    135    342.5   386.61   4th
Stephanie Gagnon            LBORO          61.1    63   Open    115     120      125     125    62.5     65     67.5   67.5   192.5    135     142.5    147.5   147.5    340    373.78   5th
Ella-Louise Handley         New            62.65   63   Open    110    117.5     125     125     65    72.5    -77.5   72.5   197.5    130     142.5    -155    142.5    340    366.69   6th
Lucey Hart                  Cam            59.75   63   Open    115    122.5   127.5    127.5   52.5    57.5    -60    57.5    185     130      140      145     145     330    369.11   7th
Amy Viner                   Nott           60.6    63   Open    97.5    105      110     110    47.5    52.5    -55    52.5   162.5    140      150    -157.5    150    312.5   345.73   8th
Rianna Graham               EXR            61.5    63   Open    105    112.5    -120    112.5    55    62.5     -65    62.5    175     120      130     137.5   137.5   312.5   341.83   9th
Rebecca Lissmann            EXR            62.1    63   Open   107.5    115    -117.5    115     50      55      60     60     175    117.5     125     132.5   132.5   307.5   333.87   10th
Isobel Davies               Birm           59.9    63   Open    97.5   -105      105     105     60    -62.5   -62.5    60     165     125      130      135     135     300    334.90   11th
Isobel Coomber              Sur            60.45   63   Open    -95      95     -100     95     47.5    -55     -55    47.5   142.5    120      130     -135     130    272.5   302.06   12th
Lily Erskine                OXF            62.5    63   Open    100     105     -110     105     50    52.5     -55    52.5   157.5   102.5     110     -115     110    267.5   289.03   13th
Nur Izzaty Bradrol Hisham   UCL            61.4    63   Open    92.5    97.5     100     100     45    47.5      50     50     150     100     107.5     115     115     265    290.24   14th
Claire Porter               New            61.7    63   Open    100    -105     -105     100     50    -52.5   52.5    52.5   152.5    100     107.5    112.5   112.5    265    289.15   15th
Sophie Lester               Nott           61.7    63   Open     85      90       95     95      45    47.5      50     50     145    112.5     120     -125     120     265    289.15   16th
Catherine Sweetman          Bgr            62.3    63   Open     85    -87.5    87.5    87.5     55    57.5     -60    57.5    145     110      115      120     120     265    287.02   17th
Catriona McLain             UCL            62.9    63   Open     95    -100      100     100     45    47.5      50     50     150     105    -112.5     115     115     265    284.94   18th
Lisa Jones                  LBORO          60.65   63   Open    87.5     95      100     100     50      55     57.5   57.5   157.5   92.5      100     -105     100    257.5   284.70   19th
Caitlin Berry               Birm           61.25   63   Open    92.5   -97.5    -97.5   92.5     50    52.5      55     55    147.5   97.5      105     -110     105    252.5   277.07   20th
Amy Pitman                  Man            62.65   63   Open     85     -95       95     95      40      45    -47.5    45     140     105     112.5    -115    112.5   252.5   272.32   21st
Florence Eastwood                          62.8    63   Open     90    -97.5    -97.5    90     42.5     45     47.5   47.5   137.5   97.5      105      110     110    247.5   266.45   22nd
Naomie Fenton               EXR            60.4    63   Open   -82.5    -85       85     85      45      50    -52.5    50     135     100      110     -115     110     245    271.75   23rd
Hannah O'Brien              LBORO          61.15   63   Open     75      80       85     85     42.5   -47.5     50     50     135     90      97.5      105     105     240    263.68   24th
Olivia Horncastle           EXR            62.1    63   Open     75    82.5       90     90     -45     -45      45     45     135     95       100     -105     100     235    255.16   25th
Amelia Brasnett             OXF            58.1    63   Open     70      75      77.5   77.5     40      45      50     50    127.5    90       95       100     100    227.5   260.07   26th
Ursula Davies               LBORO          62.4    63   Open   -72.5   72.5      -75    72.5     40      45     47.5   47.5    120     85      92.5     97.5    97.5    217.5   235.29   27th
Emma Glennom                Cam            59.75   63   Open    77.5    82.5     87.5   87.5    37.5   -42.5   -42.5   37.5    125     80       85        90     90      215    240.48   28th
Laura Petch                 Kent           60.95   63   Open   -62.5   62.5      67.5   67.5     35    37.5      40     40    107.5   82.5     87.5     92.5    92.5     200    220.29   29th
Megan Garfield              Yrk            61.05   63   Open     55     -65       65     65     27.5   -32.5   37.5    37.5   102.5    75       85      92.5    92.5     195    214.51   30th
Sophie Culshaw              EAA     F-BL   68.45   72   Open    150     160      165     165    -75      80    82.5    82.5   247.5   147.5    157.5     165     165    412.5   416.84   1st
Natalie Cameron             QMUL    F-BL   70.55   72   Open    110     115      120     120    -80      80    -82.5    80     200     145     157.5     165     165     365    361.17   2nd
Teniola Abeboye             EXR     F-BL   70.2    72   Open    120     130    -137.5    130     55      60     -65     60     190     135     142.5     150     150     340    337.58   3rd
Ellen Omahoney              LBORO   F-BL   71.75   72   Open    120     125     -130     125     65     -70      70     70     195     130      135      140     140     335    327.73   4th
Indiana Montague            EXR     F-BL   66.85   72   Open   102.5   -110    112.5    112.5   52.5   -57.5   57.5    57.5    170    147.5     155     162.5   162.5   332.5   341.73   5th
Hannah Louise Grahem        BGR     F-BL   71.55   72   Open    92.5    100      105     105     55      60    -62.5    60     165     145      155      165     165     330    323.44   6th
Megan McEverley             Cam     F-BL   69.15   72   Open    110     115      120     120     60    62.5      65     65     185     125      135     142.5   142.5   327.5   328.59   7th
Ella Morgan                 New     F-BL   64.75   72   Open    105     115      125     125     50    52.5      55     55     180     125      135      145     145     325    341.93   8th
Zoe Clark                   Oxf     F-BL   66.4    72   Open   112.5   -120    -122.5   112.5   72.5    77.5    -80    77.5    190     115     122.5    127.5   127.5   317.5   327.92   9th
Nicola Ola                  Exr     F-BL   66.8    72   Open     95     105      115     115     55      60      65     65     180     120     132.5    137.5   137.5   317.5   326.49   10th
Nurain Sakinah Ahmad Azar   EXR     F-BL   66.95   72   Open    100     105    112.5    112.5   57.5    62.5    -65    62.5    175     120     127.5    132.5   132.5   307.5   315.69   11th
Lottie Blythe               LBORO   F-BL   65.4    72   Open    100    -105     -105     100     60      65    -67.5    65     165     120     127.5     135     135     300    313.31   12th
Emma Wilkinson              NBIA    F-BL   68.15   72   Open    100     105    -107.5    105    47.5    52.5    -55    52.5   157.5    135     142.5    -145    142.5    300    304.10   13th
Elise White                 Birm    F-BL    69     72   Open   117.5    120     -125     120     45     -50     -50     45     165     130     -135     -135     130     295    296.43   14th
Scarlett Markham            LBORO   F-BL   66.1    72   Open    -95     100      105     105    47.5    52.5    -55    52.5   157.5    120     127.5    132.5   132.5    290    300.51   15th
Holly O'Shea                LBORO   F-BL   67.2    72   Open     90      95    -102.5    95     52.5    57.5    62.5   62.5   157.5    110      120      130     130    287.5   294.37   16th
Rebecca Ades                EXR     F-BL   65.95   72   Open   107.5    115     -120     115     45      50     52.5   52.5   167.5    110      115    -117.5    115    282.5   293.22   17th
Elisha Timoney              NBIA    F-BL   70.35   72   Open    100     105      110     110     45    47.5      50     50     160    112.5     120     -125     120     280    277.60   18th
Hajnalka Balazs             UCL     F-BL   70.15   72   Open     95    102.5    107.5   107.5    55      60     -65     60    167.5    105      110     -115     110    277.5   275.66   19th
Kayleigh McCallion          Yrk     F-BL    67.6    72    Open    92.5     100     107.5   107.5   42.5     47.5     50     50     157.5   92.5    102.5    110        110    267.5   272.73   20th
Clodagh Wright              Birm    F-BL   70.25    72    Open     85       90      -95     90      55     57.5     -60    57.5    147.5    100     110     115        115    262.5   260.51   21st
Jennifer Shuttleworth       Cam     F-BL   64.85    72    Open     70       80       90     90     37.5     42.5    -45    42.5    132.5    100     110     120        120    252.5   265.35   22nd
Michelle Shen               Cam     F-BL   63.35    72    Open     85     92.5      100     100    32.5      35    -37.5    35      135    92.5    102.5   -110       102.5   237.5   254.00   23rd
Aisha Patel                         F-BL   67.75    72    Open     70     72.5      -80    72.5    32.5      35    -37.5    35     107.5    115    122.5    130        130    237.5   241.76   24th
Louisa Barlow-Simson                F-BL   65.25    72    Open     70      -80       85     85     32.5     37.5    47.5   47.5    132.5    80      90      100        100    232.5   243.22   25th
Fern Wilson                 BGR     F-BL   67.95    72    Open     70     77.5      82.5   82.5     40       45     -50     45     127.5    90      95     102.5      102.5    230    233.63   26th
Kajsa Dinesson              Yrk     F-BL   68.25    72    Open     65     -72.5    72.5    72.5     35       40      45     45     117.5    90      100    107.5      107.5    225    227.84   27th
Sarah Lloyd                 Exr     F-BL    66.4    72    Open   102.5   -107.5     110     110    -62.5     65     -70     65      175     45                         45      220    227.22   28th
Antonia Kerrigan            Oxf     F-BL   63.85    72    Open     65       70      -75     70      45       50    -52.5    50      120     85     92.5     97.5      97.5    217.5   231.24   29th
Chrytstal Williams          BGR     F-BL   82.55    84    Open   172.5   -182.5     190     190    92.5     97.5    100     100     290     195     205      210       210     500    449.84   1st
Stephanie Carrillo-Chavez   NBIA    F-BL   79.95    84    Open    130    -137.5   137.5    137.5   -105     105    110.5   110.5    248    152.5    160     167.5     167.5   415.5   380.32   2nd
Alexandra Jackson                   F-BL    78.7    84    Open    140     147.5    -150    147.5   72.5      75     -80     75     222.5   182.5   192.5    -200      192.5    415    383.26   3rd
Deanna Dawkins              WOLV    F-BL    80.2    84    Open   152.5   -162.5   -162.5   152.5    75       80     82.5   82.5     235     165    172.5   -182.5     172.5   407.5   372.35   4th
Georgina McDonald           Yrk     F-BL    76.5    84    Open   107.5   117.5    122.5    122.5   57.5     62.5     65     65     187.5   122.5   132.5     140       140    327.5   307.56   5th
Farida Musa                 lbORO   F-BL   76.35    84    Open   112.5   117.5    122.5    122.5   52.5     57.5     60     60     182.5    125    132.5     140       140    322.5   303.23   6th
Lily Goodyear Sait          UCL     F-BL    79.3    84    Open   102.5   112.5      120     120     55     57.5     62.5   62.5    182.5    115     120      130       130    312.5   287.35   7th
Eleanor Whitchurch          OXF     F-BL    77.1    84    Open    77.5     82.5    -87.5   82.5     45      -50      50     50     132.5    115     125       132.5    135    267.5   250.04   8th
Millie Beaver               Birm    F-BL   75.95    84    Open     85       90      -95     90      40     42.5      45     45      135     115    122.5     130       130     265    249.96   9th
Joanna Towndrow             NBIA    F-BL    74.6    84    Open     70     -77.5    77.5    77.5    57.5    -62.5   62.5    62.5     140     110     115      120       120     260    248.00   10th
Jess Gurney                 cam     F-BL     81     84    Open     75     82.5      -85    82.5     50       55    -57.5    55     137.5    100     110      115       115    252.5   229.47   11th
Jessica Tatchell            Wark    F-BL    82.4    84    Open   137.5   142.5    -147.5   142.5   -77.5   -82.5   -82.5     0       0               0                  0       0      0.00
Gabrielle Schroeder         New     F-BL   84.45    84+   Open    125      135    145.5    145.5   57.5     62.5     65     65     210.5    150     160    165.5      165.5    376    334.41   1st
Georgina Burfoot            Exr     F-BL   119.15   84+   Open   112.5     120    -127.5    120     55       60     -65     60      180     135     150     165        165     345    276.23   2nd
Talya Garnett               Kent    F-BL    98.9    84+   Open    105      110      115     115     45       50     -55     50      165    122.5    130     135        135     300    250.60   3rd
Frankie Walker              Birm    F-BL   91.35    84+   Open     75      -80     -87.5    75      35       40      45     45      120     100    112.5   122.5      122.5   242.5   208.27   4th
