2006 USA California State Championships
Modesto, CA
           Name            Age   Div      BWt (Lb)   WtCls (Lb)   Squat 1   Squat 2   Squat 3   Bench 1   Bench 2   Bench 3   Deadlift 1   Deadlift 2   Deadlift 3   Total

Powerlifting - Women
       Jahylica Bland      20    F-Jr      191.4        198        150      -182.5    -182.5     -77.5     77.5      -87.5      127.5         145         157.5      385.0
        Tina Licastro      33    F-O       225.7        UNL         60        70       -82.5      70        80       -87.5      102.5        117.5        132.5      282.5
Powerlifting - Men
       Andrew Shouse       20    M-Jr      146.2        148        177.5    -192.5    -192.5      135      147.5     -155        205         217.5       -227.5      542.5
       Bryan Uyeoka        50    M-M3      147.4        148        170      -187.5    -187.5      130      -137.5    -137.5      205         -215         -215       505.0
       Keith Schiessl      47    M-M2      177.8        181       -212.5     227.5    -247.5      140      -152.5    -152.5      210          220         227.5      595.0
       Dylan Sanders       19    M-T3      167.8        181        125       155       167.5     -142.5    -142.5    142.5       180          200          210       520.0
       Greg Buffington     44    M-M1      197.8        198        -250      250       -260       195      202.5     -207.5      250          260          265       717.5
       Keith Kanemoto      47    M-M2      192.4        198        250       265      -277.5     -195       200      -220       242.5         250         -260       715.0
         John Lagrill      48    M-M2      197.6        198        -220      220      -227.5     142.5     -150       150        235          250         -265       620.0
        Mike Koufos        46    M-M2      194.4        198        195       210       220       122.5     132.5     -137.5     207.5         220         -230       572.5
        Lothar Vallot      54    M-M3      197.2        198         95      -102.5     102.5     92.5      -97.5     97.5        115          125         137.5      337.5
         Larry Manly       70    M-M7      191.8        198        125       142.5     147.5     102.5      110      112.5      132.5         145          150       410.0
        Marcus Wild        29    M-O       216.4        220        210       -220      230       167.5     -182.5    -182.5      260          270         -285       667.5
         Steve Pena        32    M-O        214         220        200       215       222.5      205       205      -245        190         227.5        -240       655.0
       Jacob Pinaglia      20    M-Jr      230.2        242        152.5    -162.5     -165      137.5     -142.5    142.5      202.5         210          215       510.0
        Robert Ciano       44    M-M1      237.2        242        232.5     240      -257.5      190       190      -207.5     252.5         275                    705.0
     Wayne Jandoc - M2     48    M-M2       236         242        245       267.5    -272.5     157.5     167.5     172.5       245         257.5        -260       697.5
       Barrett Marum       28    M-O       234.4        242       -257.5     257.5     277.5     187.5     197.5     -202.5     257.5       -272.5       -272.5      732.5
     Wayne Jandoc - O      48    M-O        236         242        245       267.5    -272.5     157.5     167.5     172.5       245         257.5        -260       697.5
        Mel Goodwin        45    M-M2       274         275        -235      235      -252.5      195       210       220       237.5        252.5        262.5      717.5
        Manny Burrell      52    M-M3      264.6        275        230       265      -282.5      145       165      -182.5      265          280        -287.5      710.0
         Bruce Lee         47    M-M2      288.4        UNL        282.5     -300      302.5     202.5     212.5      220        260         272.5       -282.5      795.0
     Steven Green - M4     55    M-M4       301         UNL        -290      290       -315      232.5      245      -250       262.5        287.5        -300       822.5
      Steven Green - O     55    M-O        301         UNL        -290      290       -315      232.5      245      -250       262.5        287.5        -300       822.5
Bench Press Only - Women
          Mari Asp         31    F-O       147.8        148                                      -152.5    -152.5    152.5                                           152.5
Bench Press Only - Men
        Jay Hadden         33    M-O       122.6        123                                      102.5     -115       115                                            115.0
       Craig Saewong       26    M-O       178.4        181                                      -190       190      -205                                            190.0
       John Alvarado       38    M-O       197.2        198                                      232.5     -237.5    257.5                                           257.5
       Jason Emmick        30    M-O       215.8        220                                       175      -192.5    -192.5                                          175.0
      Adam Contreras       19    M-T3       220         220                                       130      137.5      145                                            145.0
         Jim Masten        53    M-M3      266.2        275                                      217.5     232.5     -240                                            232.5
     Leo Contreras - M3    53    M-M3       346         UNL                                       180       190      197.5                                           197.5
      Leo Contreras - O    53    M-O        346         UNL                                       180       190      197.5                                           197.5
Deadlift Only - Men
        Allan Franks       32    M-O       164.6        165                                                                    -257.5        272.5         280       280.0
Push/Pull - Men
         Ron Pagel         60    M-M5      219.4        220                                       125      132.5     -140       162.5       -182.5        187.5      320.0
