                                                               BRITISH UNIVERSITY CHAMPIONSHIPS 25/26 March 2017 Women


Name                        Team Bwt (kg) WtCls (kg)   Age    SQ-1    SQ-2     SQ-3    Best SQ BP-1   BP-2   BP-3   Best BP Sub Total DL-1   DL-2   DL-3   Best DL Total Wilks Pts
Sabrina Shah                  UCL  45.96     47        Open     97.5 102.5      -105.5 102.5     55    57.5   60.5    60.5     163     112.5 117.5    120    120     283    386.72
Shanon Tong                  QMUL 45.61      47        Open      95     100      -105    100     50     -55    -55     50      150      100    110   112.5 112.5 262.5      360.65
Vidya Ramesh                 CAMB 46.25      47        Open      55     -60       -60     55     35     -40    -40     35      90      77.5    85     90      90     180    244.89
Holly Hathrell                OXF  46.4      47        Open     42.5   47.5      -52.5   47.5   32.5    35    -37.5    35     82.5     72.5   -77.5  77.5    77.5    160    217.17
Chloe Dickinson              YORK  44.77     47        Open      -45    45        -50     45     -20    20     25      25      70       50    57.5    -65    57.5 127.5     177.44
Krishnaa Mahbubani           CAMB 51.32      52        Open      85    92.5      -97.5   92.5   -52.5  52.5   57.5    57.5     150      120   127.5   130    130     280    352.60
Isabella Gottlieb             KCL  50.82     52        Open     87.5   92.5      97.5    97.5   47.5   52.5    55      55     152.5     110    120    125    125    277.5   352.09
Tanito Femi-idowu            BANG  51.95     52        Open     -100    110     -117.5   110     45    -52.5 -52.5     45      155      110    115   122.5 122.5 277.5      346.21
Karina Chan                  BATH  51.66     52        Open      90     95       -97.5    95     50    52.5    55      55      150      105    110   -115    110     260    325.78
Alina Dewshi                  OXF  50.36     52        Open     82.5   87.5       90      90     45    47.5    50      50      140      100    105   107.5 107.5 247.5      316.23
Lauren Miller                 UCL  50.89     52        Open     77.5   82.5      -87.5   82.5    40    42.5    -45    42.5     125     92.5    100 -102.5    100     225    285.19
Arisera Tongchaitanawutti     UCL  47.68     52        Open     77.5   82.5      87.5    87.5    35    37.5    40      40     127.5     85     90    92.5    92.5    220    292.80
Georgia Oakley                OXF  51.7      52        Open      75    -82.5     82.5    82.5    -35   37.5    40      40     122.5     85    92.5   97.5    97.5    220    275.48
Hannah Pipe                  NEWC 51.11      52        Open      60     65        70      70     35    37.5    40      40      110     82.5   92.5    100    100     210    265.29
Adriana Lipka               LOUGH 49.96      52        Open      60    -67.5     -67.5    60     30     35    -37.5    35      95       75     80     -85     80     175    224.95
Elspeth Mcleod               YORK  56.97     57        Open    117.5 122.5        125    125     60     65    67.5    67.5    192.5    142.5   150   -155    150    342.5   397.61
Elizabeth Pipe               HARP  55.9      57        Open      90     95        100    100    47.5   52.5    55      55      155      130    135    140    140     295    347.60
Soomin Jun                   NOTT  56.23     57        Open     100    -105       105    105     50    52.5    -55    52.5    157.5    122.5   130   -135    130    287.5   337.18
Daria Khoyi                   EXE  55.78     57        Open     100     105     -107.5   105     60     -65    -65     60      165      110   112.5   115    115     280    330.46
Sophie Coppin                BUCK  56.45     57        Open      95    102.5     -105   102.5    45    -52.5 -52.5     45     147.5     125   132.5 -135    132.5    280    327.38
Heather Eastlake             BIRM  55.41     57        Open      90    -97.5    -102.5    90     50     55    57.5    57.5    147.5     110    120    125    125    272.5   323.29
Tori Wensley                 SHEFF 55.58     57        Open      90     100      -105    100     45     50     -55     50      150      110   117.5 122.5 122.5 272.5       322.53
Dominika Wrobel              SURR  55.89     57        Open     105    -110     -112.5   105     55    -57.5 -57.5     55      160      95     105 -112.5    105     265    312.28
Alison Joy                   NRIA  56.86     57        Open      85     90       92.5    92.5    50    -52.5 -52.5     50     142.5     95    102.5 107.5 107.5      250    290.65
Katie Travers                NEWC 55.28      57        Open      65    72.5       80      80    32.5    35    37.5    37.5    117.5     110   117.5   125    125    242.5   288.24
Dominique Harris              UCL  56.4      57        Open      70     75        80      80     40     -45    -45     40      120     107.5   115 -117.5    115     235    274.97
Lina Girdvain                 OXF  52.21     57        Open      85     90        -95     90     40    42.5    -45    42.5    132.5     90     95     100    100    232.5   288.95
Beth Stirling                BIRM  54.32     57        Open      70    77.5      -82.5   77.5   37.5    40    42.5    42.5     120     97.5 102.5     110    110     230    277.15
Luisa Vargas                SMARY 55.69      57        Open      -85    85       -92.5    85     45    -47.5 -47.5     45      130      100   -105   -105    100     230    271.79
Su Yuan Wu                   SHEFF 55.92     57        Open     87.5   -92.5     -92.5   87.5   42.5    45    -47.5    45     132.5     95    -105   -105     95    227.5   267.97
Naomi Milliken               BIRM  54.51     57        Open      70    77.5      -82.5   77.5   32.5   37.5    -40    37.5     115      100    110 -117.5    110     225    270.38
Sofia Wyzykiewicz            QMUL 55.65      57        Open      55     60        65      65    47.5   52.5   57.5    57.5    122.5     90     100   102.5 102.5     225    266.04
Sarah Barron                 NOTT  56.16     57        Open     72.5   77.5      -82.5   77.5    45     50    -52.5    50     127.5     80     -85   87.5    87.5    215    252.41
Abby Henney                  QMUL  54.8      57        Open      70     -75       75      75     30    32.5    35      35      110      85     95     100    100     210    251.31
Sarah Griffin                BANG  55.19     57        Open     67.5   72.5      -77.5   72.5   37.5   -42.5 -42.5    37.5     110      85     90     95      95     205    243.97
Jasmin Hayles                BATH  54.52     57        Open      60     65        70      70     40     45    -47.5    45      115      80    87.5    -95    87.5 202.5     243.32
Hiba Khan                    YORK  56.94     57        Open    -107.5 -107.5    -107.5    0     -57.5 -57.5 -57.5      0        0       115   117.5 122.5 122.5       0       0.00
Hollie Johnson               NEWC  61.8      63        Open    117.5    125       130    130    82.5   87.5    -90    87.5    217.5     150    160    170    170    387.5   422.30
Stephanie Pike               SHEFF 61.65     63        Open     120    122.5    -127.5 122.5     60    62.5    65      65     187.5     175    185   187.5 187.5     375    409.42
Clair Sear                    OXF  61.4      63        Open     105     110     112.5 112.5      65    -67.5  67.5    67.5     180      140    150   157.5 157.5 337.5      369.63
                                                      BRITISH UNIVERSITY CHAMPIONSHIPS 25/26 March 2017 Women


Eleanor Mawson            BANG    61.75   63   Open    95     -102.5 102.5    102.5    55      60     -62.5      60    162.5    145    -152.5 152.5    152.5    315    343.51
Suzanne Goulder           CAMB    62.25   63   Open    105    112.5    115     115     -65     65     67.5      67.5   182.5   132.5   -142.5 -142.5   132.5    315    341.40
Victoria Hammond          BIRM    62.1    63   Open    95     102.5    110     110    47.5    52.5     -55      52.5   162.5    145      150   -160     150    312.5   339.31
Rebecca Kay               BIRM    61.25   63   Open   -92.5   102.5    105     105     45     47.5     55        55     160     125    137.5    145     145     305    334.68
Sarah French               UCL    61.2    63   Open   102.5     110    115     115     -60     60     62.5      62.5   177.5    105      115  122.5    122.5    300    329.40
Natalie Cameron            UCL    61.25   63   Open    85       90     95      95     57.5     60     62.5      62.5   157.5    125    132.5    140     140    297.5   326.45
Emily Burns               BANG    62.55   63   Open   117.5   -122.5 -122.5   117.5   62.5     65      -70       65    182.5    105      110    115     115    297.5   321.24
Leilah Foward             SURR    62.75   63   Open    100      110    115     115     50     52.5    -57.5     52.5   167.5   112.5   117.5 122.5     122.5    290    312.39
Stephanie Hall            CARD    61.05   63   Open    80       90    -100     90      45      50      55        55     145     120      130    140     140     285    313.53
Rebeca Lissmann            EXE    61.15   63   Open   102.5   107.5 -115      107.5   47.5     50     52.5      52.5    160    112.5   117.5 122.5     122.5   282.5   310.38
Ana Rojo                  KENT    61.9    63   Open    90       95    -97.5    95      50     52.5     55        55     150     115    117.5 127.5     127.5   277.5   302.03
Lily Erskine               OXF    61.55   63   Open    100      105   -110     105    42.5     45     47.5      47.5   152.5    110      120 -122.5     120    272.5   297.90
Lucy Hart                 CAMB    61.98   63   Open    85       90     95      95      45      -50     -50       45     140     105      115  122.5    122.5   262.5   285.44
Lucy Hart                 CAMB    61.98   63   Open    85       90     95      95      45      -50     -50       45     140     105      115  122.5    122.5   262.5   285.44
Isobel Davies             BIRM    58.8    63   Open    85      92.5    95      95     42.5    47.5     -50      47.5   142.5    100      110  117.5    117.5    260    294.45
Emma Wilkinson            NRIA    62.95   63   Open    85       90     -95     90      40     42.5     -45      42.5   132.5   112.5     120  127.5    127.5    260    279.40
Isabel de Berrie           OXF    60.75   63   Open    80       85     90      90     52.5     55      -65       55     145     100    107.5 112.5     112.5   257.5   284.33
Nicola Lenton-Bradlley    NRIA    61.5    63   Open   72.5     82.5   87.5    87.5     50     52.5     55        55    142.5   92.5    102.5 112.5     112.5    255    278.94
Hannah Richardson-Cross   QMUL    58.95   63   Open   92.5     97.5 102.5     102.5    45     47.5     -50      47.5    150     100    -112.5 -112.5    100     250    282.58
Elis Harrington            OXF    60.65   63   Open    75       80     -90     80      40      45     -47.5      45     125     105      115    120     120     245    270.87
Lucy Alexandra Reid       NEWC    62.95   63   Open    75       80     85      85     -47.5   47.5    52.5      52.5   137.5    90       100  107.5    107.5    245    263.28
Amy Lai                    UCL    60.8    63   Open   82.5     87.5   92.5    92.5    47.5     50     52.5      52.5    145     85      92.5   97.5    97.5    242.5   267.60
Lucy Ross                 SURR    61.65   63   Open   72.5      80     85      85      35     -37.5   -37.5      35     120     95       105  112.5    112.5   232.5   253.84
Florence Eastwood          KCL    61.55   63   Open    -75      75    -82.5    75      30      35      -40       35     110     95       100   -105     100     210    229.57
Rhian Whelan               EXE    62.15   63   Open   62.5     67.5   72.5    72.5    42.5    47.5    -52.5     47.5    120    82.5     -87.5   90      90      210    227.87
Susanne Escher             UCL    62.95   63   Open    65       70     -75     70     37.5     40     -42.5      40     110     85       90     -95     90      200    214.92
Jessica Fangman           YORK    60.65   63   Open   57.5      60    62.5    62.5     30      -35     -35       30    92.5     70       75    -77.5    75     167.5   185.19
Kai Ma                     OXF    57.2    63   Open   -72.5      0      0       0      -45      0       0        0       0       0        0      0       0       0       0.00
Susanna Argile            SURR    71.4    72   Open   132.5     145    150     150     90      95     -97.5      95     245     145    157.5    165     165     410    402.42
Sophie Culshaw            CAMB    67.5    72   Open    140      150  152.5    152.5    70      75      -80       75    227.5   -150      160    165     165    392.5   400.59
Alexandra Jackson          LINC   71.1    72   Open   122.5   127.5    130     130    62.5    67.5     70        70     200    162.5     170    178     178     378    372.07
Rachel Hughes             HULL    68.15   72   Open   107.5     115 -122.5     115     70      75      80        80     195    157.5     170  178.5    178.5   373.5   378.62
Rosie Howard               RDG    71.3    72   Open    110    117.5 122.5     122.5    65      70     -72.5      70    192.5    150      160    170     170    362.5   356.12
Ella-Louise Handley       NEWC    67.2    72   Open    105    112.5    120     120     65      70      75        75     195     130      140    150     150     345    353.25
Katie Holder               OXF    68.4    72   Open    110      115 -117.5     115    67.5     70     -72.5      70     185    147.5   152.5 157.5     157.5   342.5   346.27
Kate Pattison             WARW    68.65   72   Open   -105      105    115     115    62.5    -67.5   67.5      67.5   182.5    140    -142.5 145       145    327.5   330.25
Amanda Lee                CAMB    70.65   72   Open    105      115    120     120    52.5     60     -62.5      60     180     115      125  132.5    132.5   312.5   308.94
Matilda Butler            NRIA     71     72   Open    105      110   -115     110     45      50     -52.5      50     160    137.5     145    150     150     310    305.41
Aurelie Kent               UCL    67.85   72   Open    105      110   -115     110     50      -55     -55       50     160     135     -140   -145     135     295    299.99
Zoe Clark                  OXF    67.5    72   Open    95      -105   -105     95      55      60     -62.5      60     155     110      120    125     125     280    285.77
Phoebe Thorpe                     71.8    72   Open    80      -87.5  92.5    92.5     50      55      60        60    152.5    110    117.5 127.5     127.5    280    273.81
                                                     BRITISH UNIVERSITY CHAMPIONSHIPS 25/26 March 2017 Women


Gladness Marry Manecka    BIRM   67.95   72    Open 82.5    92.5    102.5    102.5    35      45     -52.5      45    147.5   112.5   122.5   130      130    277.5   281.88
Janine Divey              CARD   68.9    72    Open  85      95     102.5    102.5    50     -57.5   62.5      62.5    165     100    112.5   -120    112.5   277.5   279.14
Ellen Omahoney           LOUGH   71.4    72    Open -95      95     102.5    102.5    50      55      -60       55    157.5    110    -120             110    267.5   262.55
Megan McEveley                   67.55   72    Open  80      85       90      90      45     47.5     50        50     140     110    117.5    125     125     265    270.33
Claire Porter            NEWC    66.3    72    Open  90      95     102.5    102.5   42.5     45     47.5      47.5    150     100    107.5   112.5   112.5   262.5   271.40
Layla Wakrim             SURR    67.15   72    Open  70      80       90      90      50     52.5     55        55     145     105    112.5   117.5   117.5   262.5   268.90
Hanna Graham             BANG    70.5    72    Open  95     -105     -105     95      50      -55     -55       50     145    107.5   117.5   -130    117.5   262.5   259.88
Niamh Howarth            BANG    70.8    72    Open  85      90      100      100     45      50     -52.5      50     150     100     110    -115     110     260    256.65
Elisha Timoney           NRIA    70.25   72    Open  85      90       95      95     37.5     40     -42.5      40     135     95      105     110     110     245    243.14
Madeline Corman           OXF    67.2    72    Open  70      75       80      80     42.5     45     47.5      47.5   127.5    95     102.5    110     110    237.5   243.18
Niamh Walshe              OXF    63.55   72    Open  70     77.5      80      80     42.5    47.5     -50      47.5   127.5    85     87.5     100     100    227.5   242.72
Gabriela Da Silver       NEWC    67.25   72    Open  75      80       -85     80     42.5     45     47.5      47.5   127.5    80     92.5     95      95     222.5   227.68
Aisha Patel              BIRM    63.95   72    Open 62.5    -67.5    67.5    67.5    -27.5   -27.5   32.5      32.5    100     105    112.5    120     120     220    233.62
Hanna West                UCL    68.45   72    Open  80      85       -90     85      35     37.5     -40      37.5   122.5    75      80     87.5    87.5     210    212.20
Kadi Tamjarv             YORK    64.9    72    Open 72.5     80       -85     80     27.5    -32.5   32.5      32.5   112.5    -90     90      95      95     207.5   217.94
Carly Bigham             CARD    69.95   72    Open  50     57.5      65      65     32.5    37.5     -40      37.5   102.5    80     82.5     -85    82.5     185    184.13
Teniola Adeboye                   71     72    Open 107.5   112.5    120      120     -55    -62.5   -62.5      0       0      115    122.5    130     130      0       0.00
Chrystal Williams        BANG    81.41   84    Open 160      170    -182.5    170     90     92.5    97.5      97.5   267.5    190     200    207.5   207.5    475    430.49
Rachel Ibifubar Atemie    UCL    77.8    84    Open 130      135    -137.5    135     70      75     77.5      77.5   212.5    180     190    197.5   197.5    410    381.18
Georgina McDonald         EXE    79.2    84    Open -105     105     115      115    52.5    57.5    62.5      62.5   177.5   112.5   122.5   127.5   127.5    305    280.66
Victoria Cleland         NRIA    72.9    84    Open 87.5    92.5     100      100     50      55      -60       55     155     105     115     125     125     280    271.07
Joanna Towndrow          NRIA    74.09   84    Open 67.5     75       80      80     42.5    47.5    52.5      52.5   132.5    110     120     130     130    262.5   251.48
Tobyn Eagles             NRIA    79.19   84    Open  85     92.5     -100    92.5     45      50      55        55    147.5    95     97.5    -110    97.5     245    225.47
Georgia Peavoy           NEWC    76.67   84    Open  75      80       85      85     37.5     40     42.5      42.5   127.5    100    107.5    115     115    242.5   227.44
Kayleigh McCallion       YORK    73.07   84    Open  75      80       85      85     32.5    37.5    -42.5     37.5   122.5    70     77.5    82.5    82.5     205    198.15
Stephanie Foster         BANG    88.75   84+   Open 130     137.5    145      145    62.5    67.5    72.5      72.5   217.5   127.5   137.5   142.5   142.5    360    312.91
Stacey Anne Gould        CAMB    85.73   84+   Open  55     -57.5     -65     55     32.5    -37.5   37.5      37.5   92.5     70     77.5     85      85     177.5   156.71
                                                             BRITISH UNIVERSITY CHAMPIONSHIPS 25/26 March 2017 Men


Name                    Team Bwt (kg) WtCls (kg)   Age    SQ-1    SQ-2      SQ-3    Best SQ BP-1   BP-2     BP-3    Best BP Sub Total DL-1      DL-2      DL-3    Best DL Total Wilks Pts
Mohib Mia                QMUL 58.86      59        Open    142.5 152.5        -155   152.5   92.5   97.5     -102.5 97.5       250      170      182.5      190     190     440    381.96
Jun Jie Ng                UCL  58.11     59        Open     150    157.5     162.5 162.5     87.5   92.5      -97.5   92.5     255      150       160      167.5 167.5 422.5       371.21
Samuel Atkin              BRIS 58.47     59        Open     105     110      112.5 112.5      70     75        -80     75     187.5    -137.5    137.5      145     145    332.5   290.44
Kevin.Xu                 YORK  58.81     59        Open     120     125       -130    125     75    -77.5      -80     75      200      -125      125      -132.5   125     325    282.36
Anthony Lorenz Valenz    SURR  53.3      59        Open     105     -115      -120    105    67.5    75       -77.5    75      180     127.5      135       -140    135     315    301.30
Samiul Kobir             BIRM  64.48     66        Open    152.5 162.5       -167.5 162.5    97.5    105     -107.5   105     267.5    227.5      240       251     251    518.5   415.11
Adam Woo                 QMUL 65.06      66        Open     175     180      -182.5   180    87.5    95        100    100      280      -210      220       -230    220     500    397.30
Aneek Shah                UCL  61.83     66        Open     155     160       165     165    97.5 102.5       -110   102.5    267.5     200      207.5     212.5 212.5      480    398.50
Davine Basi              YORK  65.55     66        Open     145    152.5      160     160    62.5   67.5       -70    67.5    227.5     215       225      -232.5   225    452.5   357.29
Ifidar Rahman            BIRM  64.67     66        Open    -162.5 162.5              162.5   92.5   -100      -100    92.5     255     182.5      -195      -195   182.5 437.5     349.39
Samuel White              OXF  64.49     66        Open     145     150       155     155     90     -95       -95     90      245      160       170       175     175     420    336.21
Jahan Miah                UCL  62.83     66        Open     130     -145     152.5 152.5      90     100     -107.5   100     252.5     -165      -165      165     165    417.5   341.77
John Bermudez            BIRM  64.76     66        Open     130     -145      150     150     70     80        -85     80      230      170       185       -195    185     415    331.05
Afzol Ali                QMUL 63.32      66        Open    122.5    130       135     135    92.5   97.5     -102.5 97.5      232.5     170       180       -185    180    412.5   335.40
Anirudh Muraly            UCL  64.81     66        Open     125    132.5      -135   132.5   82.5   87.5      -92.5   87.5     220      170       180      182.5 182.5 402.5       320.87
Jack Storey               NRIA 61.82     66        Open      95    102.5     107.5 107.5      80     85       87.5    87.5     195      135       145       155     155     350    290.61
Yu Xuan Chow              UCL  63.84     66        Open      80      90       100     100     110   -115      -115    110      210       90       110       130     130     340    274.52
Syed.Hossain             KENT  61.78     66        Open      95    -102.5    107.5 107.5      75     80        85      85     192.5     125      132.5     137.5 137.5      330    274.16
Mohamad Latif             EXE  63.93     66        Open    132.5 -142.5       -145   132.5 -102.5 -110        -110     0        0      182.5     -192.5    -192.5 182.5      0        0.00
Nathan Winsala            KCL  72.75     74        Open     205    222.5      -230   222.5    95     105       115    115     337.5     220      232.5      245     245    582.5   424.18
Nick Charnley            NOTT   73       74        Open     170     180       190     190     140    145       150    150      340      200      212.5      -220   212.5 552.5     401.34
Jordan Lam                UCL  71.7      74        Open     170     180       190     190     115    120       125    125      315      220       -235      235     235     550    404.80
William Sharp            YORK  72.9      74        Open     180     190       -195    190     110    115     122.5 122.5      312.5    207.5     217.5      225     225    537.5   390.82
Giuseppe Merlerati        COV  73.95     74        Open     175     -180      -180    175     120   122.5     -130   122.5    297.5     225       235       -245    235    532.5   383.24
Anil Lad                  UCL  73.45     74        Open    172.5 182.5        -185   182.5 112.5 117.5       122.5 122.5       305      200       215       225     225     530    383.30
Ekin Arabul               BRIS 72.5      74        Open     185    192.5      -200   192.5    110   -115      -115    110     302.5     200       210       220     220    522.5   381.43
Kevin Xiu Sheng Tan      CAMB 71.05      74        Open     180     190       -200    190    92.5    100      -105    100      290      200       215      222.5 222.5 512.5       379.76
Joshua Adekoya           NEWC 72.25      74        Open     165     175       185     185     95     100       105    105      290      190       205       220     220     510    373.22
Oliver Al-Rehani          COV  72.3      74        Open     -160    170       180     180    -105    115       125    125      305      190       205       -220    205     510    373.07
Bradley Cawley           BANG  71.35     74        Open     165     175      -187.5   175    107.5 -112.5    -112.5 107.5     282.5     215       225       -230    225    507.5   374.89
Jeremy Ocampo             OXF  72.4      74        Open    182.5    195       200     200    102.5 -110         0    102.5    302.5    187.5      200      -207.5   200    502.5   367.18
Jaymie Oentoro            NRIA 72.85     74        Open     170    177.5     -187.5 177.5 107.5 117.5        -122.5 117.5      295      185       195      207.5 207.5 502.5       365.52
Dan Haslam               CUMB 72.25      74        Open     150    162.5      170     170     120    125       130    130      300      180       190       200     200     500    365.90
Zain.Malik               QMUL  72.2      74        Open     150    157.5      165     165     95    102.5    107.5 107.5      272.5     225      -232.5    -232.5   225    497.5   364.27
Ben Streatfield          KENT  72.6      74        Open     165    172.5      180     180     95    102.5      105    105      285      190      -202.5     210     210     495    361.00
James Leadley            YORK   73       74        Open    167.5 182.5        185     185    -100 107.5       -110   107.5    292.5     180       190      202.5 202.5      495    359.57
Quang Nguyen             CAMB 73.63      74        Open    157.5 167.5        -175   167.5 112.5 -120          120    120     287.5     190       200      207.5 207.5      495    357.34
Connor McKay            LOUGH 71.5       74        Open     150    157.5      165     165    102.5 107.5     -112.5 107.5     272.5     200       210      217.5 217.5      490    361.38
Christopher.Clark        NEWC  71.6      74        Open     160    167.5     172.5 172.5      95    -100     -102.5    95     267.5     190       205       215     215    482.5   355.46
Harry Marshall           BIRM  73.75     74        Open     150     155       160     160     90     95       -100     95      255      210       220      227.5 227.5 482.5       347.88
                                                        BRITISH UNIVERSITY CHAMPIONSHIPS 25/26 March 2017 Men


Andre Bekker                OXF    68.2    74   Open    155    165   -170      165      105      110     -115     110     275     190     205     -217.5    205     480    367.06
Raihan.Mohammed            CAMB     72     74   Open   162.5 167.5 -172.5     167.5     95       100    -102.5    100    267.5    200     210      -215     210    477.5   350.34
Fergus Ella                NRIA    72.35   74   Open   177.5   185   190       190     107.5     115    -117.5    115     305    157.5    165     172.5    172.5   477.5   349.10
Samuel Walden             LOUGH    70.55   74   Open    150   -160   160       160      110    117.5     -120    117.5   277.5   182.5   192.5     -200    192.5    470    350.10
Chris Protacio              BRIS   71.85   74   Open   -152.5 152.5 162.5     162.5    102.5   107.5    -112.5   107.5    270     190     200      -205     200     470    345.36
Syazwan Zulkofli           KENT    70.75   74   Open    155    165   170       170     -82.5    82.5      90      90      260     185     200      -205     200     460    341.92
Walter Cheung Fung Hung    CARD    69.4    74   Open    -135   145 -152.5      145      95     102.5      110     110     255     180     195     202.5    202.5   457.5   345.14
Dylan Minter-Brown         BOUR    72.65   74   Open    160   167.5 -172.5    167.5    87.5     92.5     97.5    97.5     265     180    187.5    192.5    192.5   457.5   333.47
Murray Irving             QMUL     72.8    74   Open    150   157.5 -162.5    157.5     95      97.5      100     100    257.5    190     200     -207.5    200    457.5   332.97
Aakash Galaiya              EXE    69.6    74   Open    140    150  152.5     152.5     -85      90       -95     90     242.5    190     200     207.5    207.5    450    338.71
Jack Evans                  OXF    67.65   74   Open    155    160   165       165     97.5    -102.5   -102.5   97.5    262.5    185     -195     -195     185    447.5   344.40
Han Sheng Lim              CAMB    69.65   74   Open    120    130   150       150      85       -90       0      85      235     185     200      210      210     445    334.77
Wen Jin Teh                CAMB    72.3    74   Open    150    160   -165      160      100      105    -107.5    105     265     170     180      -190     180     445    325.52
Ammen Arya                 NRIA    73.5    74   Open    145   152.5 -162.5    152.5    82.5     87.5      -90    87.5     240    172.5   187.5     200      200     440    318.03
Tristen Jithan             YORK    71.2    74   Open    115    130 -142.5      130      85       95       100     100     230     170     185      195      195     425    314.41
Daniel Moore              LOUGH    70.3    74   Open    135   142.5 147.5     147.5     75      82.5      -85    82.5     230     185     -190     190      190     420    313.70
Joseph Denton              YORK     73     74   Open    135   142.5  150       150      80       85       90      90      240    157.5   167.5     175      175     415    301.46
Alexander Dean              EXE    68.2    74   Open    135    145   150       150     97.5    -102.5     105     105     255     140     150     -162.5    150     405    309.70
Michael Youssef              KCL   72.71   74   Open    145 -157.5 160         160      85      92.5     -100    92.5    252.5    150     -165     -165     150    402.5   293.22
Azraf Chowdhury             UCL    73.95   74   Open    -135   135   140       140      75      -82.5    82.5    82.5    222.5    155     165      175      175    397.5   286.08
Alexander Toon             BANG    71.7    74   Open     85   97.5 -107.5     97.5      70      -77.5    -77.5    70     167.5    120    132.5     140      140    307.5   226.32
Simon Goorney              CAMB    66.6    74   Open    72.5   75    82.5     82.5      60       -65      -65     60     142.5   107.5    115      125      125    267.5   208.49
Jakob Skarabot             NRIA    81.01   83   Open    225   237.5  245       245     127.5     135      140     140     385     265    277.5     295      295     680    460.63
Salman Khan                CAMB    81.83   83   Open    205   217.5  225       225     142.5   147.5    152.5    152.5   377.5    260     275      280      280    657.5   442.63
Scott Webb                 HARP    82.02   83   Open    215   222.5 227.5     227.5     140    142.5      145     145    372.5    240    247.5    252.5    252.5    625    420.19
Aymen Alhassan              EXE    79.4    83   Open    180    195 -197.5      195      135      140     -145     140     335     245     255      270      270     605    415.03
Billal Sohail             QMUL     80.36   83   Open    210    220  227.5     227.5     105      115      120     120    347.5    230    242.5    -252.5   242.5    590    401.67
Hugo Beaumont               EXE    79.35   83   Open    180   192.5 202.5     202.5     135    142.5     -150    142.5    345     225     240      -245     240     585    401.43
Anthony McGowan            BIRM    80.58   83   Open    190    200   205       205     132.5     140    -147.5    140     345    -240     240      -250     240     585    397.57
Mohamed Yahya              BANG    82.02   83   Open   177.5   190   -205      190      110      120      140     140     330     230     245      255      255     585    393.30
Joshua Bosman              BATH    82.86   83   Open    185    195   200       200      130      135    -137.5    135     335    247.5    -260    -272.5   247.5   582.5   389.23
James Vickers               OXF    80.46   83   Open    180    190     0       190     147.5    -155     -155    147.5   337.5    230     240     -247.5    240    577.5   392.82
Hud Herman                  IMP    80.56   83   Open    -185   185   190       190      125      130      135     135     325     220     235     242.5    242.5   567.5   385.73
Ali Ghareeb                CAMB    79.84   83   Open    180    190   -195      190      125      130    132.5    132.5   322.5    225     235     242.5    242.5    565    386.23
Patrick Close               SMU    82.22   83   Open    180   -190   190       190      125      130    132.5    132.5   322.5    220    237.5     -250    237.5    560    375.93
Kenny Chieng              NEWC     81.94   83   Open   197.5 207.5   215       215      100      105      110     110     325     205    -222.5   222.5    222.5   547.5   368.30
Armen Bodossian             OXF    81.64   83   Open    190    200   -205      200      105     -110      110     110     310     220     235     -247.5    235     545    367.44
Simon Chan                 NRIA    82.78   83   Open    180    190   200       200      125    132.5      140     140     340     185     195      205      205     545    364.39
Victor Mulimakwenda        SHEFF   81.98   83   Open    180    190  197.5     197.5    107.5   112.5    117.5    117.5    315    207.5   217.5     225      225     540    363.15
Wei Jia                     OXF    82.01   83   Open    180    200   210       210      95     102.5    107.5    107.5   317.5    195     210     222.5    222.5    540    363.04
Kwang Ik Wong               OXF    77.43   83   Open    175    185  187.5     187.5    122.5   127.5      130     130    317.5   -215     -220     220      220    537.5   374.80
                                                           BRITISH UNIVERSITY CHAMPIONSHIPS 25/26 March 2017 Men


Myles Coe                     SMU    82.97   83   Open    -180   -180   180       180     110   117.5    125        125     305     205     215    225      225     530    353.83
Thomas Verbeek                UCL    80.5    83   Open   177.5 187.5 -192.5      187.5   112.5 -117.5 117.5        117.5    305     190     210   222.5    222.5   527.5   358.70
Samuel Mitchell             WARW     80.56   83   Open    175    -185   -185      175     -120   125 -127.5         125     300     220     225    -230     225     525    356.84
Matthew Lindsay              BUCK    81.58   83   Open    185   197.5 -207.5     197.5   117.5 122.5 -127.5        122.5    320     180    192.5   205      205     525    354.11
Jack Zvaigzne                NOTT    81.95   83   Open   182.5   190    -195      190     100   107.5 -112.5       107.5   297.5   202.5   212.5   220      220    517.5   348.07
Joshua Branter               NOTT    82.45   83   Open    180   187.5 192.5      192.5    100    105    -110        105    297.5    210     215    220      220    517.5   346.78
Callum Hodson               NEWC     74.98   83   Open    170    180    -190      180    107.5   115     120        120     300     200     215 -222.5      215     515    367.04
Theo Warren                 QMUL     81.34   83   Open   167.5   175   182.5     182.5   112.5 117.5 -122.5        117.5    300     215     -220   -225     215     515    347.99
Rafi Khan                    BATH    80.51   83   Open    175    185    -195      185    107.5 112.5 117.5         117.5   302.5    190     200    -210     200    502.5   341.70
Rune Kvist                    OXF    80.9    83   Open    160    170    175       175    112.5   120     125        125     300     180     190    200      200     500    338.95
Danien Schofield             NOTT    81.02   83   Open    155   162.5   170       170    107.5   115   117.5       117.5   287.5    180     200   212.5    212.5    500    338.65
Tobias Cracknell             YORK    81.16   83   Open    160    175    -180      175     92.5   100     105        105     280     195     210    220      220     500    338.30
Mustafa Mohamed              BIRM    81.92   83   Open   147.5   155    160       160      95    100   102.5       102.5   262.5    215    227.5 237.5     237.5    500    336.40
Dan Eustace                 LOUGH    82.26   83   Open    155    165   177.5     177.5    -105   -105    105        105    282.5    195     205    210      210    492.5   330.52
Lewis Wilkinson              NOTT    80.55   83   Open    -175   175 -177.5       175     100    105    -110        105     280     200     210    -220     210     490    333.10
Matthew Wee                  NOTT    81.2    83   Open   147.5 157.5 -165        157.5    105    110     115        115    272.5    180     195    210      210    482.5   326.36
Elliot Sutcliffe              EXE    79.4    83   Open   147.5   155   162.5     162.5   107.5   115    -120        115    277.5    180    192.5   200      200    477.5   327.56
Tom Miller                  LOUGH    80.82   83   Open    -145 152.5    160       160    107.5 -110 -112.5         107.5   267.5    200     210    -220     210    477.5   323.94
Chris Heath                  KING    82.12   83   Open    165    175 -182.5       175     100    105     110        110     285     190    -202.5 -202.5    190     475    319.11
Jamie Lowry                 LOUGH    74.06   83   Open    150    160   167.5     167.5     95   102.5    105        105    272.5    180     190    200      200    472.5   339.68
Michael Grayston              EXE    80.78   83   Open    -160   160    -165      160     100   107.5 -112.5       107.5   267.5    190    197.5   205      205    472.5   320.64
Oliver Beagley               NOTT    81.01   83   Open    170    180    -185      180      95   102.5 -107.5       102.5   282.5    180     190    -195     190    472.5   320.07
Felix Fowler                 NOTT    75.07   83   Open    150    155   162.5     162.5    92.5   97.5    100        100    262.5    190     195   202.5    202.5    465    331.13
Julian Harvey                 LINC   81.95   83   Open    155   162.5   165       165      95   102.5    105        105     270     175    182.5 187.5     187.5   457.5   307.71
Charles Chester               OXF    77.44   83   Open    150    -160   160       160     120    125    -130        125     285     170     -180   -180     170     455    317.23
James Heesom                LOUGH    81.86   83   Open    145    155    160       160     97.5 102.5 107.5         107.5   267.5   -180     180   187.5    187.5    455    306.26
Steven Smithies              CAMB    79.03   83   Open    135    140    -145      140     105   112.5 -117.5       112.5   252.5    170     185    190      190    442.5   304.44
Daniel Jepsen                NRIA    80.6    83   Open   147.5   155    160       160      90    97.5 102.5        102.5   262.5    160     170    180      180    442.5   300.68
Nathan Quilliam              HULL    79.75   83   Open    125   132.5 -137.5     132.5     95   102.5    105        105    237.5    185     200    -210     200    437.5   299.29
Lewis Wilkinson              NRIA    78.92   83   Open   137.5   145   152.5     152.5     75     80    82.5       82.5     235     180    192.5   200      200     435    299.54
Noah Stuckey                LOUGH    78.26   83   Open    150    155   157.5     157.5     75     80    -82.5       80     237.5   162.5   -167.5 167.5    167.5    405    280.42
Michael Wroblewski           SURR    80.31   83   Open    120    -130   130       130     62.5   67.5   -72.5      67.5    197.5    160     170    180      180    377.5   257.08
Gareth Randle                NRIA    77.24   83   Open    100   107.5 112.5      112.5     95    100   102.5       102.5    215     120     130    145      145     360    251.42
Michael Leeming               OXF    81.79   83   Open     90    92.5   100       100      80    92.5   97.5       97.5    197.5    130     140    150      150    347.5   234.01
Luka Smyth                    EXE    80.27   83   Open   -142.5 -142.5 -142.5      0       85     90     95         95       0      155     165    170      170      0       0.00
Joel Fraser                 LOUGH    80.76   83   Open    160 -167.5 -167.5       160     -135   -135   -135         0       0      195     205    210      210      0       0.00
Sean-Paul MacKenzie         WARW     82.9    83   Open   202.5   215    -220      215    -117.5 -117.5 -117.5        0       0     -260     -260     0       0       0       0.00
Edward Obakhavbaye-Hanson    BIRM    89.15   93   Open   217.5   230    235       235     145   152.5    155        155     390     265     280   287.5    287.5   677.5   434.62
Aleem Majid                   SMU    92.55   93   Open    235    245    255       255     145    -150    150        150     405     240     255   272.5    272.5   677.5   426.55
Tom Perryman                  SMU    92.2    93   Open    245    -255   255       255     130   137.5    145        145     400     250     270 -282.5      270     670    422.64
Aaron Hegedus                 OXF    90.2    93   Open    200    215   222.5     222.5    130   137.5    140        140    362.5    230     250    265      265    627.5   400.16
                                                         BRITISH UNIVERSITY CHAMPIONSHIPS 25/26 March 2017 Men


Aaron Wade                 UCL     91.35   93    Open    210     220   -225     220     122.5    130      135      135     355     270    -285     -285     270     625    396.06
Jacob Wymer               BEDS     89.85   93    Open    210     225   -230     225      115     125     -132.5    125     350     240     260     270      270     620    396.12
Anton Shinebio Carvalho    UCL     92.3    93    Open    215     225    230     230      125     135      140      140     370     235     250     -260     250     620    390.91
Chris Thompson             LINC    92.3    93    Open   192.5   -202.5 202.5   202.5    132.5    140      -145     140    342.5   257.5   267.5   -272.5   267.5    610    384.61
Richard Bishop             BPP     92.65   93    Open   197.5    210   -215     210     142.5    150     -157.5    150     360    212.5   227.5    240      240     600    377.58
Paul Sweeney               UCL     91.15   93    Open    180     190   -195     190      140     -145     -145     140     330     255     265    -272.5    265     595    377.41
George Watts              NEWC     83.1    93    Open   187.5    200    210     210     117.5    125      130      130     340     220     235     250      250     590    393.53
Jack West                  UCL     89.15   93    Open    185     190   -195     190     127.5    135     -137.5    135     325     240     260     -265     260     585    375.28
Louis Keightley-Smith     NRIA     92.45   93    Open   192.5    205   212.5   212.5     135    -142.5   -142.5    135    347.5    205     215     230      230    577.5   363.82
Mojeed Sulayman           NEWC     90.55   93    Open    195     205    215     215     117.5   122.5     130      130     345    -205     210     225      225     570    362.75
Edward Potter             BATH     91.15   93    Open    200     210   -215     210      110     115      120      120     330     215     230     -240     230     560    355.21
Alex Chalkley              UCL     92.95   93    Open    185     190   192.5   192.5    107.5    115      -120     115    307.5    230     245    252.5    252.5    560    351.90
Vakram Thakur             CAMB     90.3    93    Open    185    -197.5 200      200      105    107.5    112.5    112.5   312.5    205     225     240      240    552.5   352.11
Sam Bravo                 CARD     90.05   93    Open    170     185    195     195      115     125      -130     125     320     210     220     230      230     550    351.01
Talal Al Kindi            NOTT     91.35   93    Open    180     -195   195     195      115     -125     -125     115     310     210     230     240      240     550    348.54
Kieran Richardson         NRIA     91.45   93    Open    185     -195   195     195      125    132.5     135      135     330     200    212.5    220      220     550    348.32
Max Jordan Dooley         NOTT     86.35   93    Open    185     195   -205     195      100     105      110      110     305     210     225     240      240     545    355.67
Abdal Qadir Zafar          EXE      91     93    Open   167.5    180 -187.5     180     117.5    -125     130      130     310     205     225     235      235     545    346.02
Alex Hall                  BRIS    88.9    93    Open    195     205   -210     205     97.5    -107.5   107.5    107.5   312.5    200     215     230      230    542.5   348.50
Zekican Turgut             UCL     92.35   93    Open    180     190   -200     190      115     120     -122.5    120     310     220     230     -240     230     540    340.36
Brandon McDonald           OXF     85.93   93    Open    160     165   -170     165     147.5    -150     -150    147.5   312.5    215     225    -232.5    225    537.5   351.69
Alexander Cotton           UCL     87.35   93    Open    170     180   -185     180      120    -127.5   127.5    127.5   307.5    205    212.5    -220    212.5    520    337.22
Luke Cummings             BANG     90.45   93    Open    185     195   -200     195     132.5   -142.5   142.5    142.5   337.5   167.5    180     -200     180    517.5   329.54
James Brean               BIRM     85.15   93    Open    155     160   167.5   167.5     110     120      -125     120    287.5    195     210     225      225    512.5   337.07
Vladimire Pronin           UCL     89.85   93    Open    170     -180  -180     170      105    112.5     115      115     285     210     220    227.5    227.5   512.5   327.44
Huw Jones                  EXE     90.05   93    Open    140     150    160     160      130     135     137.5    137.5   297.5    190     200     210      210    507.5   323.89
Colin Chu                  UCL     86.95   93    Open   157.5    165   172.5   172.5     115     120      -125     120    292.5    200     210     -215     210    502.5   326.68
Jack Storer                SMU     89.73   93    Open    145    157.5   165     165     127.5    135     -137.5    135     300     185     200     -210     200     500    319.70
George Popplewell         BATH     90.65   93    Open    150    -152.5 170      170     107.5    115     -117.5    115     285     205     210     -215     210     495    314.87
Robert Flashman           SURR     91.75   93    Open    160     170    175     175     -110     115     -122.5    115     290     190     205     -210     205     495    312.99
Thomas Mahoney            BIRM     91.5    93    Open    155    162.5 167.5    167.5     110    117.5    -122.5   117.5    285     185     195     205      205     490    310.22
Rory Flinn                BANG     89.25   93    Open   -165     165   172.5   172.5     100     110      -115     110    282.5    205    -215     -215     205    487.5   312.54
Rowan Ella                         85.65   93    Open   182.5   187.5 -192.5   187.5    97.5     105     107.5    107.5    295     170     180     190      190     485    317.92
Areeb Mazhar              SHEFF    89.1    93    Open   152.5   162.5 172.5    172.5     95      100      105      105    277.5    195    207.5   -222.5   207.5    485    311.22
Patrick Berry             STON     89.3    93    Open    170     180   -190     180      90      100      -110     100     280     190     205     -220     205     485    310.88
Coren Le Roux                      92.4    93    Open    160     -170  -170     160      110    -117.5   -117.5    110     270     200     210     -215     210     480    302.45
Luke Miffatt               BANG    85.5    93    Open    135    142.5 152.5    152.5     95      -100     100      100    252.5    180     200     215      215    467.5   306.77
Ed Powell                  BIRM    89.6    93    Open    135     140    145     145     92.5     97.5    -102.5   97.5    242.5    200     210     220      220    462.5   295.91
Carlos Les                LOUGH    91.7    93    Open   152.5   162.5 -170     162.5     100    107.5     110      110    272.5    180      0        0      180    452.5   286.21
Alexander Pierides          BRIS   101.2   105   Open   -220     220    240     240      165     175     -182.5    175     415     240    257.5    265      265     680    411.88
Joe Lindsay               LOUGH     100    105   Open    220     230    235     235      140     150     152.5    152.5   387.5    265     275    282.5    282.5    670    407.76
                                                        BRITISH UNIVERSITY CHAMPIONSHIPS 25/26 March 2017 Men


Nathanael Corbett       CARD    99.2    105    Open    215     227.5    245      245     130     140     152.5    152.5   397.5    240     260    270       270    667.5   407.58
Atamli-Ahmed Reineh      OXF   101.9    105    Open    210     -225     230      230     140     145      -150     145     375     250     270    -285      270     645    389.64
Kyle Renwick           LOUGH   101.7    105    Open    215     227.5   237.5    237.5    125    132.5     135      135    372.5   252.5   -265    -265     252.5    625    377.88
Ben Lanza               BATH    102     105    Open    220      230       0      230     150    -157.5    -160     150     380     245    -255              245     625    377.44
Otis Marston            NRIA   101.8    105    Open   202.5    212.5    220      220    132.5    140     -147.5    140     360     250    262.5    -270    262.5   622.5   376.24
Jack Dunky              NOTT   102.5    105    Open    195      205     215      215     140     150      -155     150     365     225     240     250      250     615    370.72
Ryan Faldo               GUL   102.6    105    Open   212.5    222.5   227.5    227.5   -135    142.5     150      150    377.5    230    -235     -235     230    607.5   366.08
Dan O'Leary              EXE   100.7    105    Open    200     -210    -212.5    200     130     135      140      140     340     235     245    252.5    252.5   592.5   359.59
Jonathan Mortimore      BATH    99.5    105    Open    190      200     205      205    152.5    160      -170     160     365     215     225     -235     225     590    359.78
Luke Huggins            PORT   103.8    105    Open    200      220    -222.5    220     125     130      -140     130     350     225    -240     240      240     590    354.00
Joey Watson             BTON    95.7    105    Open    190      200     -205     200     150    -157.5   -157.5    150     350     235    -250     -250     235     585    362.70
Julian Streit            UCL   102.9    105    Open   207.5     215     -220     215     115     120      -125     120     335     230     240    247.5    247.5   582.5   350.61
Andrew Callaway        NEWC    93.05    105    Open    200     212.5   222.5    222.5    110    117.5    122.5    122.5    345     220     235    -242.5    235     580    364.24
Matthew Noble            OXF    93.8    105    Open   -202.5   202.5    -215    202.5    145     150     152.5    152.5    355     205     215    222.5    222.5   577.5   361.34
Mark Faulkner           NRIA   102.5    105    Open    185      195    -202.5    195     125    132.5    -137.5   132.5   327.5    225     240     250      250    577.5   348.12
Rokas Augunas           NOTT   102.9    105    Open    195      205    212.5    212.5    125    132.5    -137.5   132.5    345     215     225     -235     225     570    343.08
Pavlos Kouros          NEWC    93.01    105    Open    180      190     -200     190     140     145      150      150     340     205     215    222.5    222.5   562.5   353.36
Callum Sims              EXE    97.4    105    Open    170      175     -180     175    -120     120      125      125     300     230     240     250      250     550    338.36
Themis Karavellas       NOTT   103.3    105    Open    170      180    187.5    187.5   127.5    135      140      140    327.5   192.5    200     205      205    532.5   320.09
James Lovell-Kennedy     UCL   102.4    105    Open    180     -190     190      190     110     115      120      120     310     200    212.5    220      220     530    319.59
Chris Mowat              EXE   102.3    105    Open    170      180     185      185     110     -115     115      115     300     200     210     -220     210     510    307.63
Tom Bugler             LOUGH    93.6    105    Open    160     167.5    -175    167.5   127.5    135      140      140    307.5    185     195     -200     195    502.5   314.72
Richard Bishop          CARD    96.5    105    Open    155      165     175      175     120     -130     -130     120     295     205    -215     -220     205     500    308.85
Hector van Smirren       OXF    98.3    105    Open    155      165    172.5    172.5   107.5    115      120      120    292.5   187.5    200    207.5    207.5    500    306.45
Juras Ancevicius        NOTT    94.6    105    Open    115      125     140      140     80       85       -90     85      225     160    -170     170      170     395    246.16
Francis Saunders        CAMB   115.35   120    Open    245      255     -265     255     150     160     162.5    162.5   417.5    300     315     320      320    737.5   428.19
Connor Westby           BATH   110.84   120    Open   217.5    227.5    235      235     150     160      -165     160     395     270     285     -300     285     680    399.23
Andrew Hodgson          CAMB   116.91   120    Open    215      220    222.5    222.5    160    167.5     -170    167.5    390     230    -260     260      260     650    376.09
Robert Stewart          YORK   113.3    120    Open    230     -240     -240     230     135     145      -150     145     375     240     245     250      250     625    364.63
Jake Speller             SMU   109.35   120    Open    210      220    227.5    227.5    125     130      135      135    362.5    210     230    237.5    237.5    600    353.76
Ben Langen             NEWC    109.09   120    Open    180      190     200      200    117.5    125     132.5    132.5   332.5   222.5   232.5   242.5    242.5    575    339.25
Alexander Yee           NRIA   111.72   120    Open    200      215     -225     215     100     110      115      115     330    -230    -230     230      230     560    328.05
Charlie Cornelius       YORK   116.98   120    Open    195     -205     -205     195     115     120     -127.5    120     315     230    237.5   242.5    242.5   557.5   322.51
Donald Man             QMUL    113.78   120    Open    175      185    187.5    187.5   102.5    110     112.5    112.5    300     205     215    222.5    222.5   522.5   304.46
Kevin Yong             QMUL    105.1    120    Open   142.5    147.5    155      155     105     110      115      115     270     185    192.5    200      200     470    280.78
Zheng Sun               BIRM   105.1    120    Open   152.5    167.5    -175    167.5    105     110     -117.5    110    277.5    170    182.5   192.5    192.5    470    280.78
Ben Rant                CARD   138.42   120+   Open   -242.5   247.5    -260    247.5    145    -152.5   -152.5    145    392.5   247.5    260    -272.5    260    652.5   365.27
