  20/04/2018                                                 SW Open Championships 2018
                                      Bwt     WtCls                                                   Sub                             (1) PL
Name                  Team    Div                     SQ-1    SQ-2    SQ-3    BP-1    BP-2    BP-3            DL-1    DL-2    DL-3             Pl-Div- WtCls-Evt
                                      (kg)     (kg)                                                   Total                            Total

Robbie Rees           Guest   M-BL   104.8     105    240     255             170      180            435     300                      735             1
Matt Deacon-Smith     SW      M-BL   97.57     105    -225    235     252.5   127.5   132.5   -135    385     240     260     280      665             2
Nick Kenny            SW      M-BL   104.3     105    170     190     210     142.5   152.5   157.5   367.5   275     -290    -290    642.5            3
Beck Phillips         SW      M-BL   96.63     105    205     215     225     130      140    150     375     230     240     250      625             4
Doug Arnold           SW      M-BL   99.73     105    207.5   217.5   -225    120     127.5   132.5   350     245     260     -270     610             5
Chris Brown           SW      M-BL   101.95    105    192.5   -205    205     142.5    150    -155    355     230     240     250      605             6
Jack Greenham         SW      M-BL   97.87     105    200     210             115      125    130     340     210     225     250      590             7
Faiz Bankole          SW      M-BL   103.49    105    -190    -205    205     120      130    -135    335     220     235     250      585             8
David Leatherbarrow   SW      M-BL   103.03    105    195     200     205     125      130    -135    335     225     232.5   245      580             9
Calum Chittenden      Guest   M-BL   103.81    105    192.5   205     -210    105     -110    -110    310     235     245              555            10
Lewis Ireland         SW      M-BL    99.7     105    -170    -175    175     122.5    130    135     310     205     215     225      535            11
Ellis Myatt           SW      M-BL   103.75    105    170     180     190      90      95     97.5    287.5   200     210     220     507.5           12
Tom Sharp             SW      M-BL   99.97     105    150     160     165     125     137.5   -145    302.5   170     180     190     492.5           13
Liam Warr             SW      M-BL   102.23    105    155     165     175     92.5    -102.5 102.5    277.5   192.5   197.5   202.5    480            14
Thomas Mayall         SW      M-BL   102.43    105    160     170              60      65             235     180     195     210      445            15
Nathan Fletcher       SW      M-BL   97..03    105     90     97.5    110      65      70      -75    180     115     125     137.5   317.5           16
Andrei Tudorache      SW      M-BL   103.4     105    230     -245            -160    -160              0                               0
Louis Phelps          SW      M-BL   113.43    120    210     230     240     130     142.5   147.5   387.5   250     262.5   270     657.5            1
Nigel Kibble          SW      M-BL   109.95    120    210     220     230     140      145    150     380     240     250     262.5   642.5            2
Mike Roberts          SW      M-BL   106.3     120    200     210     220     120      140    160     380     220     240     250      630             3
Alex Whitfield        SW      M-BL   110.9    120    210     217.5   222.5 -137.5 137.5              360     245     252.5   -260     612.5   4
Edem Amuzu            SW      M-BL   110.95   120    210     220     -225   122.5    130    -135     350     232.5   242.5 -247.5     592.5   5
Patrick Greenham      SW      M-BL   116.07   120    -200    200     210    140      150    -165     360     200     230     -262.5   590     6
Zachary Conway        SW      M-BL   109.25   120    210     -225    -225   105      110    -120     320     230     240      250     570     7
Chris Mowat           SW      M-BL   107.85   120    190     200     -210   117.5    125    -130     325     205     220      230     555     8
Sam Rutherford        SW      M-BL   119.92   120    -160    180     200     95      110    122.5    322.5   160     202.5    220     542.5   9
Bradley Gosling       SW      M-BL   117.66   120    175     190     -200    90      95     -100     285     195     205      210     495     10
James Howl-Newton     Guest   M-BL   111.89   120    145     160     170     90      100    -105     270     180                      450     11
Moossa Saleh Hasan    SW      M-BL   112.63   120    110     120     130     80     87.5     -95     217.5   125     137.5    150     367.5   12
Jake Turley           SW      M-BL   119.76   120    112.5   117.5 -122.5    45      -50     50      167.5   130     142.5    150     317.5   13
Adam Nash             Guest   M-BL   167.5    120+   285     300     310    190      200    -207.5   510     300     320      330     840     1
Nicholas mellor       SW      M-BL   143.4    120+   272.5   300     -310   160                      460     260     -285    -285     720     2
Ben Rant              SW      M-BL   149.9    120+   245     260     275    142.5   152.5   162.5    437.5   235     255     272.5    710     3
Matthew Etherington   SW      M-BL   127.5    120+   -210    210     220    150      160     165     385     250     280     -290     665     4
Jamie House           SW      M-BL   132.77   120+   -210    210     220    142.5   152.5 -162.5     372.5   250     265     -272.5   637.5   5
Joseph Bourne         SW      M-BL   140.75   120+   180     190     200    -165    172.5    180     380     220     235     247.5    627.5   6
Lewis Walden          SW      M-BL   140.24   120+   170     180     195    115      120     125     320     -225    230      240     560     7
Joshua Tremain        SW      M-BL   129.08   120+   190     -200    200    -110     120    132.5    332.5   220     -240    -240     552.5   8
Mark Townend          SW      M-BL   149.66   120+   165     180     -195   130     -137.5 137.5     317.5   190     200      210     527.5   9
