Flt                                    BWt WtCls             Lot     RH        Squat   Squat    Squat    Squat    Best   RH                                  Best     Sub     Deadlift Deadlift Deadlift Deadlift Best                Coeff     Age &   Pl
           Name           Age   Div                 Reshel                                                                  Bench 1 Bench 2 Bench 3 Bench 4                                                                PL Total                         Pl-Div-WtCl
A                                      (Kg) (Kg)              #      Sq         1       2         3       4      Squat   BP                                 Bench     Total     1         2       3         4     Deadlift            Score      Coeff code

                                                       0                                                           0                                             0      0                                           0        0         0.000     0.000             0
A      Melissa Fradette   40     F1    67.4  67.5   1.6406           18/o       110     120       130             130  1/2     60      -65     65               65     195     95        105  -117.5              105       300       492.180   492.180   1    1-F1-67.5
A       Brittany Brecht   35     FO    74.6   75    1.5478           16/o       150     165      182.5           182.5 3/2     65     72.5    -80              72.5    255    197.5     212.5 -225.5             212.5     467.5      723.597   723.597   1     1-FO-75
A       Kiya Townsend     31     FO    101.1 110    1.3586           15/o      -177.5 177.5     -187.5           177.5 3/4   -175    -177.5 -177.5               0      0      150       160   167.5             167.5       0         0.000     0.000    1        0
A          Lee Powell     36     MO    98.5  100    0.921            17/I       275    -300      -300             275  4/4    195     -205   -205              195     470     160        0                       160       630       580.230   580.230   1    1-MO-100
A        Carter McKim     21     MJ    107.8 110     0.89            13/o       300   -312.5    -312.5            300  4/4    195     -220    220              220     520     270     -287.5   290               290       810       720.900   735.318   1    1-MJ-110
A       Taunia Stevens    36     FO    87.9   90    1.4336                                                         0   2/2    145     152.5  -160             152.5     0                                           0        0         0.000     0.000    1        0
A        Barret Dufour    35     MO    98.9  100    0.9194                                                         0   4/3    195     -200    200              200      0                                           0        0         0.000     0.000    1        0
B          Eric Bryce     30     MO    120.3 125    0.8638            10/i      265    -277.5    277.5           277.5 5/3    195     -205    205              205    482.5     275     290      300              300      782.5      675.924   675.924   1    1-MO-125
B       Brian Johnston    55     M4    109.7 110    0.8852            13/i     -305     -305    -317.5             0                                             0      0                                           0        0         0.000     0.000    1        0
B         Mike Martin     57     M4    124.2 125    0.859             11/i      310    -337.5   -337.5            310  6/3    175     192.5    -205   -205    192.5   502.5     275     295     -315              295      797.5      685.053   868.647   1    1-M4-125
B        Zach Tetreault   28     MO    107.8 110     0.89          16/.25out    380     -400     -410             380  1/3    285      305     -320            305     685      230     265    -272.5             265       950       845.500   845.500   1    1-MO-110
B       Liane Sabourin    45     F2     152 SHW     0.932                                                          0   5/6B 137.5    -157.5   157.5           157.5     0       165    177.5     185    -192.5    185        0         0.000     0.000    1        0
B          Pat Thera      57     M4    122.6 125    0.8606                                                         0   3/2    180      190      195            195      0                                           0        0         0.000     0.000    1        0
C        Aria Sarkonak     7     FT3     31   44     #N/A                        25       40      45              45           20        35    37.5            37.5   82.5     30       32.5      35               35      117.5       #N/A      #N/A     1    1-FT3-44
C       Marissa Wutke     23    FJ-U     42   44    2.849            22/o      77.5      82.5     90              90   0/0     35        40   -42.5             40     130     80         95     105              105       235       669.515   669.515   1    1-FJ-U-44
C        Karley Francis   27    FO-U   53.8   56    1.992            17/o      82.5       90      95              95   2/1   37.5      42.5    47.5            47.5   142.5    95        105    -115              105      247.5      493.020   493.020   1   1-FO-U-56
C      Samantha Glover    31    FO-U   58.1   60    1.8348           20/o       100      120     -125             120 0/0B 52.5        57.5      60             60     180    117.5      125  -137.5              125       305       559.614   559.614   1   1-FO-U-60
C     Anne-Marie Young    34    FO-U   51.4   52    2.1104           20/o       115    -122.5   -122.5            115  1/1   52.5     -57.5   -57.5            52.5   167.5    115      -120    -120              115      282.5      596.188   596.188   1   1-FO-U-52
C          Leslie Gurr    52    F3-U   62.9  67.5   1.717            16/o       115     122.5     130    137.5    130  2/3   72.5      77.5      80   -90.5     80     210    157.5     162.5    165    -167.5    165       375       643.875   750.114   1   1-F3-U-67.5
D        Heather Ross     47    F2-U   72.9   75    1.5684           13/o       100     102.5    107.5           107.5 3/2     50      52.5      55             55    162.5    110      112.5    115              115      277.5      435.231   470.920   1    1-F2-U-75
D         Sara Crespo     22    FJ-U   66.1  67.5   1.6622           17/o      102.5     115      120             120  1/3     50       -55      55             55     175     135       145   147.5             147.5     322.5      536.060   541.420   1   1-FJ-U-67.5
D      Kennedy McBain     25    FO-U   69.9   75    1.6064           13/o       110      115     122.5           122.5 3/3   57.5        65     -70             65    187.5    115       125     135              135      322.5      518.064   518.064   1   1-FO-U-75
D     Elizabeth Rooksby   40    F1-U   73.7   75    1.5586           18/o      152.5    162.5     170             170  1/3    -85      87.5     -95            87.5   257.5    165     -177.5 -177.5              165      422.5      658.509   658.509   1    1-F1-U-75
D           Lisa Park     42    F1-U   51.3   52    2.1158                                                         0   1/2   47.5      52.5     -55            52.5     0      75       82.5     -85              82.5       0         0.000     0.000    1        0
D       Helen Trembley    29    FO-U   78.4  82.5   1.511                                                          0   1/3   87.5        95    -100             95      0      155       165   177.5             177.5       0         0.000     0.000    1        0
D      Melissa Peacock    25    FO-U   80.2  82.5   1.495                                                          0   3/2   82.5      87.5   -92.5            87.5     0      170       185    -195              185        0         0.000     0.000    1        0
D         Jessica Kohl    36    FO-U   93.6  110    1.3994                                                         0   3/2   52.5        55     -60             55      0                                           0        0         0.000     0.000    1        0




                                                    Printed by BoltPDF (c) NCH Software. Free for non-commercial use only.
Flt                                      BWt WtCls             Lot   RH     Squat   Squat    Squat    Squat    Best    RH                                  Best      Sub     Deadlift Deadlift Deadlift Deadlift Best               Coeff     Age &  Pl
            Name           Age    Div                 Reshel                                                              Bench 1 Bench 2 Bench 3 Bench 4                                                                PL Total                        Pl-Div-WtCl
A                                        (Kg) (Kg)              #    Sq       1       2        3        4      Squat   BP                                 Bench      Total     1        2        3        4     Deadlift            Score     Coeff code
                                                         0                                                       0                                             0       0                                           0        0        0.000     0.000             0
A     Randy Malinowski     46    M2-U     84.6  90    1.0098         9/o    82.5    97.5       0                97.5  5/6  92.5     100       105             105    202.5     65       0                         65      267.5     270.122   288.490   1    2-M2-U-90
A      Michael Peterson    39    MO-U     74.2   75   1.1288         17/o    97.5   107.5    117.5             117.5 4/3B    80     87.5       90              90    207.5    120     132.5    137.5            137.5      345      389.436   389.436   1    2-MO-U-75
A        Aaron Lemoal      21    MJ-U     58.3   60    1.486         18/o    140    147.5    152.5    -162.5   152.5 4/3   82.5      95      102.5   107.5   102.5    255     185      195      205    -220.5    205       460      683.560   697.231   1    1-MJ-U-60
A          Jan Llupar      23    MJ-U     65.4 67.5    1.281         18/o   147.5   157.5    -165              157.5 2/1   105     -112.5   -112.5            105    262.5    185     192.5    -195             192.5      455      582.855   582.855   1   1-MJ-U-67.5
A          Joel Briere     30    MO-U     73.1   75   1.1454         14/o   -190     190     -200      200      190   5/3   90      97.5    -102.5            97.5   287.5    205      210      230              230      517.5     592.745   592.745   1    1-MO-U-75
A      Jacques Delorme     53    M3-U    82.45 82.5    1.029                                                     0    5/4  120      125       130             130      0                                           0        0        0.000     0.000    1        0
B       Colin Mullaney     61    M5-U    100.6 110    0.9126         12/o   -150      150     -180              150                                            0       0      150      180      200              200        0        0.000     0.000    1        0
B        Toby Culham       48    M2-U     92.1  100   0.9532         13/o   -180    -182.5   -182.5              0    5/5 -112.5   112.5      115             115      0      150     152.5     155              155        0        0.000     0.000    1        0
B     Shannon Krywulak     48    M2-U     89.5   90    0.972         12/o    190     212.5    -215             212.5 1/2 112.5      130      142.5           142.5    355     195      215     227.5            227.5     582.5     566.190   621.110   1    1-M2-U-90
B     Isaac Litzenberger   15    MT1-U   104.5 110     0.899         14/o   192.5     205     220               220   2/3  110     -130     -132.5   132.5    110     330     205     -210       0               205       535      480.965   567.539   1   1-MT1-U-110
B         Tyson Kohl       41    M1-U     96.7  100   0.9282         10/o    215      240     -270              240   4/3 137.5    142.5       0             142.5   382.5   227.5    237.5     250              250      632.5     587.087   592.957   1   1-M1-U-100
B        Colton Rolufs     26    MO-U     99.7  100   0.9162         12/o    235     247.5    -260             247.5 5/4 152.5      170      -180             170    417.5   242.5    262.5    277.5            277.5      695      636.759   636.759   1   1-MO-U-100
B         Aaron Rubin      46    M2-U    89.75   90   0.9698                                                     0    2/3   145     155      -160             155      0                                           0        0        0.000     0.000    1       0
C         Mike Brown       34    MO-U     106   110    0.895         11/o   177.5    190     197.5             197.5 3/2     90     97.5     -100             97.5    295     185     197.5    -205             197.5     492.5     440.788   440.788   1   2-MO-U-110
C       Austin Faubert     22    MJ-U     106   110    0.895         12/i    250     265      275               275   4/3 172.5    182.5     -190            182.5   457.5   262.5    282.5    -285             282.5      740      662.300   668.923   1   2-MJ-U-110
C         Lee Kindret      24    MO-U     107   110    0.892         10/o    270     285     -295               285   5/2  -185     195      -200             195     480     315     332.5    -340             332.5     812.5     724.750   724.750   1   1-MO-U-110
C      Noah Carmichael     21    MJ-U    108.3 110     0.889         12/o    300     325       0                325   4/5   150     165      -170             165     490     255      270     280               280       770      684.530   698.221   1   1-MJ-U-110
C          Eric Bryce      30    MO-U    124.4 125    0.8584                                                     0                                             0       0     -275       0                          0        0        0.000     0.000    1       0
C       Wally Schoffer     57    M4-U    139.5 140     0.841                                                     0    4/3 137.5     142.5     145             145      0                                           0        0        0.000     0.000    1       0
C         Robert Wick      53    M3-U    159.7 SHW     0.824                                                     0    8/4   160     -165      165             165      0                                           0        0        0.000     0.000    1       0
C         Tavis Harris     39     MO     121.5 125     0.862                                                     0    5/3 277.5    -302.5   -323.5           277.5     0                                           0        0        0.000     0.000    1       0
D        Ryan Smotra       42    M1-U    119.6 125    0.8646         9/o    152.5    160      167.5            167.5 5/5 102.5     -107.5   -112.5           102.5    270     170     182.5     185              185       455      393.393   401.261   1   1-M1-U-125
D      Garry MacDonald     60    M5-U    113.3 125     0.876          9/i    170     185     -192.5             185   3/4  115       125     137.5           137.5   322.5   207.5     215     227.5            227.5      550      481.800   645.612   1   1-M5-U-125
D         Tim Agnew        33    MO-U    161.3 SHW     0.823         14/o   177.5   202.5      220              220   4/4   125     142.5    -150            142.5   362.5    160     172.5     180              180      542.5     446.478   446.478   1   1-MO-U-SHW
D         Mike Martin      57    M4-U    124.9 125     0.858         10/i    235    252.5    -267.5   267.5    252.5 6/3    70      147.5     160             160    412.5   272.5    287.5    297.5   -302.5   297.5      710      609.180   772.440   1   1-M4-U-125
D       Darryl Comeault    39    MO-U     136   140    0.845         13/i    275    282.5     -290             282.5 5/7 147.5      162.5   -167.5           162.5    445    222.5     235      245              245       690      583.050   583.050   1   2-MO-U-140
D       Kris Sunneson      34    MO-U    124.4 125    0.8584          9/o    280    302.5     -310             302.5 5/5   170       180     -185             180    482.5    280     302.5      0              302.5      785      673.844   673.844   1   1-MO-U-125
D        Lary McEwen       29    MO-U    127.1 140     0.855          8/i    330     365        0               365   4/5 202.5     217.5   -222.5           217.5   582.5    275      305      325              325      907.5     775.913   775.913   1   1-MO-U-140
