11-Mar-17               Southside Spring Showdown-Lb Results UPA?AD Full Power
                                                 WtCls                                                                   Best                                                            Best                                                                      Best                   Coeff
           Name          Age   Div    BWt (Lb)           Schwartz   Squat 1      Squat 2      Squat 3      Squat 4                 Bench 1      Bench 2      Bench 3      Bench 4                 Sub Total   Deadlift 1   Deadlift 2   Deadlift 3   Deadlift 4              PL Total
                                                  (Lb)                                                                   Squat                                                          Bench                                                                     Deadlift                Score
AD	TAYLOR	HEWITT         22    F-JR    166.8     181     0.6597      253.529     264.552      281.0865         0        281.0865 159.8335 170.8565           181.8795         0        181.8795    462.966     308.644     325.1785     -347.225         0        325.1785    788.1445   235.84275
AD	BARB	WELP             45    F-M     171.6     181     0.6461      187.391     209.437      214.9485         0        214.9485 115.7415 121.253             -126.765        0         121.253   336.2015    248.0175      264.552     281.0865         0        281.0865     617.288     180.908
AD	ERIN	ZEMANOVIC        45    F-M      165      165     0.6659     259.0405     -281.087     -281.087         0        259.0405 143.299 148.8105             -154.322        0        148.8105    407.851    270.0635         0            0            0            0           0           0
AD	ROSE	AUSTAD           52    F-M     139.4     148     0.7717       -181.88    181.8795     187.391          0        187.391   82.6725 93.6955               99.207        0          99.207    286.598      220.46         0            0            0            0           0           0
AD	AMANDA	SHORTER        25    F-O      213      SHW      0.563      231.483     248.0175     270.0635         0        270.0635 132.276  143.299             154.322         0         154.322   424.3855    -281.087     281.0865     314.1555         0        314.1555     738.541     188.605
AD	BLAIRE	SMITH          26    F-O     146.6     148     0.7357      132.276     165.345      -198.414         0        165.345    88.184   99.207           115.7415         0        115.7415   281.0865     132.276      165.345      187.391         0         187.391    468.4775   156.33625
AD	ERIN	FABER            24    F-O     271.4     SHW     0.5236       -330.69    374.782      -407.851         0        374.782   165.345 -187.391            -187.391        0         165.345    540.127     363.759      396.828      407.851         0         407.851     947.978     225.148
AD	JACKLYN	TREVIS        28    F-O      265      SHW     0.5268      132.276     137.7875     143.299          0        143.299 104.7185 115.7415             -126.765        0        115.7415   259.0405     209.437      231.483     -253.529         0         231.483    490.5235     117.213
AD	JULIA	YNGSDAL         27    F-O     147.8     148     0.7307      176.368     198.414      225.9715         0        225.9715 99.207   121.253             -132.276        0         121.253   347.2245     198.414     225.9715      253.529         0         253.529    600.7535   199.11575
AD	KARLA	JAGER           28    F-O     156.6     165     0.6947        220.46    231.483      -236.995         0        231.483   121.253 -132.276            -132.276        0         121.253    352.736    281.0865      -297.621    -297.621         0        281.0865    633.8225   199.72625
AD	KATIE	HANENBURG       28    F-O     179.4     181     0.6251      -303.133    303.1325      330.69          0         330.69   143.299 159.8335             -181.88        0        159.8335   490.5235     286.598     314.1555     -336.202         0        314.1555     804.679    228.1615
AD	KRISTY	KINNEY         24    F-O      189      198     0.6036     148.8105     159.8335     176.368          0        176.368    88.184   99.207              110.23        0          110.23    286.598      220.46      242.506      264.552         0         264.552      551.15      150.9
AD	LAURA	GEROLD          25    F-O     146.2     148     0.7377      154.322     165.345      170.8565         0        170.8565 88.184     99.207            -104.719        0          99.207   270.0635    181.8795      198.414      209.437         0         209.437    479.5005   160.44975
AD LEXY NEITZEL          25    F-O     163.5     165     0.6701     253.529      275.575      286.598          0        286.598 121.253 137.7875             148.8105         0        148.8105   435.4085    314.1555       330.69     347.2245         0        347.2245    782.633     237.885 Best	Lifer:	AD	Womens
AD	BETHANY	SIBENALLER    34     F-S     155      165     0.7005     181.8795     209.437      225.9715         0        225.9715 93.6955   -110.23             -110.23        0         93.6955    319.667    181.8795      209.437     225.9715         0        225.9715    545.6385   173.37375
AD	KATHERINE	GRAY        39     F-S    162.8     165      0.673     126.7645     -143.299     154.322          0        154.322    77.161 82.6725             -93.6955        0         82.6725   236.9945     187.391     203.9255       220.46         0          220.46    457.4545    139.6475
AD	ALEX	HAHN             22    M-JR     198      198     0.5861     578.7075     584.219      600.7535         0        600.7535 286.598  297.621            325.1785         0        325.1785    925.932    600.7535     633.8225      650.357         0         650.357    1576.289    419.0615
AD	JARED	KING	           20    M-JR    176.4     181     0.6329     325.1785     358.2475     380.2935         0        380.2935 187.391  209.437             -231.483        0         209.437   589.7305     352.736      385.805     -407.851         0         385.805    975.5355   280.05825
AD	MAX	FELD              23    M-JR    191.6     198     0.6027      242.506     270.0635     292.1095         0        292.1095 154.322 170.8565             -203.926        0        170.8565    462.966     374.782     402.3395       440.92         0          440.92     903.886     247.107
AD	TYLER	TRENT	          22    M-JR    195.8     198     0.5901      352.736     391.3165     407.851          0        407.851 281.0865 303.1325            314.1555         0        314.1555   722.0065      440.92     479.5005     -501.547         0        479.5005    1201.507    321.6045
AD	BRIAN	RICHES          43    M-M     315.2     SHW     0.5001      485.012     523.5925     573.196          0        573.196 292.1095 319.667              -352.736        0         319.667    892.863    501.5465       551.15     589.7305         0        589.7305   1482.5935   336.31725
AD	BRYAN	DALLEY          41    M-M     197.8     198     0.5865        330.69    -352.736     352.736          0        352.736 214.9485 -231.483             231.483         0         231.483    584.219     385.805      407.851      418.874         0         418.874    1003.093    266.8575
AD	DENNIS	GREEN          68    M-M     163.4     165     0.6708      187.391     198.414       220.46          0         220.46   154.322 165.345            170.8565         0        170.8565   391.3165     187.391      198.414     203.9255         0        203.9255     595.242     181.116
AD	JERRY	HATZENBUHLER    51    M-M     147.6     148     0.7307      -264.552    281.0865     303.1325         0        303.1325 154.322  176.368            181.8795         0        181.8795    485.012    270.0635     303.1325     -308.644         0        303.1325    788.1445   261.22525
AD	PAUL	BROOKE           51    M-M      220      220     0.5545       -440.92     440.92      -473.989         0         440.92    330.69 358.2475            -369.271        0        358.2475   799.1675    622.7995     655.8685       661.38         0          661.38   1460.5475   367.35625
AD	BEN	PETERSON          29    M-O     197.2     198     0.5877     325.1785     358.2475     385.805          0        385.805   231.483 253.529             -286.598        0         253.529    639.334     407.851       440.92      462.966         0         462.966      1102.3      293.85
AD	BLAKE	BORST           22    M-O     197.8     198     0.5865        551.15    -584.219     584.219          0        584.219 303.1325 319.667                330.69        0          330.69    914.909     573.196      -606.265    -606.265         0         573.196    1488.105    395.8875
AD	BRAD	NEITZEL          27    M-O     270.4     275     0.5241      584.219     633.8225      661.38          0         661.38  325.1785 358.2475           369.2705         0        369.2705   1030.651    666.8915      716.495     733.0295         0        733.0295     1763.68      419.28 Best	Lifter:	AD	Mens	
AD	CURTIS	KRUMP          26    M-O     238.6     242     0.5388     490.5235     534.6155     -562.173         0        534.6155 363.759  396.828            402.3395         0        402.3395    936.955     584.219     633.8225     666.8915         0        666.8915   1603.8465     391.977
AD	DAVID	BITTNER         50    M-O     274.4     275     0.5217     380.2935     407.851       440.92          0         440.92   374.782  -402.34             -402.34        0         374.782    815.702     462.966      -507.058        0            0         462.966    1278.668     302.586
AD	JOHN	TRONGARD         24    M-O      233      242     0.5426     336.2015     369.2705     396.828          0        396.828 203.9255 231.483              -253.529        0         231.483    628.311    303.1325      -374.782     407.851         0        303.1325    931.4435    229.2485
AD JORY HAKEN            29    M-O     235.8     242     0.5405     -352.736     374.782      407.851          0        407.851 236.9945 -275.575            -286.598         0        236.9945   644.8455    451.943      -485.012     501.5465         0        451.943     1096.78      268.89
AD	MATTHEW	WOLF          25    M-O     218.6     220      0.556     501.5465     540.127      567.6845         0        567.6845 303.1325 319.667              -330.69        0         319.667   887.3515      551.15     578.7075     -600.754         0        578.7075    1466.059      369.74
AD	MIKE	CLARE            30    M-O     239.8     242      0.538        330.69    358.2475     -374.782         0        358.2475 292.1095 308.644             -319.667        0         308.644   666.8915    424.3855      462.966     501.5465         0        501.5465    1168.438      285.14
AD	SCOTT	PELTIER         27    M-O     232.2     242     0.5432     424.3855     473.989      501.5465         0        501.5465 292.1095 319.667             -341.713        0         319.667   821.2135     485.012      518.081     545.6385         0        545.6385    1366.852     336.784
AD	THOMAS	BULAU          29    M-O     198.4     198     0.5853     380.2935     413.3625     -446.432         0        413.3625 270.0635 -297.621            -303.133        0        270.0635    683.426     462.966      -501.547    501.5465         0        501.5465   1184.9725   314.59875
AD	ERIC	COX              16    M-T     168.8     181     0.6537     303.1325      330.69      352.736          0        352.736   154.322 170.8565           181.8795         0        181.8795   534.6155     352.736      385.805     413.3625         0        413.3625     947.978     281.091


                        Southside Spring Showdown-Lb Results UPA Full Power
                                                 WtCls                                                                   Best                                                            Best                                                                      Best                   Coeff
           Name          Age   Div    BWt (Lb)           Schwartz   Squat 1      Squat 2      Squat 3      Squat 4                 Bench 1      Bench 2      Bench 3      Bench 4                 Sub Total   Deadlift 1   Deadlift 2   Deadlift 3   Deadlift 4              PL Total
                                                  (Lb)                                                                   Squat                                                          Bench                                                                     Deadlift                Score

KELLY	VOGEL               31   F-O     289.6     SHW     0.5133     418.874      468.4775     501.5465         0        501.5465   203.9255     225.9715     -248.018         0        225.9715   727.518     319.667      347.2245     374.782          0        374.782       1102.3      256.65 Best	Lifter:	UPA	Womens
SARAH	SCHNEEMANN          34   F-O     190.8      198      0.6      203.9255     214.9485     -231.483         0        214.9485   93.6955      115.7415     132.276          0        132.276    347.2245    209.437      225.9715     248.0175         0        248.0175     595.242       162
DEVON	KORTZ               37    F-S     178       181     0.629      220.46      248.0175     275.575          0        275.575    121.253      137.7875     154.322          0        154.322    429.897     259.0405     303.1325     -341.713         0        303.1325    733.0295    209.1425
JUSTIN	GOEMAN             21   M-JR    211.2      220    0.5654     -457.455     457.4545     -490.524         0        457.4545   -248.018     248.0175     -275.575         0        248.0175   705.472     468.4775     501.5465     -529.104         0        501.5465   1207.0185    309.5565
MIKE	DEMPSEY              56   M-M     231.6      242    0.5436     314.1555     369.2705     402.3395         0        402.3395   253.529      303.1325     325.1785         0        325.1785   727.518     402.3395      440.92      -457.455         0         440.92     1168.438     288.108
ANTHONY	ACOSTA            28   M-O     197.6      198    0.5869     501.5465     529.104       551.15          0         551.15     330.69      352.736      380.2935         0        380.2935   931.4435    584.219      600.7535     622.7995         0        622.7995    1554.243    413.7645
CASEY	FLYNN               26   M-O     197.8      198    0.5865     429.897      -468.478     468.4775         0        468.4775   275.575      303.1325     314.1555         0        314.1555   782.633     562.173      600.7535     -611.777         0        600.7535   1383.3865   368.02875
DAVID	BRAATEN             34   M-O     272.6      275    0.5228     782.633      837.748       881.84          0         881.84    418.874      446.4315     462.966          0        462.966    1344.806     661.38      -677.915     705.472          0         661.38     2006.186     475.748 Best	Lifter:	UPA	Mens
DAVID	LANGER              28   M-O     223.2      242    0.5513     -473.989     473.989      529.104          0        529.104     330.69      363.759      374.782          0        374.782    903.886     132.276         0            0             0        132.276     1036.162     259.111
DENNIS	ARNDT              28   M-O     253.8      275    0.5313     501.5465      551.15      606.265          0        606.265    -407.851     407.851      -429.897         0        407.851    1014.116    545.6385     -617.288     644.8455         0        545.6385   1559.7545   375.89475
FERGUS	GAVIN              27   M-O      273       275    0.5227     600.7535     644.8455      661.38          0         661.38    385.805      407.851      -429.897         0        407.851    1069.231    688.9375     -738.541     -738.541         0        688.9375   1758.1685   416.85325
MATTHEW	DALE              26   M-O      316      SHW     0.4998      440.92      473.989      501.5465         0        501.5465   336.2015     -363.759     -363.759         0        336.2015   837.748      440.92      473.989      496.035          0        496.035     1333.783     302.379
RAJIH	YABANI              24   M-O     294.6      308    0.5107     391.3165     424.3855      440.92          0         440.92    286.598      308.644       330.69          0         330.69     771.61     518.081      545.6385     545.6385         0        545.6385   1317.2485   305.14325
SCOTT	SOLTIS              30   M-O     215.8      220    0.5622     225.9715     264.552      303.1325         0        303.1325   187.391      209.437      231.483          0        231.483    534.6155    248.0175     281.0865     314.1555         0        314.1555     848.771     216.447
JOHN	RIVERA               37   M-S      263       275    0.5276     578.7075     606.265      639.334          0        639.334    264.552      303.1325      330.69          0         330.69    970.024     677.9145     716.495      738.541          0        738.541     1708.565      408.89
JACOB	POMROY              19   M-T     216.8      220    0.5583     352.736      391.3165     424.3855         0        424.3855   231.483      259.0405     286.598          0        286.598    710.9835     440.92      485.012      523.5925         0        523.5925    1234.576     312.648


                        Southside Spring Showdown-Lb Results Equipped Full Power
                                                 WtCls                                                                   Best                                                            Best                                                                      Best                   Coeff
           Name          Age   Div    BWt (Lb)           Schwartz   Squat 1      Squat 2      Squat 3      Squat 4                 Bench 1      Bench 2      Bench 3      Bench 4                 Sub Total   Deadlift 1   Deadlift 2   Deadlift 3   Deadlift 4              PL Total
                                                  (Lb)                                                                   Squat                                                          Bench                                                                     Deadlift                Score
AD	E	RICHARD	HANSON       28   M-O     220.4      220     0.554     639.334      -661.38      -661.38          0        639.334    385.805      -407.851     -407.851         0        385.805    1025.139    507.058      534.6155     -551.15          0        534.6155 1559.7545 391.955
E		BRANDON	HILL           33   M-O     237.8      242    0.5407     727.518      -771.61         0             0        727.518    137.7875     -529.104     529.104          0        529.104    1256.622     330.69      407.851      473.989          0        473.989 1730.611 424.4495


                        Southside Spring Showdown-Lb Results Bench Only
                                                 WtCls                                                                    Best      Coeff
           Name          Age   Div    BWt (Lb)           Schwartz   Bench 1      Bench 2      Bench 3      Bench 4
                                                  (Lb)                                                                   Bench      Score
AD	LAURA	HATZENBUHLER     50   F-M     161.2      165    0.6782     104.7185      -110.23      -110.23         0        104.7185    32.2145
AD	COURTNEY	MONTOYA       37    F-S     193       198    0.5956      143.299     154.322      -165.345         0         154.322     41.692
KELLY	RUDOLPH             38   M-O     273.2      275    0.5239      363.759     402.3395     413.3625         0        413.3625   98.23125
KEVIN	SOTO                26   M-O     238.8      242    0.5386      473.989     501.5465     507.058          0         507.058    123.878


                        Southside Spring Showdown-Lb Results Push/Pull
                                                 WtCls                                                                    Best                                                          Best      Push Pull    Coeff
           Name          Age   Div    BWt (Lb)           Schwartz   Bench 1      Bench 2      Bench 3      Bench 4                 Deadlift 1   Deadlift 2   Deadlift 3   Deadlift 4
                                                  (Lb)                                                                   Bench                                                         Deadlift     Total      Score
AD	LISA	JOHNSON           50   F-M      151       165    0.7164     148.8105 159.8335         -165.345         0        159.8335 225.9715       236.9945     -248.018         0        236.9945   396.828     128.952
GEORGE	FUNK               19   M-T     194.6      198    0.5922     242.506   264.552         270.0635         0        270.0635 473.989        507.058      523.5925         0        523.5925   793.656     213.192


                        Southside Spring Showdown-Lb Results Deadlift Only
                                                 WtCls                                                                   Best       Coeff
           Name          Age   Div    BWt (Lb)           Schwartz   Deadlift 1   Deadlift 2   Deadlift 3   Deadlift 4
                                                  (Lb)                                                                  Deadlift    Score
E	MARSHALL	JOHNSON        33   M-O     291.6      308    0.5122     777.1215     -843.26      -903.886         0        777.1215   180.5505
                        Southside Spring Showdown-Lb Results UPA?AD Full Power
                                                 WtCls                                                          Best
           Name          Age   Div    BWt (Lb)           Schwartz   Squat 1    Squat 2    Squat 3    Squat 4
                                                  (Lb)                                                          Squat
AD	TAYLOR	HEWITT         22    F-JR    166.8     181     0.6597      253.529   264.552    281.0865     0       281.0865
AD	BARB	WELP             45    F-M     171.6     181     0.6461      187.391   209.437    214.9485     0       214.9485
AD	ERIN	ZEMANOVIC        45    F-M      165      165     0.6659     259.0405   -281.087   -281.087     0       259.0405
AD	ROSE	AUSTAD           52    F-M     139.4     148     0.7717      -181.88   181.8795   187.391      0       187.391
AD	AMANDA	SHORTER        25    F-O      213      SHW      0.563      231.483   248.0175   270.0635     0       270.0635
AD	BLAIRE	SMITH          26    F-O     146.6     148     0.7357      132.276   165.345    -198.414     0       165.345
AD	ERIN	FABER            24    F-O     271.4     SHW     0.5236      -330.69   374.782    -407.851     0       374.782
AD	JACKLYN	TREVIS        28    F-O      265      SHW     0.5268      132.276   137.7875   143.299      0       143.299
AD	JULIA	YNGSDAL         27    F-O     147.8     148     0.7307      176.368   198.414    225.9715     0       225.9715
AD	KARLA	JAGER           28    F-O     156.6     165     0.6947       220.46   231.483    -236.995     0       231.483
AD	KATIE	HANENBURG       28    F-O     179.4     181     0.6251     -303.133   303.1325    330.69      0        330.69
AD	KRISTY	KINNEY         24    F-O      189      198     0.6036     148.8105   159.8335   176.368      0       176.368
AD	LAURA	GEROLD          25    F-O     146.2     148     0.7377      154.322   165.345    170.8565     0       170.8565
AD LEXY NEITZEL          25    F-O     163.5     165     0.6701     253.529    275.575    286.598      0       286.598
AD	BETHANY	SIBENALLER    34     F-S     155      165     0.7005     181.8795   209.437    225.9715     0       225.9715
AD	KATHERINE	GRAY        39     F-S    162.8     165      0.673     126.7645   -143.299   154.322      0       154.322
AD	ALEX	HAHN             22    M-JR     198      198     0.5861     578.7075   584.219    600.7535     0       600.7535
AD	JARED	KING	           20    M-JR    176.4     181     0.6329     325.1785   358.2475   380.2935     0       380.2935
AD	MAX	FELD              23    M-JR    191.6     198     0.6027      242.506   270.0635   292.1095     0       292.1095
AD	TYLER	TRENT	          22    M-JR    195.8     198     0.5901      352.736   391.3165   407.851      0       407.851
AD	BRIAN	RICHES          43    M-M     315.2     SHW     0.5001      485.012   523.5925   573.196      0       573.196
AD	BRYAN	DALLEY          41    M-M     197.8     198     0.5865       330.69   -352.736   352.736      0       352.736
AD	DENNIS	GREEN          68    M-M     163.4     165     0.6708      187.391   198.414     220.46      0        220.46
AD	JERRY	HATZENBUHLER    51    M-M     147.6     148     0.7307     -264.552   281.0865   303.1325     0       303.1325
AD	PAUL	BROOKE           51    M-M      220      220     0.5545      -440.92    440.92    -473.989     0        440.92
AD	BEN	PETERSON          29    M-O     197.2     198     0.5877     325.1785   358.2475   385.805      0       385.805
AD	BLAKE	BORST           22    M-O     197.8     198     0.5865       551.15   -584.219   584.219      0       584.219
AD	BRAD	NEITZEL          27    M-O     270.4     275     0.5241      584.219   633.8225    661.38      0        661.38
AD	CURTIS	KRUMP          26    M-O     238.6     242     0.5388     490.5235   534.6155   -562.173     0       534.6155
AD	DAVID	BITTNER         50    M-O     274.4     275     0.5217     380.2935   407.851     440.92      0        440.92
AD	JOHN	TRONGARD    24    M-O      233      242     0.5426     336.2015 369.2705      396.828      0        396.828
AD JORY HAKEN       29    M-O     235.8     242     0.5405     -352.736 374.782      407.851       0       407.851
AD	MATTHEW	WOLF     25    M-O     218.6     220      0.556     501.5465 540.127      567.6845      0       567.6845
AD MIKE CLARE       30    M-O     239.8     242     0.538       330.69 358.2475      -374.782      0       358.2475
AD	SCOTT	PELTIER    27    M-O     232.2     242     0.5432     424.3855 473.989      501.5465      0       501.5465
AD	THOMAS	BULAU     29    M-O     198.4     198     0.5853     380.2935 413.3625      -446.432     0       413.3625
AD	ERIC	COX         16    M-T     168.8     181     0.6537     303.1325 330.69        352.736      0        352.736


                   Southside Spring Showdown-Lb Results UPA Full Power
                                            WtCls                                                           Best
          Name      Age   Div    BWt (Lb)           Schwartz   Squat 1    Squat 2    Squat 3     Squat 4
                                             (Lb)                                                           Squat


KELLY	VOGEL          31   F-O     289.6     SHW     0.5133     418.874    468.4775   501.5465      0       501.5465
SARAH	SCHNEEMANN     34   F-O     190.8      198      0.6      203.9255   214.9485   -231.483      0       214.9485
DEVON	KORTZ          37    F-S     178       181     0.629      220.46    248.0175   275.575       0       275.575
JUSTIN	GOEMAN        21   M-JR    211.2      220    0.5654     -457.455   457.4545   -490.524      0       457.4545
MIKE	DEMPSEY         56   M-M     231.6      242    0.5436     314.1555   369.2705   402.3395      0       402.3395
ANTHONY	ACOSTA       28   M-O     197.6      198    0.5869     501.5465   529.104     551.15       0        551.15
CASEY	FLYNN          26   M-O     197.8      198    0.5865     429.897    -468.478   468.4775      0       468.4775
DAVID	BRAATEN        34   M-O     272.6      275    0.5228     782.633    837.748     881.84       0        881.84
DAVID	LANGER         28   M-O     223.2      242    0.5513     -473.989   473.989    529.104       0       529.104
DENNIS	ARNDT         28   M-O     253.8      275    0.5313     501.5465    551.15    606.265       0       606.265
FERGUS	GAVIN         27   M-O      273       275    0.5227     600.7535   644.8455    661.38       0        661.38
MATTHEW	DALE         26   M-O      316      SHW     0.4998      440.92    473.989    501.5465      0       501.5465
RAJIH	YABANI         24   M-O     294.6      308    0.5107     391.3165   424.3855    440.92       0        440.92
SCOTT	SOLTIS         30   M-O     215.8      220    0.5622     225.9715   264.552    303.1325      0       303.1325
JOHN	RIVERA          37   M-S      263       275    0.5276     578.7075   606.265    639.334       0       639.334
JACOB	POMROY         19   M-T     216.8      220    0.5583     352.736    391.3165   424.3855      0       424.3855


                   Southside Spring Showdown-Lb Results Equipped Full Power
                                            WtCls                                                           Best
          Name      Age   Div    BWt (Lb)           Schwartz   Squat 1    Squat 2    Squat 3     Squat 4
                                             (Lb)                                                           Squat
AD	E	RICHARD	HANSON       28   M-O     220.4      220     0.554     639.334      -661.38      -661.38          0        639.334
E		BRANDON	HILL           33   M-O     237.8      242    0.5407     727.518      -771.61         0             0        727.518


                        Southside Spring Showdown-Lb Results Bench Only
                                                 WtCls                                                                    Best
           Name          Age   Div    BWt (Lb)           Schwartz   Bench 1      Bench 2      Bench 3      Bench 4
                                                  (Lb)                                                                   Bench
AD	LAURA	HATZENBUHLER     50   F-M     161.2      165    0.6782     104.7185      -110.23      -110.23         0        104.7185
AD	COURTNEY	MONTOYA       37    F-S     193       198    0.5956      143.299     154.322      -165.345         0         154.322
KELLY	RUDOLPH             38   M-O     273.2      275    0.5239      363.759     402.3395     413.3625         0        413.3625
KEVIN	SOTO                26   M-O     238.8      242    0.5386      473.989     501.5465     507.058          0         507.058


                        Southside Spring Showdown-Lb Results Push/Pull
                                                 WtCls                                                                    Best
           Name          Age   Div    BWt (Lb)           Schwartz   Bench 1      Bench 2      Bench 3      Bench 4
                                                  (Lb)                                                                   Bench
AD	LISA	JOHNSON           50   F-M      151       165    0.7164     148.8105 159.8335         -165.345         0        159.8335
GEORGE	FUNK               19   M-T     194.6      198    0.5922     242.506   264.552         270.0635         0        270.0635


                        Southside Spring Showdown-Lb Results Deadlift Only
                                                 WtCls                                                                   Best
           Name          Age   Div    BWt (Lb)           Schwartz   Deadlift 1   Deadlift 2   Deadlift 3   Deadlift 4
                                                  (Lb)                                                                  Deadlift
E	MARSHALL	JOHNSON        33   M-O     291.6      308    0.5122     777.1215     -843.26      -903.886         0        777.1215
                                          Best                                                                      Best                   Coeff
Bench 1   Bench 2   Bench 3   Bench 4              Sub Total   Deadlift 1   Deadlift 2   Deadlift 3   Deadlift 4              PL Total
                                         Bench                                                                     Deadlift                Score
159.8335 170.8565 181.8795      0       181.8795    462.966     308.644     325.1785 -347.225             0        325.1785    788.1445   235.84275
115.7415 121.253 -126.765       0        121.253   336.2015    248.0175     264.552 281.0865              0        281.0865     617.288     180.908
 143.299 148.8105 -154.322      0       148.8105    407.851    270.0635        0        0                 0            0           0           0
 82.6725  93.6955   99.207      0         99.207    286.598      220.46        0        0                 0            0           0           0
 132.276  143.299 154.322       0        154.322   424.3855    -281.087     281.0865 314.1555             0        314.1555     738.541     188.605
  88.184   99.207 115.7415      0       115.7415   281.0865     132.276     165.345  187.391              0         187.391    468.4775   156.33625
 165.345 -187.391 -187.391      0        165.345    540.127     363.759     396.828  407.851              0         407.851     947.978     225.148
104.7185 115.7415 -126.765      0       115.7415   259.0405     209.437     231.483 -253.529              0         231.483    490.5235     117.213
  99.207  121.253 -132.276      0        121.253   347.2245     198.414     225.9715 253.529              0         253.529    600.7535   199.11575
 121.253 -132.276 -132.276      0        121.253    352.736    281.0865     -297.621 -297.621             0        281.0865    633.8225   199.72625
 143.299 159.8335 -181.88       0       159.8335   490.5235     286.598     314.1555 -336.202             0        314.1555     804.679    228.1615
  88.184   99.207   110.23      0         110.23    286.598      220.46     242.506  264.552              0         264.552      551.15      150.9
  88.184   99.207 -104.719      0         99.207   270.0635    181.8795     198.414  209.437              0         209.437    479.5005   160.44975
121.253 137.7875 148.8105       0       148.8105   435.4085    314.1555      330.69 347.2245              0        347.2245    782.633     237.885
 93.6955  -110.23  -110.23      0        93.6955    319.667    181.8795     209.437 225.9715              0        225.9715    545.6385   173.37375
  77.161  82.6725 -93.6955      0        82.6725   236.9945     187.391     203.9255 220.46               0          220.46    457.4545    139.6475
 286.598  297.621 325.1785      0       325.1785    925.932    600.7535     633.8225 650.357              0         650.357    1576.289    419.0615
 187.391  209.437 -231.483      0        209.437   589.7305     352.736     385.805 -407.851              0         385.805    975.5355   280.05825
 154.322 170.8565 -203.926      0       170.8565    462.966     374.782     402.3395 440.92               0          440.92     903.886     247.107
281.0865 303.1325 314.1555      0       314.1555   722.0065      440.92     479.5005 -501.547             0        479.5005    1201.507    321.6045
292.1095 319.667 -352.736       0        319.667    892.863    501.5465      551.15  589.7305             0        589.7305   1482.5935   336.31725
214.9485 -231.483 231.483       0        231.483    584.219     385.805     407.851  418.874              0         418.874    1003.093    266.8575
 154.322  165.345 170.8565      0       170.8565   391.3165     187.391     198.414 203.9255              0        203.9255     595.242     181.116
 154.322  176.368 181.8795      0       181.8795    485.012    270.0635     303.1325 -308.644             0        303.1325    788.1445   261.22525
  330.69 358.2475 -369.271      0       358.2475   799.1675    622.7995     655.8685 661.38               0          661.38   1460.5475   367.35625
 231.483  253.529 -286.598      0        253.529    639.334     407.851      440.92  462.966              0         462.966      1102.3      293.85
303.1325 319.667    330.69      0         330.69    914.909     573.196     -606.265 -606.265             0         573.196    1488.105    395.8875
325.1785 358.2475 369.2705      0       369.2705   1030.651    666.8915     716.495 733.0295              0        733.0295     1763.68      419.28
 363.759  396.828 402.3395      0       402.3395    936.955     584.219     633.8225 666.8915             0        633.8225   1570.7775     383.895
 374.782  -402.34  -402.34      0        374.782    815.702     462.966     -507.058    0                 0         462.966    1278.668     302.586
203.9255 231.483 -253.529        0        231.483    628.311 303.1325 -374.782 407.851                     0        303.1325    931.4435 229.2485
236.9945 -275.575 -286.598       0       236.9945   644.8455 451.943 -485.012 501.5465                     0        451.943     1096.78 268.89
303.1325 319.667   -330.69       0        319.667   887.3515   551.15 578.7075 -600.754                    0        578.7075    1466.059   369.74
292.1095 308.644 -319.667        0       308.644    666.8915 424.3855 462.966 501.5465                     0        462.966     1129.85 275.725
292.1095 319.667 -341.713        0        319.667   821.2135 485.012   518.081 545.6385                    0        545.6385    1366.852 336.784
270.0635 -297.621 -303.133       0       270.0635    683.426  462.966 -501.547 501.5465                    0        501.5465   1184.9725 314.59875
 154.322 170.8565 181.8795       0       181.8795   534.6155 352.736   385.805 413.3625                    0        413.3625     947.978  281.091



                                           Best                                                                      Best                   Coeff
Bench 1   Bench 2   Bench 3    Bench 4              Sub Total   Deadlift 1   Deadlift 2   Deadlift 3   Deadlift 4              PL Total
                                          Bench                                                                     Deadlift                Score


203.9255 225.9715   -248.018      0      225.9715   727.518     319.667      347.2245     374.782          0        374.782       1102.3      256.65
 93.6955 115.7415    132.276      0      132.276    347.2245    209.437      225.9715     248.0175         0        248.0175     595.242       162
 121.253 137.7875    154.322      0      154.322    429.897     259.0405     303.1325     -341.713         0        303.1325    733.0295    209.1425
-248.018 248.0175   -275.575      0      248.0175   705.472     468.4775     501.5465     -529.104         0        501.5465   1207.0185    309.5565
 253.529 303.1325   325.1785      0      325.1785   727.518     402.3395      440.92      -457.455         0         440.92     1168.438     288.108
  330.69  352.736   380.2935      0      380.2935   931.4435    584.219      600.7535     622.7995         0        622.7995    1554.243    413.7645
 275.575 303.1325   314.1555      0      314.1555   782.633     562.173      600.7535     -611.777         0        600.7535   1383.3865   368.02875
 418.874 446.4315    462.966      0      462.966    1344.806     661.38      -677.915     705.472          0         661.38     2006.186     475.748
  330.69  363.759    374.782      0      374.782    903.886     132.276         0            0             0        132.276     1036.162     259.111
-407.851 407.851    -429.897      0      407.851    1014.116    545.6385     -617.288     644.8455         0        545.6385   1559.7545   375.89475
 385.805  407.851   -429.897      0      407.851    1069.231    688.9375     -738.541     -738.541         0        688.9375   1758.1685   416.85325
336.2015 -363.759   -363.759      0      336.2015   837.748      440.92      473.989      496.035          0        473.989     1311.737     297.381
 286.598  308.644     330.69      0       330.69     771.61     518.081      545.6385     545.6385         0        545.6385   1317.2485   305.14325
 187.391  209.437    231.483      0      231.483    534.6155    248.0175     281.0865     314.1555         0        314.1555     848.771     216.447
 264.552 303.1325     330.69      0       330.69    970.024     677.9145     716.495      738.541          0        738.541     1708.565      408.89
 231.483 259.0405    286.598      0      286.598    710.9835     440.92      485.012      523.5925         0        523.5925    1234.576     312.648



                                           Best                                                                      Best                   Coeff
Bench 1   Bench 2   Bench 3    Bench 4              Sub Total   Deadlift 1   Deadlift 2   Deadlift 3   Deadlift 4              PL Total
                                          Bench                                                                     Deadlift                Score
385.805      -407.851     -407.851         0         385.805    1025.139    507.058   534.6155   -551.15   0   534.6155 1559.7545 391.955
137.7875     -529.104     529.104          0         529.104    1256.622     330.69    407.851   473.989   0   473.989 1730.611 424.4495



 Coeff
 Score
 32.2145
  41.692
98.23125
 123.878



                                                      Best      Push Pull   Coeff
Deadlift 1   Deadlift 2   Deadlift 3   Deadlift 4
                                                     Deadlift     Total     Score
225.9715     236.9945     -248.018         0         236.9945   396.828     128.952
 473.989      507.058     523.5925         0         523.5925   793.656     213.192



 Coeff       Age &
                          Pl code      Pl-Div-WtCl   Tm Pts      Team
 Score       Coeff
180.5505         0            3          1-M-O          7
Best	Lifer:	AD	Womens




Best	Lifter:	AD	Mens	
Best	Lifter:	UPA	Womens




Best	Lifter:	UPA	Mens
                     Southside Spring Showdown-Lb Results Deadlift Only
                                             WtCls                                                                   Best
          Name        Age   Div   BWt (Lb)           Schwartz   Deadlift 1   Deadlift 2   Deadlift 3   Deadlift 4
                                              (Lb)                                                                  Deadlift
E	MARSHALL	JOHNSON     33   M-O    291.6      308    0.5122     777.1215     -843.26      -903.886         0        777.1215
 Coeff     Age &
                   Pl code   Pl-Div-WtCl   Tm Pts   Team
 Score     Coeff
180.5505     0       3         1-M-O         7
