  17/03/2018                                                               NM Spring Div 2018
                                                                                                                                                               (1) PL
                     Div    Bwt     WtCls   Age      SQ-1    SQ-2     SQ-3     Best SQ   BP-1    BP-2     BP-3     Best BP   DL-1    DL-2    DL-3    Best DL
                                                                                                                                                                Total
JASON TALBOT         NM      92.4     93     M1       165     175      180       180      165      175    -192.5     175      165     180     190      190         545
RICHARD SCOTT        NM       91     93      M2       135    147.5      155      155      100      105      108      108      180    187.5     0      187.5      450.5
DARREN LLOYDD        NM     106.8    120     M2       170     180      190       190      145    -152.5    -155      145      210     220    -230      220         555
WILLIAM MACDONALD    NM      64.4     66    Senior    150    157.5     -165     157.5     100     -105     -105      100     -200    -200      0        0            0
MARK HODGETT         NM      82.8    83     Senior    190     205      -215      205     137.5   147.5     -150     147.5     265    277.5   282.5    282.5        635
LUKE DIXON           NM     80.1     83     Senior    190     -200     200       200     117.5     125     -130      125      210     225     235      235         560
TOM GEE              NM      87.7    93     Senior    180     190     197.5     197.5     125      130      135      135      255    272.5   -280     272.5        605
MITCHELL VAUGHN     GUEST    90.7     93    Senior   182.5   -197.5     205      205      135    142.5      150      150     192.5    210    -220      210         565
AARON PYATT          NM      87.6    93     Senior    185     195     202.5     202.5     115      125     -130      125      190     205     215      215       542.5
JAMES DAVISON        NM      90.3     93    Senior    165     170      175       175       85       90      -95       90      190     200    -205      200         465
NICK BLOOMFIELD      NM     103.3    105    Senior    190     210      220       220      120     127.5     135      135      200     220     230      230         585
NATHAN ALLEN         NM     104.3    105    Senior    180     200       210      210      120      130    137.5     137.5     200     220    232.5    232.5        580
PAUL FLEMING         NM     101.2    105    Senior    160    167.5    172.5     172.5     92.5     100      105      105      170     180     190      190       467.5
TOM BRANNICK         NM     104.2    105    Senior   262.5    275     282.5     282.5    182.5    192.5    -200     192.5    272.5   287.5    300      300         775
ALEX VAN HAGEN       NM     110.7    120    Senior    200    -207.5   207.5     207.5    -135      140      145      145      215     230    247.5    247.5        600
AARON THOMPSON       NM     162.2   120+    Senior    315    332.5      350      350      180      190       0       190      300     325     340      340         880
SAM LABAN            NM      90.7    93      U23     -210     220      -230      220      120      130     -135      130      210     220     230      230         580
BEN WHITEHOUSE       NM      92.3    93      U23      180     190     -192.5     190      125      130    -132.5     130     -205      0       0        0            0
GEORGE TURNER        NM      92.7    93      U23      200     215      225       225     132.5     140      145      145      200     220     230      230         600
CAMERON ELLIOTT      NM     102.8    105     U18      190     -200      200      200      150     -155     -155      150      220    -230    -230      220         570
JODY CARVELL         NM      70.6    74      M1      132.5    140     147.5     147.5      80     -87.5    -87.5      80      165    172.5    180      180       407.5
OWEN LEGGETT         NM      88.1     93     U23     197.5    205     212.5     212.5    117.5   122.5       0      122.5     215     230    242.5    242.5      577.5
GEORGE KAYE          NM      116     120     U18      135     145      -160      145     82.5       90     97.5      97.5     170     185     200      200       442.5
