                UPC – Germany
       Offene Norddeutschemeisterschaft
               Malcow 5.10.2019
Bankdrücken "EQ"
  Firstname      Lastname       BW     Reshle   W.Cl.   class   McC     1. Vers.   2. Vers.   3. Vers,   4. Vers. Total    Reshle    McC       Place
Martin        Kries            112,0 0,879      125,0 open      1,000      260,0     x275,0     x275,0             260,0    228,54               1
Danny         Gartz             99,8 0,919      100,0 M 40-44   1,005      190,0      200,0     x205,0             200,0    183,80   184,72      1
Reiko         Kruse            124,2 0,859      125,0 M 45-49   1,096      240,0       xxx        xxx              240,0    206,16   225,95      1
Armin         Bunzel            96,0 0,998      100,0 M 65-69   1,597      125,0      130,0      135,0             135,0    134,73   215,16      1




Bankrücken "RAW"
 Firstname      Lastname       BW      Reshle W.Cl.     class   McC     1. Vers.   2. Vers.   3. Vers,   4. Vers. Total    Reshle      McC     Place
Doreen        Durschak          58,0 1,838      60,0 open       1,000      x45,0       45,0      x50,0              45,0     82,71               1
Ingrid        Cedel             62,0 1,736      67,5 M 70-74    1,780       40,0       42,5      x45,0              42,5     73,78    131,33     1
Felix         Steffen           81,0 1,044      82,5 Jun        1,000      125,0      130,0     x135,0             130,0    135,72               1
Nick          Molleker          93,0 0,948      100,0 Jun       1,000     x187,5      187,5   x195,0DR             187,5    177,75               1
Kelvin        Dahlmann          95,4 0,939      100,0 Jun       1,000      125,0      135,0      142,5             142,5    133,81               2
Ibrahim       Rahimov           54,6 1,655      56,0 open       1,000       67,5       72,5      x77,5              72,5    119,99               1
Michael       Gehrmann          81,6 1,036      82,5 open       1,000      155,0      162,5     x167,5             162,5    168,35               1
Mirko         Klatt             88,6 0,978      90,0 open       1,000     x140,0      140,0     x142,5             140,0    136,92               1
Martin        Schaufelberger    89,2 0,974      90,0 open       1,000      120,0      127,5     x132,5             127,5    124,19               2
Rene´         Seitz             95,6 0,928      100,0 open      1,000      195,0      200,0      212,5             212,5    197,20               1
Clemens       Keune            111,0 0,885      125,0 open      1,000      185,0      190,0      192,5             192,5    170,36               1
Martin        Kries            112,0 0,879      125,0 open      1,000      180,0      185,0     x192,5             185,0    162,62               2
Göksel        Böttcher         124,8 0,858      125,0 M 40-44   1,014      140,0      150,0      160,0             160,0    137,28    139,20     1
Michael       Schmidt           74,6 1,120      75,0 M 45-49    1,132      142,5      145,0   147,5 DR             147,5    165,20    187,01     1
Christian     Zimmer            75,8 1,107      82,5 M 45-49    1,096      117,5     x122,5      122,5             122,5    135,61    148,63     1
Rico          Martinez          92,3 0,947      100,0 M 45-49   1,132      170,0      180,0     x185,0             180,0    170,46    192,96     1
Heiko         Hampfe            81,8 1,034      82,5 M 50-54    1,187      115,0      120,0      122,5             122,5    126,67    150,35     1
Dr. Björn     Tesmer            74,7 1,117      75,0 M 55-59    1,250       80,0       82,5       xxx               82,5     92,15    115,19     1
Rene´         Hobohm            95,2 0,941      100,0 M 55-59   1,322     x140,0      150,0     x150,0             150,0    141,15    186,60     1
Hartmut       Ewert             76,0 1,103      82,5 M 60-64    1,380      110,0      117,5     x122,5             117,5    129,60    178,85     1
Eduard        Weber            102,2 0,908      110,0 M 60-64   1,440      120,0     x130,0     x130,0             120,0    108,96    156,90     1
Kurt          Schoula          101,0 0,911      110,0 M 65-69   1,595      150,0     x155,0     x155,0             150,0    136,65    217,96     1
Gerd          Müller            81,0 1,044      82,5 M 65-69    1,597      105,0      115,0      120,0             120,0    125,28    200,07     1
Albert        Olomek            91,8 0,954      100,0 M 70-74   1,780      110,0      120,0      125,0             125,0    119,25    212,27     1
Gerd          Cedel             70,4 1,124      75,0 M 75-79    1,980       80,0      x82,5       xxx               80,0     89,92    178,04     1


Kreuzheben "EQ"
 Firstname      Lastname       BW      Reshle W.Cl.     class   McC     1. Vers.   2. Vers.   3. Vers,   4. Vers. Total    Reshle      McC     Place
Gorden        Karkuschke        67,3    1,357   67,5 open       1,000      160,0      170,0      180,0             180,0    244,26               1
Lothar        Schulze           81,8 1,034      82,5 M 65-69    1,664      140,0      160,0       0,0              160,0    165,44    275,29     1


Kniebeuge "RAW"
 Firstname      Lastname       BW      Reshle W.Cl.     class   McC     1. Vers.   2. Vers.   3. Vers,   4. Vers. Total    Reshle      McC     Place
Danny         Gartz            99,8    0,919    100,0 M 40-44   1,005      170,0      180,0      185,0             185,0    170,02    170,87     1
Reiko         Kruse            124,2   0,859    125,0 M 45-49   1,096      250,0   x275,0DR x275,0DR               250,0    214,75    235,37     1
Kreuzheben "RAW"
 Firstname     Lastname   BW   Reshle W.Cl.     class   McC     1. Vers.   2. Vers.   3. Vers,   4. Vers. Total   Reshle     McC     Place
Theresa      Raddy         50,2 2,174   52,0 Jun        1,000      67,5       75,0       80,0              80,0    173,92              1
Doreen       Durschak      58,0 1,838   60,0 open       1,000      85,0       95,0      100,0             100,0    183,80              1
Margrit      Kruse         71,4 1,586   75,0 M 40-44    1,000     100,0      110,0      115,0             115,0    182,39   182,39     1
Ingrid       Cedel         62,0 1,736   67,5 M 70-74    1,780      80,0       90,0      x92,5              90,0    156,24   278,11     1
Luca         Schöning      74,8 1,117   75,0 T 16/17    1,000     130,0       xxx        xxx              130,0    145,21   145,21     1
Eric         Kruse        120,8 0,862   125,0 T 18/19   1,000     300,0      x322,5     x322,5            300,0    258,60              1
Kelvin       Dahlmann      95,4 0,929   100,0 Jun       1,000     170,0      185,0      200,0             200,0    185,80              1
Marco        Meyer        113,0 0,877   125,0 open      1,000     210,0      220,0      230,0             230,0    201,71              1
Danny        Gartz         99,8 0,919   100,0 M 40-44   1,005     x225,0     240,0      x270,0            240,0    220,56   221,66     1
Thomas       Sander        81,6 1,036   82,5 M 45-49    1,132     165,0      175,0      180,0             180,0    186,48   211,10     1
Reiko        Kruse        124,2 0,859   125,0 M 45-49   1,096     240,0      270,0      x290,0            270,0    231,93   254,20     1
Dr. Björn    Tesmer        74,8 1,117   75,0 M 55-59    1,250     155,0      165,0      180,0             180,0    201,06   251,33     1
Gerd         Müller        81,0 1,044   82,5 M 65-69    1,597     130,0      140,0      150,0             150,0    156,60   250,09     1
Gerd         Cedel         70,4 1,124   75,0 M 75-79    1,980     125,0      130,0      x135,0            130,0    146,12   289,32     1
Powerlifting RAW
  Firstname     Lastname    BW     Reshle    W.Cl.     class   McC     SQ 1       2        3      4     BP 1      2         3         4       DL 1      2         3        4      Total   Reshle   McC     Place
Monique       Siwek        50,2    2,174     52,0    Jun       1,000   85,0    90,0DR   x95,0DR        x65,0    65,0     DR67,5    70,0DR    100,0    105,0     110,0   112,5DR   267,5   581,55             1

Anna          Dierks       71,6    1,595     75,0    Jun       1,000 148,0DR 157,5DR 165,0DR           75,0    81,0DR    x85,0DR             150,0    160,0    170,5DR 175,0DR    416,5   664,3              1

Rebecca       Wunsch       117,4   1,309    ´+90,0 Jun         1,000   85,0    105,0DR x107,5DR       47,5DR   52,5DR    55,0DR    x60,0DR 105,0DR 115,0DR x125,0DR               275,0   360,0              1

Margrit       Kruse        71,4    1,586     75,0    M 40-44   1,000   90,0     97,5     102,5         40,0     47,5      x50,0              100,0    110,0     115,0             265,0   420,3    420,3     1

Ariane        Bötel        113,6   1,317    ´+90,0 M 40-44     1,000 102,5DR x110,0DR x111,0DR         55,0    x66,0DR   69,0DR    x71,0DR 125,0DR 132,5DR 140,0DR                311,5   410,2              1

Luca          Schöning     74,8    1,117     75,0    T 16/17   1,000   120,0   x130,0     xxx          100,0    107,5    x112,5              130,0     xxx      xxx               357,5   399,3    399,3     1

Jannik        Hartwich     80,0    1,054     82,5    T16/17    1,000   110,0    115,0    120,0         80,0     85,0       xxx              x150,0    160,0     170,0             375,0   395,3              1

Finn          Fiedler      81,0    1,044     82,5    T 18/19   1,000   160,0    170,0   x180,0         90,0     95,0       7,5              x195,0    200,0     210,0             475,0   495,9              1

Tobias        Hübers       72,0    1,162     75,0    Jun       1,000   160,0    170,0    180,0         100,0   x110,0     110,0              190,0    200,0     210,0             500,0   581,0              1

Philipp       Schinacher   89,4    0,972     90,0    Jun       1,000   200,0   x210,0     xxx         x140,0    150,0      xxx               x220     220,0     230,0             580,0   563,8              1

John          Schenke      84,8    1,006     90,0    Jun       1,000   150,0    160,0    165,0         115,0    120,0    x125,0              190,0    200,0    x210,0             485,0   487,9              2

Kelvin        Dahlmann     95,4    0,939    100,0 Jun          1,000   150,0    165,0    180,0         120,0    130,0     140,0              170,0    185,0     200,0             520,0   488,3              1

Pascal        Hübers       73,6    1,360     75,0    open      1,000   175,0    185,0    192,5         130,0    140,0     142,5              200,0    210,0     215,0             550,0   748,0              1

Moritz        Jäger        81,6    1,036     82,5    open      1,000   130,0    150,0   x165,0         100,0   x105,0    x105,0              160,0    170,0     185,0             435,0   450,7              1

Paul          Kastl        103,2   0,904    110,0 open         1,000   205,0    220,0    235,0         120,0    135,0    x145,0              210,0    225,0     240,0             610,0   551,4              1

Kristian      Voß          103,0   0,904    110,0 open         1,000   180,0    195,0    215,0        x140,0   x155,0    x155,0              xxx       xxx      xxx               xxx      xxx     xxx      out

Christian     Möller       161,0   0,823    ´+140,0 open       1,000   330,0    345,0    352,5         210,0    217,5     220,0              330,0   353,5DR   x363,0             925,5   761,7              1

Tino          Kinding      100,0   0,915    100,0 M 40-44      1,005   160,0    170,0    185,0         130,0    142,5     147,5              210,0    230,0     240,0             572,5   523,8    526,5     1

Jens          Hantel       94,6    0,929    100,0 M 40-44      1,000   x160     160,0    170,0         105,0   x112,5    x112,5              180,0    190,0     200,0             475,0   441,3    441,3     2

Marco         Lamprecht    109,2   0,887    110,0 M 45-49      1,078   245,0    265,0     xxx          125,0    135,0      xxx               230,0   x250,0     xxx               630,0   558,8    602,4     1

Mike          Künzling     86,0    0,998     90,0    M 50-54   1,228 185,0DR 195,0DR 200,0DR          125,0DR x130,0DR 132,0DR              185,0DR 205,0DR 210,0DR 215,0DR       542,0   540,9    664,2     1

Conny         Händel       87,2    1,031     90,0    M 50-54   1,168   150,0    165,0     0,0          107,5    112,5     115,0              180,0   x200,0     xxx               460,0   474,3    553,9     2

Jürgen        Slawik       89,2    0,974     90,0    M 55-59   1,297   170,0    185,0    190,0         135,0   x145,0      xxx               215,0    230,0    x242,5             555,0   540,6    701,1     1
