1-Oct-16                                                                                                         Fall Barbender 2016
                                    BWt     WtCls              Squat   Squat    Squat    Squat                         Bench Deadlift Deadlift Deadlift Deadlift             Coeff    Age &    Place
      Name            Age    Div                    Schwartz                                   Bench 1 Bench 2 Bench 3                                           PL Total                            Pl-Div-WtCl Team Pts   Team   Events
                                    (Kg)     (Kg)               1       2        3        4                              4      1        2        3        4                 Score     Coeff   code

Lani "Tori" Hidalgo   42    F-M1R   64.8    67.5     0.7535     -75     82.5    -92.5             50      -55     -92.5            105     107.5    120              252.5   190.26   194.06   3.00    2-F-M1R     5.00             PL
  Lisa Mendoza        44    F-M1R   61.8     67.5    0.7889    110      115      120             67.5    72.5       75             130     135     142.5             337.5   266.25   277.70   3.00     1-F-M1R    7.00              PL
    Gail Valtier      42    F-M1R   65.2     67.5    0.7492    110      120      -125             75      80      -82.5            130     140      145              345.0   258.47   263.64   3.00    1-F-M1R     7.00              PL
Christine Pinkney     47    F-M2R   53.8     56      0.9149     45       60       70             52.5    -57.5    -57.5            92.5    102.5   112.5    117.5    235.0   215.00   232.63   3.00    2-F-M2R     5.00              PL
Nannette Weaver       48    F-M2R   57.8     60      0.8453    92.5     105      -110             50     -57.5    -57.5            107.5   125     -127.5            280.0   236.68   259.64   3.00    1-F-M2R     7.00              PL
  Rachel Tineo        46    F-M2R   71.4     75      0.6914     85      92.5     100              55      60       -65             115     125     137.5             297.5   205.69   219.68   3.00    3-F-M2R     3.00              PL
 Christine Pinkey     47    F-OR    53.8     56      0.9149    42.5      60       70             52.5    -57.5    -57.5            92.5    102.5   112.5    117.5    235.0   215.00   232.63   3.00     2-F-OR     5.00              PL
 Stephanie Eaton      25    F-OR     58      60      0.8422     90      100      -105            42.5     45       47.5     50     97.5    107.5   112.5     115     260.0   218.97   218.97   3.00     5-F-OR     1.00              PL
Nannette Weaver       48    F-OR    57.8     60      0.8453    92.5     105      -110             50     -57.5    -57.5            107.5   125     -127.5            280.0   236.68   259.64   3.00     1-F-OR     7.00              PL
Gloria Valenxuela     28    F-OR    59.2     60      0.8242     85      97.5     100              60      -65      -65             120     127.5   -137.5            287.5   236.96   236.96   3.00     4-F-OR     2.00              PL
   Jaimie Arce        28    F-OR    59.2     60      0.8242    102.5   112.5    -122.5            65      -70      -80             125     140      145      150     322.5   265.80   265.80   3.00     2-F-OR     5.00              PL
 Hope Eberhardt       29    F-OR    63.8    67.5     0.7647     55       60      67.5            47.5    52.5      -55              65     77.5      90              210.0   160.59   160.59   3.00     8-F-OR     1.00              PL
Lani "Tori" Hidalgo   42    F-OR    64.8     67.5    0.7535     -75     82.5    -92.5             50      -55      55              105     107.5    120              257.5   194.03   197.91   3.00     7-F-OR     1.00              PL
    Gail Valtier      42    F-OR    65.1     67.5    0.7503    110      120      -125             75      80      -82.5            130     140      145              345.0   258.85   264.03   3.00     3-F-OR     3.00              PL
 Brittany Kohnke      31    F-OR     64      67.5    0.7625    120     127.5    132.5             65      70      -72.5            142.5   152.5   157.5     160     360.0   274.50   274.50   3.00     1-F-OR     7.00              PL
 Heather Collins      39    F-OR    72.8     75      0.6805    52.5      65       70             37.5     -50      -50              85     102.5    110              217.5   148.01   148.01   3.00     9-F-OR     1.00              PL
   Kerrie Green       36    F-OR    87.8     90      0.5943    67.5      75      82.5            47.5    -52.5    -52.5             95     105      115              245.0   145.60   145.60   3.00     10-F-OR    1.00              PL
 Robin Shinsato       26    F-OR     96      100     0.5648    125     137.5     145             57.5     65      -72.5            152.5   167.5   -172.5            377.5   213.21   213.21   3.00     6-F-OR     1.00              PL
Jennifer Thompson     35    F-SR    72.4     75      0.6835     85      92.5     100             47.5    -57.5    -57.5            102.5   110     117.5             265.0   181.13   181.13   3.00     1-F-SR     7.00              PL
 Kristen Schumm       39    F-SR    77.8     82.5    0.6461                                                                        82.5    102.5    115                                        3.00                                 DL
  Marisa Balbo        38    F-SR    93.8     100     0.5717                                      42.5    47.5      52.5    -57.5                                                               3.00                                 BP
  Calvin Rowen        20    M-JR    77.4    82.5     0.6486    117.5   -132.5   -132.5            75      -85     -87.5            145     165     167.5     170     360.0   233.50   233.50   3.00     2-M-JR     5.00              PL
Caleb Cattermole      21    M-JR    108.2    110     0.5388    222.5   237.5    247.5            172.5   182.5    -187.5           227.5   247.5    -255             677.5   365.04   365.04   3.00     1-M-JR     7.00              PL
Jeff Shellenberger    41    M-M1E   119.6    125     0.5274    340      -375     -375            185      190      195             272.5   295     -317.5            830.0   437.74   442.12   3.00    1-M-M1E     7.00              PL
    Brian Crow        52    M-M3R    90      90      0.5853    150     162.5     175             97.5     105      115             157.5   170      -185             460.0   269.24   313.66   3.00    1-M-M3R     7.00              PL
Michael Johnson       55    M-M4R   88.8     90      0.5901    190     202.5     210             147.5   157.5     -165            195     207.5    -215             575.0   339.31   415.65   3.00    1-M-M4R     7.00              PL
   Paul Popoff        34    M-OE    137.2    140     0.5065                                      215     237.5     -245                                                                        3.00                                 BP
   Paul Popoff        34    M-OE    137.2    140     0.5065                                                                        282.5   -300     -300                                       3.00                                 DL
   Paul Popoff        34    M-OE    137.2    140     0.5065    300      320     347.5            215     237.5     -245            282.5   -300     -300             867.5   439.39   439.39   3.00     1-M-OE     7.00              PL
 Michael Bowden       54    M-OE    154     SHW      0.4889                                      287.5   312.5    327.5                                                                        3.00                                 BP
 Michael Bowden       154   M-OE    154     SHW      0.4889                                                                        207.5   230                                                 3.00                                 DL
   Taylor Hines       30    M-OR     75      75      0.6645    115      120      130             72.5    -77.5      80             150     -160     -160             360.0   239.22   239.22   3.00     9-M-OR     1.00              PL
  Vinny Valdez        34    M-OR    82.4     82.5    0.6198    122.5    145      155             120      125      -135            155     167.5    -185             447.5   277.36   277.36   3.00     8-M-OR     1.00              PL
  Matthew Lacy        34    M-OR    96.4     100     0.5636    235      245      250             142.5    150     152.5            227.5   240      -245             642.5   362.11   362.11   3.00     5-M-OR     1.00              PL
   Phillip Clark      24    M-OR    109.8    110     0.5367    265     272.5    -282.5          -182.5   192.5     -200            297.5   320      325     -332.5   790.0   423.99   423.99   3.00     1-M-OR     7.00              PL
  Brandon Serio       26    M-OR    120      125     0.5270                                                                        260     275      285      -295                              3.00                                 DL
   Ryan Mead          32    M-OR    121      125     0.5260    242.5    -255     -255            135      140      -145            247.5   260     272.5             655.0   344.53   344.53   3.00     6-M-OR     1.00              PL
  Brandon Serio       26    M-OR    120      125     0.5270    232.5    -260     -260            160      170     182.5            260     275      285      -295    700.0   368.90   368.90   3.00     4-M-OR     2.00              PL
    Jeff Jones        27    M-OR    122.2    125     0.5247    245      260      -275            172.5   182.5    187.5            247.5   260     272.5             720.0   377.78   377.78   3.00     2-M-OR     5.00              PL
Conner Hanagan        29    M-OR    139.6    140     0.5038                                      165      175     -182.5                                                                       3.00                                 BP
Conner Hanagan        29    M-OR    139.6    140     0.5038                                                                        232.5   265      275                                        3.00                                 DL




              Chief Referee                                                                                     Side Referee                                                                                       Side Referee
              ________________________                                                                   ________________________                                                                     ________________________
              ________________________                                                                   ________________________                                                                     ________________________
