"",M/W Nbr,Class,BW Name,,Nation,,SQUAT,,BENCH PRESS,Sub.,,DEADLIFT,,Tot.,Points
Place,,,,,,1.,2.,3.,1. 2. 3.,Tot.,1.,2. 3.,,Result,
"",,,Session 1,,,,,,,,,,,,
1.,W 1,SJ75,74.00 Natasha Armstrong,,Timaru,120.0,120.0,130.0,67.5 72.5 75.0,202.5,120.0,132.5 140.0,,335.0,321.16
1.,W 2,J82.5,76.70 Melanie Watts,,Timaru,80.0,90.0,100.0,60.0 67.5 72.5,172.5,100.0,115.0 130.0,,287.5,269.56
1.,M 3,J100,92.55 Peter Mackle,,Timaru,110.0,120.0,130.0,75.0 80.0 80.0,195.0,140.0,155.0 165.0,,360.0,226.62
1.,M 4,SJ52,50.75 Zac Cox,,Timaru,50.0,60.0,70.0,40.0 45.0 45.0,110.0,60.0,70.0 80.0,,180.0,181.04
1.,M 5,O75,71.25 David Grubb,,Eastside,170.0,200.0,210.0,135.0 145.0 145.0,335.0,185.0,195.0 200.0,,520.0,384.28
1.,M 6,J67.5,66.50 Jason Greig,,Eastside,150.0,160.0,170.0,100.0 105.0 105.0,275.0,170.0,185.0 195.0,,460.0,358.98
1.,W 7,O60,58.50 Tania Green,,Ash.,100.0,105.0,110.0,65.0 70.0 75.0,180.0,110.0,120.0 130.0,,300.0,341.13
1.,M 9,O82.5,82.45 Leighton Best,,Eastside,175.0,190.0,200.0,165.0 175.0 182.5,357.5,210.0,230.0 242.5,,600.0,401.94
2.,M 8,O82.5,75.20 Tec Williamson,,Eastside,220.0,220.0,220.0,150.0 160.0 160.0,370.0,220.0,230.0 230.0,,590.0,419.61
"",,,Session 2,,,,,,,,,,,,
3.,M 1,100,96.95 Graham Cook,,Eastside,160.0,,,180.0 187.5 192.5,347.5,200.0,240.0 260.0,,547.5,337.42
1.,M 2,M2100,96.55 Jo Tasker,,Westport,170.0,190.0,200.0,120.0 130.0 140.0,320.0,180.0,210.0 220.0,,530.0,327.22
1.,M 3,M3100,99.95 Toso Ieti,,QE2,140.0,160.0,160.0,140.0 150.0 155.0,310.0,180.0,200.0 220.0,,510.0,310.39
0.,M 4,O67.5,66.65 Mike Gardiner,,Eastside,215.0,220.0,220.0,140.0 140.0 150.0,Disq,230.0,250.0 260.0,,Disq,
4.,M 5,O100,97.90 Jason Nolan,,YMCA,145.0,160.0,160.0,125.0 135.0 145.0,280.0,150.0,162.5 175.0,,442.5,271.65
1.,M 6,M390,84.10 Terry O'Connor,,QE2,45.0,55.0,65.0,90.0 100.0 100.0,165.0,80.0,100.0 120.0,,285.0,188.78
1.,M 7,O100,96.80 Colin Wright,,Eastside,225.0,230.0,250.0,100.0 130.0 140.0,370.0,200.0,220.0 235.0,,605.0,373.22
2.,M 8,O100,93.20 Paul Clifford,,Eastside,170.0,185.0,195.0,140.0 150.0 150.0,335.0,230.0,255.0 265.0,,590.0,370.28
Place,,,,,,1.,2.,3.,1.,2.,3.,Tot.,1.,2.,3.,Result,
"",,,,Session 1,,,,,,,,,,,,,
1. W,,1,SJ75,74.00 Natasha Armstrong,Timaru,120.0,120.0,130.0,67.5,72.5,75.0,202.5,120.0,132.5,140.0,335.0,321.16
1. W,,2,J82.5,76.70 Melanie Watts,Timaru,80.0,90.0,100.0,60.0,67.5,72.5,172.5,100.0,115.0,130.0,287.5,269.56
1. M,,3,J100,92.55 Peter Mackle,Timaru,110.0,120.0,130.0,75.0,80.0,80.0,195.0,140.0,155.0,165.0,360.0,226.62
1. M,,4,SJ52,50.75 Zac Cox,Timaru,50.0,60.0,70.0,40.0,45.0,45.0,110.0,60.0,70.0,80.0,180.0,181.04
1. M,,5,O75,71.25 David Grubb,Eastside,170.0,200.0,210.0,135.0,145.0,145.0,335.0,185.0,195.0,200.0,520.0,384.28
1. M,,6,J67.5,66.50 Jason Greig,Eastside,150.0,160.0,170.0,100.0,105.0,105.0,275.0,170.0,185.0,195.0,460.0,358.98
1. W,,7,O60,58.50 Tania Green,Ash.,100.0,105.0,110.0,65.0,70.0,75.0,180.0,110.0,120.0,130.0,300.0,341.13
1. M,,9,O82.5,82.45 Leighton Best,Eastside,175.0,190.0,200.0,165.0,175.0,182.5,357.5,210.0,230.0,242.5,600.0,401.94
2. M,,8,O82.5,75.20 Tec Williamson,Eastside,220.0,220.0,220.0,150.0,160.0,160.0,370.0,220.0,230.0,230.0,590.0,419.61
"",,,,Session 2,,,,,,,,,,,,,
3. M,,1,100,96.95 Graham Cook,Eastside,160.0,,,180.0,187.5,192.5,347.5,200.0,240.0,260.0,547.5,337.42
1. M,,2,M2100,96.55 Jo Tasker,Westport,170.0,190.0,200.0,120.0,130.0,140.0,320.0,180.0,210.0,220.0,530.0,327.22
1. M,,3,M3100,99.95 Toso Ieti,QE2,140.0,160.0,160.0,140.0,150.0,155.0,310.0,180.0,200.0,220.0,510.0,310.39
0. M,,4,O67.5,66.65 Mike Gardiner,Eastside,215.0,220.0,220.0,140.0,140.0,150.0,Disq,230.0,250.0,260.0,Disq,
4. M,,5,O100,97.90 Jason Nolan,YMCA,145.0,160.0,160.0,125.0,135.0,145.0,280.0,150.0,162.5,175.0,442.5,271.65
1. M,,6,M390,84.10 Terry O'Connor,QE2,45.0,55.0,65.0,90.0,100.0,100.0,165.0,80.0,100.0,120.0,285.0,188.78
1. M,,7,O100,96.80 Colin Wright,Eastside,225.0,230.0,250.0,100.0,130.0,140.0,370.0,200.0,220.0,235.0,605.0,373.22
2. M,,8,O100,93.20 Paul Clifford,Eastside,170.0,185.0,195.0,140.0,150.0,150.0,335.0,230.0,255.0,265.0,590.0,370.28
referees,,,Session 1,Session 2,,,,,,,,,,,,,
chief,,Mike Clifford,,Marie Soffe,,,,,,,,,,,,,
side,,,Jim Clifford,Jim Clifford,,,,,,,,,,,,,
side,,,Marie Soffe,Brian Armstrong,,,,,,,,,,,,,
