Competition Name: GBPF NM Divisional                                   Venue: Horncastle                                                 Date: 21 June 2014

 Lot           Name          Gender   Div.    Age      B/W    Weight    Rack               Squat             Bench Press         Sub            Deadlift       Total    Position
  #                                           Cat.            Class    Hieghts     1         2     3     1        2         3    total     1       2       3           in wt class
 1     Lindi Marson-Taylor     F      NM   M2     51           52        6          50        55  57.5    35  37.5      -40       95.0 75         80  82.5     177.5       1
 3     Lex Jamieson            F      NM    S    59.9          63        9          80        90   -95  52.5  57.5       60      150.0 100      112.5 -115     262.5       1
 2     Vickie Cliffe           F      NM    S    61.8          63        11         70       -80   -90    40    45      -50      115.0 100       120  -140     235.0       2
 5     Wendie Kirkland         F      NM   M1    69.9          72        8         105      112.5 -120  62.5  67.5       70      182.5 125       130   135     317.5       1
 4     Tracey Burns            F      NM   M1     66           72        13       67.5        75    80    35    40     42.5      122.5 105      112.5 122.5    245.0       2
 6     Joanna Kirk             F      NM   M1    66.7          72        9          55      62.5  67.5    35    40     42.5      110.0 80         90   100     210.0       3
 7     Angela Houldershaw      F      NM   M1    69.2          72        10         50        55    60  32.5    35       40      100.0 80         90   100     200.0       4
 8     Karen Towersey          F      NM   M1    83.2          84        13         90       100 -107.5   55    60     62.5      162.5 110       125  137.5    300.0       1
 9     Jesse Johnson           M      NM    S    56.4          59        13         90       100  -110    75  82.5     87.5      187.5 140       160   180     367.5       1
 10    Ted Byrne               M      NM   M3    64.1          66        9         125       135  -145    75  82.5     87.5      222.5 160       180   200     422.5       1
 12    Adam Purdon             M      NM    S    71.2          74        13        160       175  -185   105   115     -125      290.0 210       235   245     535.0       1
 11    Tom Leeman              M      NM    S    72.8          74        13        165       175   180  122.5 130      -135      310.0 205       220   225     535.0       2
 14    Ashley Good             M      NM Sub Jnr 73.1          74        17       -160       160   175    80    90       95      270.0 180         -    -      450.0       3
 22    Paul Campbell           M      NM    S    79.7          83        10       -185       185  -190   135   140     -145      325.0 220       230   240     565.0       1
 19    Daniel Saunders         M      NM    S    82.0          83        16        170       180   185   115  122.5    127.5     312.5 200       230   240     552.5       2
 18    Mick Cliffe             M      NM   M2    81.8          83        12        140       160   180   105   115     122.5     302.5 180       200   220     522.5       3
 20    Johnathon Skinner       M      NM    S    75.4          83        15         90       100   105    80  87.5     92.5      197.5 140       155   160     357.5       4
 23    Travis Short            M      NM Sub Jnr 80.7          83        16        100      107.5 115     70  77.5     82.5      197.5 140       160  -175     357.5       5
 16    John Buckley            M      NM   M2    79.9          83        13         90       100   105    60  67.5     72.5      177.5 140       155 -162.5    332.5       6
 15    Simon Fawsett           M      NM   M1    81.3          83        13         80        90    95    55    60       65      160.0 130       145   165     325.0       7
 21    Martin Geraghty         M      NM    S    79.3          83        17         65        75    85    60  67.5      -75      152.5 120       130  147.5    300.0       8
 27    Chris Baker             M      NM    S     93           93        19        160      -180   190   120   130     -135      320.0 220       240  -260     560.0       1
 26    Adam Davies             M      YNE   S    86.1          93        15        155       165   175  -135   140      145      320.0 210       225  232.5    552.5       2
 17    Glyn Belsher            M      NM   M2    88.6          93        9         140      147.5 152.5   80  87.5       95      247.5 130       145   160     407.5       3
 24    Rubin Swift             M      NM   Jnr   84.2          93        17         80        90   100    60    70       80      180.0 -120      120   165     345.0       4
 31    John Hamson             M      NM    S    102.8        105        12       -260       260   280   155  162.5       -      442.5 280       295 -302.5    737.5       1
 29    Thomas Brannick         M      NM   Jnr   100.5        105        11        200       215   230   150   165    -172.5     395.0 250       270  -280     665.0       2
 32    Chris Farrow            M      NM    S    100.2        105        17        190       200   205   120  127.5     130      335.0 210      237.5 250      585.0       3
 33    Andew Rutland           M      YNE   S    102.3        105        14      -202.5    -202.5 202.5 142.5 147.5    -151      350.0 222.5    232.5 -240     582.5       4
 25    Sam Winton              M      NM   Jnr   96.3         105       16 in      155      162.5 -170   105 -112.5    112.5     275.0 170       190   210     485.0       5
 30    Harold Houldershaw      M      NM   M2    95.3         105        12        140       150   160    80  87.5       95      255.0 140       160   180     435.0       6
 34    Arran Hudson            M      NM   Jnr   120.3        120+       16        195       200  -205 107.5 115       -120      315.0 220       235 -242.5    550.0       1
                                                                                          BENCH A/C
 13    Jared Saiyed            M      NM     Sub Jnr   74.4    83        0         0          0     0    100   105         110   110.0     0       0       0   110.0       1
