                                                                                                            NATIONAL CHAMPIONSHIPS, KAPITI, NEW ZEALAND


Saturday 13 August 2022
                                               Wgt                      Best                   Best Sub                     Best          Wilks   Age-
Name                   Division      Bodywgt Class     SQ-1 SQ-2 SQ-3 SQ      BP-1 BP-2 BP-3 BP      Total DL-1 DL-2 DL-3 DL     TOTAL    Pts     Wilks
Tracey Kinloch Jones   F: M55-59          81.9      84   110   116  121 121       50   54  -58    54    175   115  120  123 123     298    334.15 685.00
Joelie Scott           F: Junior          68.5      72   100   105 -112 105       65   68   71    71    176   120  128  135 135     311    378.83 401.56
Grace Payne            F: Junior          90.4     100   145   155  162 162       62   67   70    70    232   165  172  180 180     412    446.24 446.24
Rachel Green           F: M40-44          82.6      84   140   145 -152 145       67   72   77    77    222   150  157  165 165     387    432.51 441.16
Kate Scott             F: M40-44          77.0      84     87   95  100 100       55  -60  -60    55    155   120  130  140 140     295    339.31 339.31
Megan May              F: M40-44          98.7     100   130 -142 -145 130        70   77  -80    77    207   170  195       195    402    424.55 428.80
Kellie Perry           F: M45-49          70.1      72     92 -101 -102    92     58  -61         58    150   127 -138       127    277    333.31 370.98
Hollie Wilkerson       F: M45-49          70.1      72     85  -90   90    90     57  -60  -60    57    147   105  112 -120 112     259    311.65 337.21
Emma Kirkman           F: M45-49          81.2      84     80   86   91    91     40   45   50    50    141   110  120  130 130     271    304.88 317.98
Shannon Duncan         F: M45-49          95.6     100   107   115 -120 115       47   52   57    57    172   120  130  137 137     309    329.18 351.56
Sarah Tana             F: M60-64          63.6      64     60  -65  -65    60     45  -48         45    105   105 -121       105    210    266.95 357.72
Philippa MacManus      F: M60-64          79.2      84     92   97  100 100       57   60  -65    60    160   110  118  125 125     285    323.90 434.03
Annette Parlane        F: M75-79          87.3     100     40   44   50    50     37   40  -43    40     90    90  101  105 105     195    213.62 392.00
Tiffany Edwards        F: Open            62.8      64     95  103  110 110       45   51   55    55    165   120  130  136 136     301    385.61
Roxy Sinclair          F: Open            70.8      72   118   125  130 130       65   69  -72    69    199   150  160 -170 160     359    429.76
Rachel Bellew          F: Open            71.3      72   108   113 -115 113       55   59  -62    59    172   150  165  175 175     347    413.90
Kate (Katie) Mancer    F: Open            67.9      72   110 -117 -120 110        48   52  -56    52    162   115  127 -140 127     289    353.74
Lesley Hames           F: Open            83.9      84   128   136  140 140       60  -65  -65    60    200   146 -158 -160 146     346    384.44 788.10
Penny Yang             F: Youth           69.9      72     87  -97  107 107       48   52   53    53    160   107  117       117    277    333.81 377.21
Verena Tilson-Scoble   FEq: M45-49        57.9      58     93 -103  105 105       53   58   61    61    166    95  105  115 115     281    379.66 400.54
Colleen Cadman         FEq: M65-69        70.3      72     50   60         60     60   65  -67    65    125    80   90        90    215    258.32 407.63
Josh McWilliam         M: Junior          58.6      62   125   133 -140 133       92   97 -100    97    230   130  150  170 170     400    405.96 422.20
Jade Sutton            M: Open            59.0      62     95  103  106 106       62   66  -70    66    172 -115   115  127 127     299    301.87
Steven Ye              M: Youth           60.7      62     90 -110  110 110       60  -70  -70    60    170 -148   148 -160 148     318    314.25 339.39
Ethan Knights          M: Youth           63.6      69     75   85  -95    85     40   45  -50    45    130    80   96 -100   96    226    215.76 265.39
Alex Dubery            M: Youth           65.2      69     75  -85   90    90    -55  -57  -57               -130  130  140 140
                                                                                                      NATIONAL CHAMPIONSHIPS, KAPITI, NEW ZEALAND


Saturday 13 August 2022
                                             Wgt                    Best                  Best Sub                    Best        Wilks   Age-
Name                  Division     Bodywgt Class     SQ-1 SQ-2 SQ-3 SQ   BP-1 BP-2 BP-3 BP      Total DL-1 DL-2 DL-3 DL    TOTAL Pts      Wilks
Hamish McWilliam      M: Junior         81.5      85   150  170 -180 170    100  107 -108 107      277   230  250 -261 250    527 426.98 431.25
Jordy Douglas         M: Junior         92.6      94   180  192 -200 192    120  130 -133 130      322   180 -190      180    502 379.51 387.10
Tom Snow              M: M40-44         83.3      85   200  208 -216 208    150  157 -160 157      365   230  235  240 240    605 484.00 504.81
Jerard Grant          M: M40-44        111.5     120   187  198  207 207    170  180  190 190      397   220  235  245 245    642 448.44 452.92
Nathan Church         M: M40-44        140.8   120+    220  240  251 251    158  165  168 168      419   240  265  281 281    700 457.59 471.78
Kirk Mayo             M: M45-49         91.0      94   200  220 -231 220    120 -130  130 130      350   210  230 -250 230    580 442.37 466.70
Matt Epplett          M: M45-49        103.6     105   185  195  202 202    128  135 -142 135      337   208 -218 -218 208    545 391.58 418.21
James Payne           M: M45-49        109.1     120   215  222  230 230    135  140  147 147      377   240  250  260 260    637 448.51 485.29
Noel Frank            M: M60-64         84.5      85   182  193  200 200     90   98  104 104      304   180  202 -208 202    506 401.51 582.19
Tony McKenna          M: M75-79         76.3      77   150 -160      150     95 -101 -101    95    245   150 -170 -170 150    395 333.10 638.89
Kane McKenzie         M: Open           75.1      77   200 -210  210 210    135  143  147 147      357   250  265 -270 265    622 529.82
Chris Bennett         M: Open           93.2      94   200  218      218    140  160 -161 160      378   300 -322 -322 300    678 510.94
Matariki Black        M: Youth          75.3      77   160  165 -170 165     93  -97  -97    93    258   220  230 -233 230    488 415.00 439.89
Callum Maule          M: Youth          75.9      77   140  150  165 165     93  100 -101 100      265   170  180  190 190    455 384.98 415.77
Sahel Mohammadi       M: Youth          84.7      85   140 -150 -150 140     75   82  -90    82    222   150  160 -170 160    382 302.74 326.95
James Elkington       M: Youth          89.4      94   190  200 -210 200    105  112  117 117      317   250 -270 -270 250    567 436.42 471.33
Alfie Trafford        M: Youth          95.9     105   160  175  180 180    102  107 -110 107      287   200 -210  210 210    497 369.42 391.59
Tom Hoang             M: Youth          94.6     105   150 -162 -162 150     70   75  -80    75    225   160  170  175 175    400 299.28 317.24
Seth Snijder          M: Youth         146.6   105+    237  245  252 252    125  132 -137 132      384   270  282  292 292    676 437.98 494.92
Hezekiah Carlson      M: Youth         122.8   105+    200  215      215    160  170 -175 170      385   260 -282 -282 260    645 436.66 462.86
Samuel Magele         M-BP: M40-44     244.2   120+                         190  200 -220 200                                 200 Bench only
John Rivers           M-BP: M65-69      97.2     105                        110  115 -120 115                                 115 Bench only
Bruce Wills           M-BP: M75-79      93.3      94                         80  -90   90    90                                90 Bench only
Harry Kent            M-BP: Open        93.6      94                        145 -153 -156 145                                 145 Bench only
