Heavyweights
Chuck Vogelpohl   121.50   275   507.50   287.50      795.00       367.50         1162.50         2562.874 1
Marc Bartley      124.40   275   502.50   337.50      840.00       322.50         1162.50         2562.874 2
James Grandick    121.25   275   462.50   355.00      817.50       335.00         1152.50         2540.828 3
Arvai Istvan      124.70   275   450.00   280.00      730.00       400.00         1130.00         2491.224
John Stafford     124.80   275   430.00   335.00      765.00       352.50         1117.50         2463.666
Allan Mehan       123.70   275   487.50   290.00      777.50       337.50         1115.00         2458.154
Onn Basson        124.80   275   472.50   310.00      782.50       330.00         1112.50         2452.643
Sergej Moser      123.80   275   440.00   280.00      720.00       370.00         1090.00         2403.039
Justin Graalfs    109.30   242   460.00   260.00      720.00       332.50         1052.50         2320.365
Super Heavyweights
Jeff Lewis        240.00   SHW   550.00   370.00      920.00       350.00         1270.00         2799.871 1
Andrew Bolton     155.70   SHW   510.00   290.00      800.00       440.50         1240.50         2734.834 2
Matt Smith        162.60   SHW   472.50   320.00      792.50       347.50         1140.00         2513.270 3
Vladislav Alhazov 151.00   SHW   495.00   245.00      740.00       360.00         1100.00         2425.085
Kari Kalliola     156.00   SHW   480.00   335.00      815.00       285.00         1100.00         2425.085
Tibor Meszaros    156.20   SHW   100.00   100.00      200.00       400.00          600.00         1322.774

OUT
Donnie Thompson   170.80   SHW   502.50   370.00      872.50         0.00             872.50 1923.533
Chad Aichs        172.45   SHW   502.50    0.00       502.50         0.00             502.50 1107.823
Paul Childress    139.00   308   477.50    0.00       477.50         0.00             477.50 1052.707
Garry Frank       160.20   SHW    0.00     0.00         0.00         0.00               0.00    0.000
Joe Bayles        109.90   242    0.00     0.00         0.00         0.00               0.00    0.000
Mike Miller       172.50   SHW    0.00     0.00         0.00         0.00               0.00    0.000
