Women
Becca Swanson          89.45   198   365.00   217.50       582.50      272.50             855.00   1884.933
Laura Phelps           74.35   165   320.00   182.50       502.50      215.00             717.50   1581.801
Jill Mills             79.85   181   290.00   160.00       450.00      252.50             702.50   1548.732
Amy Weisberger         67.45   148   242.50   155.00       397.50      215.00             612.50   1350.318
Amanda Harris          50.50   132    95.00    65.00       160.00      105.00             265.00    584.219
Natalia Frolova        55.90   132    0.00    110.00       110.00       0.00              110.00    242.506
Kerrigan McCaslin      28.55   132    0.00     40.00        40.00       0.00               40.00     88.184
Lightweight
Oleksandr Kutcher      75.00   165   375.00   250.00       625.00      360.00             985.00   2171.531 1
Brian Schwab           67.30   148   327.50   230.50       558.00      275.00             833.00   1836.432 2
Dan Petrillo           74.90   165   300.00   215.00       515.00      282.50             797.50   1758.169 3
Marcel Mette           74.40   165   325.00   182.50       507.50      272.50             780.00   1719.588
Brian Strickland       75.00   165   300.00   205.00       505.00      255.00             760.00   1675.496
Middleweights
Matthew Kroczaleski    99.50   220   420.00   280.00       700.00      332.50 1032.50 2276.250 1
Dondell Blue          100.00   220   425.00   285.00       710.00      320.00 1030.00 2270.738 2
Jesse Kellum           97.75   220   385.00   317.50       702.50      305.00 1007.50 2221.135 3
Michael Cartinian      89.70   198   415.00   282.50       697.50      292.50  990.00 2182.554
Ilkka Mursu            95.50   220   385.00   270.00       655.00      330.00  985.00 2171.531
Tony Atkins            98.40   220   372.50   275.00       647.50      300.00  947.50 2088.859
Pauli Rantanen         98.80   220   380.00   245.00       625.00      320.00  945.00 2083.347
Harald Selsam          99.30   220   390.00   230.00       620.00      305.00  925.00 2039.255
Guest Lifters
Dmytro Solovyov-GL     82.40 181 360.00 215.00             575.00 315.00                  890.00 1962.094

OUT
Tony Conyers           75.00   165    0.00   0.00            0.00        0.00               0.00    0.000
Nick Hatch             67.20   148    0.00   0.00            0.00        0.00               0.00    0.000
Ilya Kokorev           74.10   165    0.00   0.00            0.00        0.00               0.00    0.000
Travis Mash           100.00   220    0.00   0.00            0.00        0.00               0.00    0.000
Kyle Robertson         99.60   220    0.00   0.00            0.00        0.00               0.00    0.000
Sakari Selkainaho      75.00   165   285.00  0.00          285.00        0.00             285.00  628.311
Shawn Frankl           89.70   198   392.50  0.00          392.50        0.00             392.50  865.306
Angelo Berardinelli    75.00   165   350.00 237.50         587.50        0.00             587.50 1295.203
Chris Mason            98.80   220   430.00 280.00         710.00        0.00             710.00 1565.266
