4-May-19                                                                                                    Show of Strength
                                        BWt     WtCls            Squat   Squat    Squat    Squat Bench Bench Bench Bench Deadlif Deadlif Deadlif                Coeff    Age &    Place   Pl-Div-     Team
        Name               Age   Div                    Wilks                                                                                    PL Total                                                     Team     Events
                                        (Lb)     (Lb)             1       2        3        4      1     2     3     4     t1      t2      t3                   Score    Coeff    code     WtCl        Pts

   Philip Janulewicz       43    M-OR   267.1    48     0.5736   190      195      210            142.5   147.5     155       160      190      210     575.0   329.82   340.04   1.00                 7.00             PL
     Rob Owens             42    M-OR   216.5    36     0.6131   122.5    135      145            87.5     100     -110      197.5    212.5     215     460.0   282.03   287.67   1.00                 7.00             PL
    Andrew Harris          20    M-OR   274.4    43     0.5703   207.5   217.5    227.5            95      100      105      212.5     220     -227.5   552.5   315.09   315.09   1.00                 7.00             PL
Oscar Martinez-Hernandez   30    M-OR   236.1    44     0.5935   200      210     222.5           125      135      145       200     222.5     230     597.5   354.62   354.62   1.00                 7.00             PL
     Tyler Lundy           26    M-OR   217.2    32     0.6123   180     -195      195            -135    142.5    -147.5    207.5    222.5    -235     560.0   342.89   342.89   1.00                 7.00             PL
     Matt Selling          34    M-PP   279.3    45     0.5683                                    182.5    190     -195       235      240      250                               1.00                                  PP
  Brandon Pedersen         28    M-OR   237.5    39     0.5924   170     197.5     215            125     132.5     140      -247.5   247.5     255     610.0   361.36   361.36   1.00                 7.00             PL
     Eric Hundahl          23    M-OR   239.1    38     0.5910   215      235     242.5           145     157.5    -167.5    237.5     255     -265     655.0   387.11   387.11   1.00                 7.00             PL
   Tanner Andrews          40    M-OR   238.5    42     0.5916   230      245     -257.5          162.5    170     -175      247.5    267.5    -272.5   682.5   403.77   403.77   1.00                 7.00             PL
     Jay Petersen          28    M-OR   216.9    35     0.6126   275      285     297.5           140     147.5    -150       275     -287.5   -287.5   720.0   441.07   441.07   1.00                 7.00             PL
    CJay Stauber           25    M-OR   268.3    47     0.5731   310      335     -342.5          180     197.5    202.5      270     287.5     295     832.5   477.11   477.11   1.00                 7.00             PL
 Ron Nichols (OPEN)        34    M-OR   238.3    40     0.5917   295     317.5    -327.5          222.5   237.5    -250       285     307.5    317.5    872.5   516.26   516.26   1.00                 7.00             PL
     Andrew Fray           28    M-OR   266.3    46     0.5740   197.5    215     227.5           165      175     182.5      285      305     317.5    727.5   417.59   417.59   1.00                 7.00             PL
  Andrew Beckmann          35    M-OR   240.9    41     0.5897   285     307.5    -327.5          175      190     -195       315      330     -342.5   827.5   487.98   487.98   1.00                 7.00             PL
  Jeffery Maddocks         26    M-OR   205.1    34     0.6282   192.5    200     -215            125      135     -140       200     -215              535.0   336.09   336.09   1.00                 7.00             PL
      Ron Eaton            40    M-OR   240.9    37     0.5897   285     297.5     310            187.5   197.5    -202.5     265     282.5             790.0   465.86   465.86   1.00                 7.00             PL
     Taylor Kron           26    M-PP   218.4    33     0.6108                                    -145    -152.5   -152.5                                                         1.00                                  PP
     Adam Tyma             45    M-B    300.7    49     0.5610                                    150      155      160                                                           1.00                                  BP
Ron Nichols (BENCH)        34    M-B    238.3    40     0.5917                                    222.5   237.5    -250                                                           1.00                                  BP
    Susan Gregory          61    F-OR   171.1    13     0.9311    -65     70      77.5            37.5    42.5      45         85     92.5     97.5     220.0   204.84   279.81   1.00                 7.00             PL
     Sara Kempf            27    F-OR   145.4     6     1.0374   97.5    -107.5   -107.5           55     57.5      -60        95     102.5    117.5    272.5   282.69   282.69   1.00                 7.00             PL
        Mu La              21    F-OR   121.4     3     1.1916   105     -115      115            52.5    -57.5     -60      107.5    -117.5   -117.5   275.0   327.69   327.69   1.00                 7.00             PL
    Stacy Zoucha           46    F-OR   146.6    11     1.0317   82.5    -87.5    87.5             45      -50      50       107.5     110     117.5    255.0   263.08   280.97   1.00                 7.00             PL
Dania Cervantes Ayala      22    F-OR   138.4     4     1.0765    95      105      115            42.5     45      47.5       110     -117.5   117.5    280.0   301.42   301.42   1.00                 7.00             PL
    Claire Rathjen         37    F-OR   113.3     2     1.2578   105      115     -117.5           50     52.5      -55       115      120     -127.5   287.5   361.62   361.62   1.00                 7.00             PL
    Deborah Hatch          54    F-OR   128.6     5     1.1401   82.5     90       95              55      60       -65       120      130      140     295.0   336.33   404.94   1.00                 7.00             PL
  Christina Chesters       27    F-OR   178.6    14     0.9088   87.5    -102.5    105            52.5     55      -57.5      125     137.5    142.5    302.5   274.91   274.91   1.00                 7.00             PL
    Kelsey Mirand          31    F-OR   148.7    10     1.0217   97.5     110     122.5            55      60      67.5      127.5    137.5     145     335.0   342.27   342.27   1.00                 7.00             PL
   Stacey Heckman          36    F-OR   144       8     1.0455   117.5    125     -127.5           55      -60      -60       130     137.5    -145     317.5   331.95   331.95   1.00                 7.00             PL

 Chief Referee                                                                                              Side Referee                                                                                         Side Referee
 ________________________                                                                            ________________________                                                                       ________________________
 ________________________                                                                            ________________________                                                                       ________________________
4-May-19                                                                                               Show of Strength
                                  BWt     WtCls            Squat    Squat    Squat    Squat Bench Bench Bench Bench Deadlif Deadlif Deadlif               Coeff    Age &    Place   Pl-Div-     Team
      Name           Age   Div                    Wilks                                                                                     PL Total                                                    Team     Events
                                  (Lb)     (Lb)             1        2        3        4      1     2     3     4     t1      t2      t3                  Score    Coeff    code     WtCl        Pts

 Elizabeth Nelson    41    F-OR   197.6    15     0.8657   132.5    137.5    142.5            65      70      72.5      132.5   -137.5   -137.5   347.5   300.83   303.84   1.00                 7.00             PL
  Ludym Harger       30    F-OR   112.2     1     1.2673    115      120      125             60     62.5      -65       145    -152.5   -152.5   332.5   421.38   421.38   1.00                 7.00             PL
Roxanna Pimental     28    F-OR   277.8    17     0.7928   -127.5   127.5     145             -60    67.5     72.5       145    162.5     170     387.5   307.21   307.21   1.00                 7.00             PL
 Melissa Wacker      38    F-OR   244.5    16     0.8117   107.5     115      125             60     -67.5    -67.5     147.5    160     -172.5   345.0   280.04   280.04   1.00                 7.00             PL
   Lillie Lorang     26    F-OR   165.2    12     0.9514   122.5    132.5     140            -72.5   72.5      -80       170    182.5    -187.5   395.0   375.80   375.80   1.00                 7.00             PL
  Caitlin Sullivan   28    F-OR   147.6     7     1.0261    195     -215      215             95     -105     -105       185    202.5     215     525.0   538.70   538.70   1.00                 7.00             PL
 Aidan Janulewicz    12    M-OR   118.4    18     0.9492    30       35       45              25      30      -32.5     -42.5   42.5      55      130.0   123.40   123.40   1.00                 7.00             PL
    Zai Arana        16    M-OR   131.2    21     0.8594   127.5     140      145             65      70       -75       170    -177.5   -177.5   385.0   330.87   330.87   1.00                 7.00             PL
  George Diers       18    M-OR   133.7    19     0.8452    150      165      175            77.5    82.5     87.5       175     190     -195     452.5   382.45   382.45   1.00                 7.00             PL
  Lance Hooper       35    M-OR   146.6    20     0.7804   172.5     180     -187.5         -122.5   -127.5   127.5      190     195      200     507.5   396.05   396.05   1.00                 7.00             PL
  Anthony Davis      30    M-OR   195.4    29     0.6436   172.5    182.5    -190            120      130     -137.5    207.5    230     -237.5   542.5   349.15   349.15   1.00                 7.00             PL
Dominic Pedersen     26    M-OR   196.7    30     0.6413    175     182.5    192.5           130      140     -145      222.5    240      250     582.5   373.56   373.56   1.00                 7.00             PL
  Joshua Moore       36    M-OR   196.8    31     0.6410    185     192.5    -202.5          145     152.5    -160       225     230     -240     575.0   368.58   368.58   1.00                 7.00             PL
Oliver Evangelista   29    M-OR   164.8    22     0.7139    180      195     207.5           135      140     -147.5     260    -272.5   -272.5   607.5   433.69   433.69   1.00                 7.00             PL
  Chad Sabatka       37    M-OR   197.6    28     0.6398    275     -282.5   -282.5          185     -195     -195       275    -285     -285     735.0   470.25   470.25   1.00                 7.00             PL
   Shane Nutt        18    M-OR   181.5    24     0.6709   252.5    267.5    277.5           145     152.5    157.5      295     315     -322.5   750.0   503.18   503.18   1.00                 7.00             PL
   Pete Hornig       49    M-B    192.3    27     0.6491                                     122.5    130     132.5                                                         1.00                                  BP
 Shane Heywood       41    M-B    181.8    23     0.6699                                     155      160     -165                                                          1.00                                  BP
                                            9                                                                                                                                                                      PL
                                           25                                                                                                                                                                     PL
                                           26                                                                                                                                                                     PL




Chief Referee                                                                                          Side Referee                                                                                        Side Referee
________________________                                                                        ________________________                                                                      ________________________
________________________                                                                        ________________________                                                                      ________________________
