Mar 05 2020 WPO -Kg Results
                                  BWt     WtCls   Glossbren                                     Best                                       Best   Sub     Deadlift Deadlift Deadlift Deadlift  Best                     Coeff   Age &
        Name        Age    Div                       ner
                                                              Squat 1 Squat 2 Squat 3 Squat 4           Bench 1 Bench 2 Bench 3 Bench 4                                                                  PL Total                       Pl code   Pl-Div-WtCl   Tm Pts   Team
                                  (Kg)    (Kg)                                                  Squat                                     Bench   Total      1        2        3        4     Deadlift                 Score    Coeff
Cosette Neely             F_WPO   47.8      48    1.1827       -210     -210      210            210     147.5    152.5     155            155     365     157.5    162.5     165               165        530        626.831     0       2        1-F_WPO        3
Tara Webber               F_WPO    74.4     75    0.8407        310     -325      325            325     152.5     160      170            170     495      215     -235      235               235        730       613.6745     0       2        2-F_WPO        3
Sarah Effinger            F_WPO    59.1     60    0.9997        250     262.5    272.5          272.5    137.5    -145      145            145    417.5     155     172.5    187.5             187.5       605       604.8185     0       2        3-F_WPO        3
Stacia Al Mahoe           F_WPO    47.5     48    1.1884       172.5    182.5      0            182.5    117.5    127.5    132.5          132.5    315      170     182.5     185               185        500          594.2     0       2        4-F_WPO        3
Crystal Tate              F_WPO   100.4   SHW     0.7145        330    -352.5      0             330     187.5     200      210            210     540      225      250    277.5              277.5      817.5     584.10375     0       2        5-F_WPO        3
Jeannie Nutter            F_WPO    66.7    67.5   0.9081        250    -277.5      0             250     -135      135     142.5          142.5   392.5   -212.5   212.5     -230              212.5       605      549.37025     0       2        6-F_WPO        3
Chanel Nolet              F_WPO    63.9    67.5   0.9392        210     -220     -220            210     132.5     145      150            150     360      190    207.5      215               215        575         540.04     0       2        7-F_WPO        3
Leah Reichman             F_WPO   141.5   SHW     0.6527      327.5      350     -365            350     -200      200      205            205     555    252.5      265     -275               265        820       535.1894     0       2        8-F_WPO        3
Katrina Bielomyza         F_WPO    91.1   SHW     0.7436        305     -320     -320            305     167.5    177.5   -182.5          177.5   482.5   217.5      230     -235               230       712.5     529.77937     0       2        9-F_WPO        3
Alecia Varga              F_WPO    59.4     60    0.9956       202.5    217.5   -227.5          217.5   -137.5   -137.5    137.5          137.5    355      160      175     -180               175        530        527.668     0       2       10-F_WPO        3
Valerie Olivera           F_WPO    92.1   SHW      0.74        287.5     305      320            320     167.5     185      195            195     515    -197.5    197.5   -212.5             197.5      712.5        527.25     0       2       11-F_WPO        3
Taylor Parker             F_WPO    77.1    82.5   0.8211        235      275    -283.5           275      150     167.5   -177.5          167.5   442.5     160    182.5      195               195       637.5     523.41937     0       2       12-F_WPO        3
Lyndsay Bramble           F_WPO    67.3    67.5   0.9018       -240      240      260            260     112.5    122.5    -130           122.5   382.5     185     197.5    -205              197.5       580        523.015     0       2       13-F_WPO        3
Dawn Hickman              F_WPO    46.1     48    1.2156       162.5     175      185            185     -97.5     97.5    -105            97.5   282.5    147.5    -155     -155              147.5       430        522.708     0       2       14-F_WPO        3
Diane Fleming             F_WPO    81.6    82.5   0.7919      -267.5     275     307.5          307.5     130    -142.5   -142.5           130    437.5     220    -232.5   -232.5              220       657.5     520.67425     0       2       15-F_WPO        3
Karen Johnson             F_WPO    69.9     75    0.8773        250     -265     272.5          272.5     115      120    -127.5           120    392.5     185      200     -205               200       592.5     519.80025     0       2       16-F_WPO        3
Nicole Mason              F_WPO    50.9     52    1.1264        175      190      195            195       85       90     -92.5            90     285     147.5    157.5   162.5              162.5      447.5       504.064     0       2       17-F_WPO        3
Maria Mohler              F_WPO    90.9   SHW     0.7443        255      275     -295            275      155     162.5    -170           162.5   437.5     215    227.5      235               235       672.5     500.54175     0       2       18-F_WPO        3
Sabrina Schutter          F_WPO   104.1   SHW     0.7049        265    -292.5    -300            265     167.5    177.5     185            185     450      235    -257.5   257.5              257.5      707.5     498.71675     0       2       19-F_WPO        3
Lily Starbin              F_WPO    73.8     75    0.8453        220     237.5    -245           237.5     130      140      145            145    382.5     180     192.5    207.5             207.5       590       498.6975     0       2       20-F_WPO        3
Jenne Rowe                F_WPO    72.6     75    0.8547       -235      235      260            260     112.5     120    -127.5           120     380     182.5     200    -207.5              200        580        495.726     0       2       21-F_WPO        3
Jennifer Gimmell          F_WPO    88.7     90    0.7535      -227.5    227.5     250            250     162.5    175.5   -182.5          175.5   425.5    182.5     200      215               215       640.5     482.61675     0       2       22-F_WPO        3
Nikita James              F_WPO    62.4    67.5   0.9571      187.5    207.5    217.5           217.5    107.5    -115     -115           107.5    325      150      165      175               175        500         478.55     0       2       23-F_WPO        3
Casey Strope              F_WPO     73      75    0.8515       -205     212.5    -225           212.5     115      120     -125            120    332.5     175     -185      185               185       517.5     440.65125     0       2       24-F_WPO        3

Belinda Clary             F_WPO   66.2    67.5    0.9135       220     237.5     -245           237.5    -125    -125     -125              0      0         0                                   0          0          0          0       2           0           0
Debbie Damminga           F_WPO   68.9     75     0.8863       -255     -255     -255             0        0                                0      0         0                                   0          0          0          0       2           0           0
Amber Luci                F_WPO   88.6     90      0.754      -327.5   -327.5   -327.5            0        0                                0      0         0                                   0          0          0          0       2           0           0
Mar 05 2020 WPO -Kg Results
                                 BWt     WtCls   Glossbrenn                                     Best                                       Best   Sub     Deadlift Deadlift Deadlift Deadlift  Best                   Coeff
       Name        Age    Div                        er
                                                              Squat 1 Squat 2 Squat 3 Squat 4           Bench 1 Bench 2 Bench 3 Bench 4                                                                  PL Total               Pl-Div-WtCl   Tm Pts   Team
                                 (Kg)    (Kg)                                                   Squat                                     Bench   Total     1        2        3        4      Deadlift                Score
Dave Hoff                M_WPO   131.8    140     0.5385        525       0        0             525      425       0     -462.5           425     950    337.5       0     -377.5             337.5     1287.5     693.31875   1-M_WPO         3
Chris DellaFave          M_WPO    116     125     0.5551        455    -487.5    487.5          487.5    -330      330    -352.5           330    817.5    362.5     385      395               395      1212.5     673.05875   2-M_WPO         3
Bob Merkh                M_WPO   124.6    125     0.5459       477.5    502.5      0            502.5     335     347.5    -370           347.5    850     302.5     330      340               340       1190       649.621    3-M_WPO         3
Daniel Tinajero          M_WPO    100     100     0.5813        410    432.5       0            432.5   332.5     -350     -350           332.5    765    342.5     -365     -365              342.5     1107.5     643.78975   4-M_WPO         3
Henry Thomason           M_WPO   120.1    125     0.5509      -472.5    472.5    -505           472.5   -347.5    347.5     355            355    827.5     300     317.5    327.5             327.5      1155      636.23175   5-M_WPO         3
Brian Hill               M_WPO   118.1    125     0.5529       457.5    487.5     510            510      265    -287.5    287.5          287.5   797.5     320     347.5    -365              347.5      1145      633.0705    6-M_WPO         3
James Vang               M_WPO    69.4     75     0.7314        320      345      365            365      215    -222.5   -222.5           215     580      260      275     -295               275        855      625.30425   7-M_WPO         3
Kyle Dussel              M_WPO   120.3    125     0.5507        435      455    -467.5           455      260      275    -282.5           275     730    -347.5     365     377.5             377.5     1107.5     609.84487   8-M_WPO         3
Anthony Oliveria         M_WPO   119.9    125     0.5515       477.5    -505     -505           477.5   -277.5    277.5    -285           277.5    755      320      335    -342.5              335       1090       601.135    9-M_WPO         3
Monty Crotzer            M_WPO   121.3    125     0.5496      -437.5    437.5    462.5          462.5   -322.5   -322.5    322.5          322.5    785     272.5     280     307.5             307.5     1092.5      600.438    10-M_WPO        3
Logan Zechar             M_WPO   112.7    125     0.5589      -442.5    442.5    -465           442.5    237.5    252.5    272.5          272.5    715    -337.5    337.5    352.5             352.5     1067.5     596.62575   11-M_WPO        3
Dylan Price              M_WPO    78.3    82.5    0.6676      -337.5    337.5    -365           337.5    237.5     255      265            265    602.5    277.5     290       0                290       892.5      595.833    12-M_WPO        3
Matt Magnavita           M_WPO   159.6   SHW      0.5161        480     -505     -505            480    352.5     -365      365            365     845      260      290    -297.5              290       1135      585.7735    13-M_WPO        3
David Kirchen            M_WPO    74.5     75     0.692         340     -365     -365            340    -237.5   -237.5    237.5          237.5   577.5     245       0      262.5             262.5       840       581.238    14-M_WPO        3
Joseph Lindsey           M_WPO   104.4    110     0.5718        390      410      425            425      265    292.5     -305           292.5   717.5     265     287.5    297.5             297.5      1015       580.377    15-M_WPO        3
Adam Zevchik             M_WPO    73.4     75     0.6998      -337.5    337.5    367.5          367.5     175     197.5      0            197.5    565      240     262.5    -275              262.5      827.5     579.04312   16-M_WPO        3
Greg Preston             M_WPO    74.4     75     0.6927        325      345    -357.5           345      235    -242.5   -242.5           235     580     -250     -250      250               250        830      574.8995    17-M_WPO        3
Dayan Neely              M_WPO   109.1    110     0.5638       -450      450     -470            450     222.5    237.5    247.5          247.5   697.5    -320     -320      320               320      1017.5     573.6665    18-M_WPO        3
Tristen Breen            M_WPO    94.8    100     0.5956        395    -412.5   -412.5           395     -290     -290      290            290     685    272.5    -282.5   -282.5             272.5      957.5     570.23912   19-M_WPO        3
Trevor Brown             M_WPO   125.4    140     0.545       432.5     -465     -465           432.5     310    -332.5   -332.5           310    742.5     295     -320     -320               295      1037.5     565.4375    20-M_WPO        3
Eloy Avalos              M_WPO   132.2    140     0.5382      -427.5    427.5    -455           427.5     300      320    -332.5           320    747.5   -287.5    287.5    -305              287.5      1035      556.98525   21-M_WPO        3
Tyler Roy                M_WPO   100.5    110     0.5802      -377.5    377.5     385            385     237.5     255      265            265     650      265      280    -287.5              280        930      539.5395    22-M_WPO        3
Nick Showman             M_WPO   137.2    140     0.5335       387.5   -412.5   -412.5          387.5    -285      285      300            300    687.5   -307.5   -307.5    307.5             307.5       995      530.8325    23-M_WPO        3
Alex Kovatch             M_WPO    87.9     90     0.6223        365     -390       0             365      205     -230     -230            205     570      235    -272.5      0                235        805      500.91125   24-M_WPO        3

Steve Stuecher           M_WPO   118      125     0.553        -435     435     -455             435     -270    -277.5   -277.5            0      0         0                                   0          0          0            0           0
Colton Magers            M_WPO   89.1      90     0.6153       -420     420     -440             420      250     -255     -255            250    670      -325     -325     -325                0          0          0            0           0
