1-Oct-16                     SouthSide Fall Classic-Kg Results
                                                      WtCls                                                      Best                                                          Best                                                                        Best                  Coeff       Age &
             Name             Age    Div   BWt (Lb)           Schwartz   Squat 1   Squat 2   Squat 3   Squat 4           Bench 1      Bench 2      Bench 3       Bench 4                 Sub Total   Deadlift 1   Deadlift 2   Deadlift 3   Deadlift 4               PL Total                           Pl code   Pl-Div-WtCl   Tm Pts
                                                       (Lb)                                                      Squat                                                        Bench                                                                       Deadlift               Score       Coeff
AD	ERIN	ZEMANOVIC              46    F-M    162.4      165    0.6737      112.5     117.5     122.5              122.5     62.5         67.5          -70                      67.5        190          120         130         -137.5                      130        320        215.584 230.24371        3        1-F-M         7
AD	TRACI	SLANE                 47    F-M     198       198    0.5861       87.5      95        100                100       55          57.5           60                       60         160         117.5       127.5         132.5                     132.5      292.5     171.43425 185.49185        3        2-F-M         7
AD	BARB	WELP                   45    F-M    166.6      181    0.6603       -85       85         95                 95      52.5          55          -57.5                      55         150          110         115          -120                       115        265       174.9795 184.60337        3        3-F-M         7
AD BETHANY SIBENALLER          33    F-S     154       165    0.7128      72.5      82.5      92.5               92.5       35          42.5         -47.5                     42.5        135         72.5         82.5         92.5                      92.5       227.5      162.162       0           3        1-F-S         7
AD	JOCELYN	DAGUSTINO           29   F-O     112.6     114     0.9712        70        75      -77.5                75      37.5          42.5         -45                       42.5       117.5       82.5         87.5         -92.5                      87.5       205        199.096       0          3         1-F-O        7
AD	KRISTY	KINNEY               24   F-O     174.6     181     0.6376        75       82.5       90                 90       37.5          40           45                        45         135          90         100          -110                       100        235        149.836       0          3         1-F-O        7
AD	AMANDA	SHORTER              24   F-O      198      198     0.5861        85       97.5      110                110       52.5          60         -67.5                       60         170        122.5        130           140                       140        310        181.691       0          3         1-F-O        7
AD	KATIE	HANENBURG             28   F-O     178.2     181     0.6284       130     -142.5     142.5              142.5      57.5          65          -75                        65        207.5       122.5       137.5          150                       150       357.5       224.653       0          3         1-F-O        7
AD	WHITNEY	HAWKINS             26   F-O      153      165     0.7083       87.5      92.5      -95                92.5      52.5         -55          -55                       52.5        145         130        142.5          150                       150        295       208.9485       0          3         1-F-O        7
AD	LEXY	NEITZEL                25   F-O     163.2     165     0.6716       100      107.5      115                115       52.5          60          -65                        60         175        137.5       147.5         -155                      147.5      322.5       216.591       0          3         1-F-O        7
AD	SHERI	STILES                28   F-O     161.2     165     0.6782      137.5     152.5    -162.5              152.5       70          77.5          85                        85        237.5       157.5       172.5         187.5                     187.5       425        288.235       0          3         1-F-O        7      Best	Lifter
AD	TAYLOR	BITTNER              21   F-JR    164.6     165     0.6666      117.5     122.5    -127.5              122.5       75          77.5        -82.5                      77.5        200        127.5        135           140                       140        340        226.644   231.17688      3        1-F-JR        7
AD	REMMINGTON	LAYNE            20   F-JR    195.6     198     0.5905        70       92.5      100                100       42.5         57.5         62.5                      62.5       162.5         85        107.5          115                       115       277.5     163.86375   168.77966      3        2-F-JR        7
AD	ERIC	KNUDSON	(MultiPly)     56   M-M      270      275     0.5243      252.5      260     -272.5               260      -205          205         -215                       205         465        167.5       177.5          185                       185        650        340.795   424.63057      3        1-M-M         7
AD	BRIAN	RICHES                42   M-M     313.4     SHW     0.5011      192.5      225       240                240       135          145         -155                       145         385         205        227.5          250                       250        635       318.1985   324.56247      3        2-M-M         7
AD	KEVIN	MATTHEWS              57   M-M     215.2     220     0.5602     -142.5     142.5     152.5              152.5      82.5         92.5          95                        95        247.5        170        182.5        -187.5                     182.5       430        240.886   305.44344      3        3-M-M         7
ERIK	PEACOCK                   44   M-M      218      220     0.5594      142.5     162.5     -170               162.5     132.5       -137.5       -137.5                     132.5        295         165         185         -197.5                      185        480        268.512   280.05801      3        4-M-M         7
AD	DAVID	BITTNER               50   M-M     273.4     275     0.5224      167.5     182.5                        182.5    -182.5       -182.5       -182.5                        0          0         217.5                                               217.5        0            0          0          3           0          0
JOHN	DEAN                      35   M-S     186.4     198     0.6088      137.5      160       185                185       130         142.5         150                       150         335        182.5        205          -230                       205        540        328.752       0          3        1-M-S         7
MATTHEW	DALE	                  26   M-O      308      308     0.5037       200      212.5     -225               212.5    -162.5         170         -175                       170        382.5        205         215          -230                       215       597.5     300.96075       0          3        1-M-O         7
AD	FATIH	VELIJOSKI             24   M-O      275      275     0.5214       210      227.5      235                235      157.5         165         -175                       165         400         210        227.5         -235                      227.5      627.5      327.1785       0          3        1-M-O         7
RAJIH	YABANI                   24   M-O     292.2     308      0.512      177.5    -192.5     192.5              192.5     -125         132.5        147.5                     147.5        340         205        222.5          240                       240        580         296.96       0          3        1-M-O         7
ALEX	MAAS                      26   M-O     240.6     242     0.5376      232.5      240     -247.5               240       160          165         -170                       165         405         230         245         -257.5                      245        650         349.44       0          3        1-M-O         7
AD	JACOB	SCHROEDER             30   M-O      300      308     0.5077       200       220      227.5              227.5      140         147.5         155                       155        382.5        240         260          -275                       260       642.5     326.19725       0          3        1-M-O         7
AD	CURTIS	KRUMP                26   M-O     241.2     242     0.5372      217.5      235      252.5              252.5      165          175         -180                       175        427.5        260        282.5         -305                      282.5       710        381.412       0          3        1-M-O         7      Best	Lifter
AD	MIKE	CLARE                  29   M-O     238.8     242     0.5386      132.5     142.5      150                150       120          130         137.5                     137.5       287.5        175        192.5          205                       205       492.5      265.2605       0          3        1-M-O         7
AD	ALEX	TATE                   26   M-O     217.6     220     0.5573       125       135      -150                135     -127.5       -127.5        127.5                     127.5       262.5       192.5       202.5          210                       210       472.5     263.32425       0          3        1-M-O         7
PATRICK	UMPHREY                39   M-O      188      198     0.6055       190       200       210                210       120         127.5       -132.5                     127.5       337.5        190        202.5          210                       210       547.5     331.51125       0          3        1-M-O         7
AD	ADYN	CLAUSEN                26   M-O      216      220     0.5591       160       165       175                175       125        -132.5       -132.5                      125         300         215        222.5         227.5                     227.5      527.5     294.92525       0          3        1-M-O         7
AD	GAGE	PHILLIPS               25   M-O     215.4     220     0.5599      -220       220       235                235      137.5         145        -152.5                      145         380       -227.5       232.5         242.5                     242.5      622.5     348.53775       0          3        1-M-O         7
AD SCOTT PELTIER               27    M-O    217.8      220    0.557       197.5     -210      210                 210      135         147.5        -152.5                     147.5       357.5        220        237.5         245                        245       602.5     335.5925       0           3        1-M-O         7
AD	MATT	WOLF                   25   M-O     225.4      242    0.5491      227.5     237.5     -250               237.5    137.5         -145          145                       145        382.5       227.5         240          255                       255       637.5     350.05125     0            3        1-M-O         7
AD	CHRISTIAN	CAIRY             25   M-O     193.2      198    0.5952     -182.5     -195       195                195     107.5          115         -130                       115         310         240         -260         -260                       240        550        327.36      0            3        1-M-O         7
AD	THOMAS	BULAU                29   M-O     190.6      198      0.6       -180      -180      -180                 0       125                                                    0          0          200                                                  0          0           0         0            3          0           0
JUSTIN	DUNNELL                 20   M-JR    195.6      198    0.5905      202.5      210      -215                210     152.5        162.5         -170                      162.5       372.5        275        -282.5       -282.5                      275       647.5     382.34875 393.81921        3        1-M-JR        7
AD	NOAH	PHILLIPS               22   M-JR    123.4      123    0.8748       125      147.5     152.5              152.5     82.5        -92.5          95                         95        247.5        130         137.5        165                        165       412.5      360.855 364.46355         3        2-M-JR        7
AD FERGUSON LECHER             20   M-JR    231.6      242    0.5436      200       215      -227.5               215      125         137.5         -155                      137.5       352.5        250         270          280                        280       632.5      343.827    354.14181      3       3-M-JR         7
AD	TYLER	TRENT                 21   M-JR    180.2      181    0.6235       160     -177.5     182.5              182.5     125         132.5         137.5                     137.5        320        197.5        212.5       -227.5                     212.5      532.5     332.01375   338.65402      3        4-M-JR        7
DALLAS	FERRELL                 21   M-JR    218.6      220     0.556      177.5     197.5      205                205     132.5         150         -157.5                      150         355        -185          200          215                       215        570        316.92     323.2584      3        5-M-JR        7
MATT	AUGER                     19   M-T     237.6      242    0.5393      267.5     287.5     -300               287.5     155          165         -172.5                      165        452.5        310        -322.5       -322.5                      310       762.5     411.21625    427.6649      3        1-M-T         7      Best	Lifter
AD	CONNOR	BULAU                19   M-T     218.4      220    0.5563       230       245       255                255     137.5        -145           145                       145         400        227.5        247.5        -255                      247.5      647.5     360.20425   374.61242      3        2-M-T         7
AD	JARED	KING                  19   M-T     162.5      165    0.6737       125       145       155                155      82.5          95           105                       105         260         160         172.5        182.5                     182.5      442.5     298.11225   310.03674      3        3-M-T         7
AD	ERIC	COX                    15   M-T      176       181    0.6341       110       145      -155                145       75          -85          -87.5                       75         220        152.5        167.5         185                       185        405       256.8105   303.03639      3        4-M-T         7

                                                      WtCls                                                       Best    Coeff       Age &
             Name             Age    Div   BWt (Lb)           Schwartz   Bench 1   Bench 2   Bench 3   Bench 4                                     Pl code      Pl-Div-WtCl   Tm Pts      Team
                                                       (Lb)                                                      Bench    Score       Coeff
AD	LISA	JOHNSON                49   F-M     144.2      148    0.7471       65         70       -75                70       52.297 58.206561            3          1-F-M          7
AD	PAT	OVERBO                  52   F-M      175       181    0.6364       60         65       -75                65       41.366 48.19139             3          2-F-M          7
AD	SCOTT	TESKA                 53   M-M     219.4      220    0.5553      -145       145      -155                145     80.5185 95.333904            3          1-M-M          7
AD	MICHAEL	STIEL               46   M-M      320      SHW     0.4977      157.5     172.5     -185               172.5   85.85325 91.691271            3          2-M-M          7

                                                      WtCls                                                       Best                                                         Best      Push Pull    Coeff       Age &
             Name             Age    Div   BWt (Lb)           Schwartz   Bench 1   Bench 2   Bench 3   Bench 4           Deadlift 1   Deadlift 2   Deadlift 3   Deadlift 4                                                     Pl code      Pl-Div-WtCl   Tm Pts
                                                       (Lb)                                                      Bench                                                        Deadlift     Total      Score       Coeff
ANTONIO	OKAMOTO                17    M-T    193.6      198    0.5943      100       -110      110                 110     182.5         195         202.5                      202.5      312.5      185.71875 200.57625           3          1-M-T          7
