                                                                                   APU
                                                                APU Melbourne Open
                                              Squat                       Bench                           Deadlift                          IPF
           Name        BW      Age                                                                                              PL Total                Place
                                                                                                                                           Points
                                       1        2        3        1         2              3       1        2            3
                                                                         3-Lift Results
                                                                             Female
U63kg
SHENAE HEALEY         62.50    1993   135.0   -145.0   -145.0    77.5     -82.5          82.5    160.0    170.0        180.0     397.5     693.15    1/F-O-U/63/PL
RENEE GILL            60.55    1988   117.5   125.0    127.5     75.0     80.0           82.5    117.5    125.0        130.0     340.0     599.39    2/F-O-U/63/PL
U72kg
RUCHELL HUTTON        65.65    1978   115.0   122.5    127.5     55.0     57.5           -60.0   145.0    -152.5       152.5     337.5     572.68   1/F-M1-U/72/PL
U84kg
CATHERINE HAWKINS     82.45    1976   112.5   117.5    -120.0    52.5     55.0           57.5    120.0    127.5        132.5     307.5     474.61   1/F-M1-U/84/PL
84kg+
RACHEL FLAVIN         86.80    1983   127.5   135.0    140.0     57.5     62.5           65.0    115.0    120.0        125.0     330.0     499.17   1/F-O-U/84+/PL
                                                                                Male
U74kg
AARON LAW             73.90    1983   157.5   165.0    -172.5   -117.5    117.5          125.0   190.0    207.5        220.0     510.0     537.93   1/M-O-U/74/PL
U83kg
KLEVIN NINO HIDALGO   82.10    1993   165.0   182.5    -200.0   102.5     112.5        120.0      222.5   237.5        -250.0    540.0     532.43   1/M-O-U/83/PL
AARON STRUHS          82.65    1993   170.0   175.0    180.0     95.0     100.0        -102.5    -195.0   195.0         205.0    485.0     467.32   2/M-O-U/83/PL
U93kg
DEJAN DIMITROVICI     91.65    1997   170.0   -172.5   175.0    127.5     -135.0       -135.0    190.0    215.0        -230.0    517.5     469.67    1/M-J-U/93/PL
ERIC THA              90.50    1997   162.5   -165.0   -167.5    80.0     87.5           95.0    162.5    -172.5       190.0     447.5     398.15    2/M-J-U/93/PL
AIDEN WESTRIP         88.60    1990   210.0    220.0   230.0    -127.5    127.5        135.0     225.0    240.0        250.0     615.0     587.06   1/M-O-U/93/PL
TIM BORNINKHOF        90.75    1988   137.5   -142.5   145.0    100.0     105.0        -110.0    182.5    195.0        205.0     455.0     405.46   2/M-O-U/93/PL
U105kg
TOM MATTHEWS          98.90    2001   155.0   170.0    -180.0   -95.0      97.5          102.5   180.0    200.0        -210.0    472.5     400.44   1/M-SJ-U/105/PL
HUGH PRICE            97.70    1997   165.0   177.5    187.5    112.5     122.5          127.5   200.0    220.0         235.0    550.0     483.80    1/M-J-U/105/PL
U120kg
DANIEL WADE           119.70   1987   230.0   242.5    250.0    155.0     162.5        -170.0    250.0    262.5        275.0     687.5     554.61   1/M-O-U/120/PL
                                           Referees: Ray Owen, Sean Muir, Nathan Tanis, CJ Mendoza, Andrew MacGregor
