                                                     Чемпионат Азии 10-12 мая. ПАУЭРЛИФТИНГ, Мужчины

                                    Возрастная                     Весовая
Место Фамилия         Имя                        Собств.вес                    Присед 1 Присед 2 Присед 3     Жим 1     Жим 2       Жим 3       Ст.т. 1    Ст.т. 2       Ст.т. 3       Сумма
                                     категория                    категория
                                                                           Весовая категория до 56,0
        Сабырхан      Серикболсын   Юноши                55,9   М до 56,0           -110       -110    -110       -50           0           0       -130             0             0           0
                                                                           Весовая категория до 60,0
    1   Яловой        Станислав     Юноши                57,6   М до 60              130        135    -140       85        90          -95         160        170             0          425
    2   Шарабадинов   Бауржан       Юноши                 60    М до 60,0            120       -130  -132,5       50        55          -60         125        135         142,5         317,5
    3   Поротников    Никита        Юноши                 58    М до 60,0             -90        90    -100       45        55          -60          90        100           105          250
    1   Арипов        Ислам         Юниоры               59,2   М до 60,0            180       -200    -200      105       110        112,5         160        170         177,5          470
    1   Айтбаев       Даулет        Open                  59    М до 60,0            160        170     180       90       100         -110         180        190          -200          470
    2   Телегин       Денис         Open                  58    М до 60.0           -110        110    -120       70        75           80         125        135           145          335
                                                                           Весовая категория до 67,5
    1   Танабай       Арсен         Юноши                66,8   М до 67,5            120        130  -142,5       70        80          -90          145       155           170          380
    2   Аловацкий     Петр          Юноши                67,5   М до 67,5            120        130     140       70        80          -90          120       135           150          370
    3   Недугов       Кирилл        Юноши                62,7   М до 67,5            110       -120     120       70       -75           75          130       140           150          345
    1   Хаитбаев      Элдар         Юниоры                67    М до 67,5            190       -200    -210       95       100         -105          195       205         212,5         502,5
    2   Щекотуров     Никита        Юниоры               65,4   М до 67,5            140        150    -160       75        85        -87,5          185     197,5           205          440
    3   Кампов        Владислав     Юниоры               67,3   М до 67,5            160        180     190       95       105         -110          145      -160          -160          440
        Гикал         Вадим         Юниоры               66,6   М до 67,5           -110        110    -120      -85       -85          -85         -120         0             0             0
    1   Пузиков       Олег          Open                 61,3   М до 67,5            205        220  -242,5      125       135       -142,5          140       155           165          520
    2   Баубеков      Аманжол       Open                  67    М до 67,5            175        185    -195      100      -110          110         -200       200         207,5         502,5
    3   Хаитбаев      Элдар         Open                  67    М до 67,5            190       -200    -210       95       100         -105          195       205         212,5         502,5
        Калиев        Алимжан       Open                 65,4   М до 67,5            120        130     140       80        95       -102,5          130     142,5             0         377,5
        Червонных     Виктор        Open                  67    М до 67,5            100        110     120       70        80          -90          140      -150          -150          340
    1   Аубакиров     Даулет        М1                   67,5   М до 67,5            220        240    -250      115      -120          120          190       200           210          570
    2   Малдыбаев     Аяжан         М1                   66,3   М до 67,5            100        110    -130       95       105          115          120      -135           145          370
    3   Аманбаев      Жасулан       М1                   63,2   М до 67,5              80       -90      90       50       -60          -75           80        95           110          250
    1   Еловицкий     Игорь         М2                   66,5   М до 67,5            160        170   182,5      100      -105         -105          180      -190             0         462,5
                                                                           Весовая категория до 75,0
    1 Литвинов        Кирилл        Юноши                74,4   М до 75,0            230        240     250      130       -135        -135          260      -265            270         650
    2 Ляхов           Даниил        Юноши                71,2   М до 75,0           -160       -160     160       85         95         100         -150       150            160         420
    3 Каипов          Радмир        Юноши                 73    М до 75,0            115        130    -140       97       -105        -105          140       150            160         387
      Сейтказы        Ануар         Юноши                73,3   М до 75,0              95       110     120       70       77,5         -80          120     137,5         -142,5         335
    1 Валевач         Владислав     Юниоры               74,9   М до 75.0            225        240    -245      155       -160        -160          220      -235           -235         615
    2 Песков          Николай       Юниоры               73,5   М до 75,0            200        210     225      130        140        -145          190       205         -212,5         570
    3 Подоляко        Владислав     Юниоры               73,8   М до 75,0            145        155     165      120       -135         135          140       155            170         470
    1 Кучерявых       Пётр          Open                 74,4   М до 75,0            260        275    -290      150       -155        -155          275      -285           -285         700
    2 Кистанов        Дмитрий       Open                 74,8   М до 75,0            245        255     265      155        165        -170          240       250         -272,5         680
    3 Литвинов        Кирилл        Open                 74,4   М до 75,0            230        240     250      130       -135        -135          260      -265            270         650
      Силин           Руслан        Open                 74,1   М до 75,0            230      242,5  -257,5      150        160      -167,5          230     242,5         -247,5         645
      Какухин         Александр     Open                 74,5   М до 75,0            220       -230       0     -130       -130         130          210       225         -247,5         575
      Сабитов         Салават       Open                  74    М до 75,0            190        200     205      130        135        -140          220       230         -237,5         570
      Ибагулов        Адиль         Open                 74,7   М до 75,0           -180       -180     190      125       -135        -135          190       210           -215         525
      Ермекбаев       Ерболат       Open                 72,1   М до 75,0            140        170    -175      140        150        -155          140      -155            155         475
      Ахметов         Ермек         Open                 68,1   М до 75.0           -160        170     180       90       -100        -100          190       200           -205         470
    1 Алпысбаев       Кайрат        М1                   73,6   М до 75,0            160       -170   177,5       85        -95          95          200       210          227,5         500
    2 Князев          Владимир      М1                   74,1   М до 75,0            155        165    -175       95      102,5       107,5          185       195         -212,5        467,5
    1 Абышев          Кайрат        M2                   74,7   М до 75,0            140        150     155      110       -120        -120          140       150           -160         415
    2 Малкенов        Бейбит        М2                   68,5   М до 75,0              90       100    -110       90        -95         -95          130       140            150         340
                                                                           Весовая категория до 82,5
    1 Мустапаев       Руслан        Юноши                81,7   М до 82,5            190       -200    -200       110       115         120         190        200           -210         510
    2 Малагин         Александр     Юноши                75,5   М до 82,5            160       -180    -180       100       105        -110         170       -200            200         465
    3 Блинов          Влад          Юноши                78,5   М до 82,5            150       -160    -160       110      -115       117,5         170        175           -180        442,5
      Пунтус          Дмитрий       Юноши                79,1   М до 82,5              90       110    -120        50       -60           0          90          0              0         250
    1 Нуржанов        Иминжан       Юниоры               82,2   М до 82,5            225       -240    -240       140       145        -155         200        210           -215         580
    2 Андреев         Роман         Юниоры               82,4   М до 82,5            205       -210    -210       125       130         135         205        215         -227,5         555
    3 Московкин       Илья          Юниоры               80,7   М до 82,5            180        190    -195        90        95         100         180        190           -200         480
      Салов           Александр     Юниоры               81,6   М до 82,5            150       -165    -170       100     107,5       112,5         150        165            175        437,5
      Амантай         Ербол         Юниоры               77,7   М до 82,5            120       -125     125       -90        90        -100         115        125            135         350
    1 Кагарманов      Артём         Open                 81,6   М до 82,5            225        235     245       150       160         165         235        245           -250         655
    2 Авгуть          Сергей        Open                  82    М до 82,5           -240        240     260       140      -150           0        -240        240         -257,5         640
    3 Ким             Дмитрий       Open                  80    М до 82,5            215        230     240       135       145        -150         215       -230              0         600
      Султанов        Рашид         Open                 82,5   М до 82,5           -230        230    -250       140       145         150         200        210           -220         590
      Алпар           Султан        Open                 80,8   М до 82,5            200        215    -225       130       135        -140        -210        220            235         585
      Бурдовицын      Дмитрий       Open                 81,8   М до 82,5            195       -205     205       135       140        -145       222,5      232,5         -242,5        577,5
      Чернышев        Евгений       Open                 80,2   М до 82,5            200        210    -220       125       130      -132,5         185        200          212,5        552,5
      Воронцов        Кирилл        Open                 79,3   М до 82,5           -180        180     200       125       130         135         200        215         -232,5         550
      Нурханов        Азамат        Open                 82,1   М до 82,5            200        210    -220      -150       150        -160        -230       -240           -240            0
    1 Гавриш          Владимир      М1                   82,5   М до 82,5            185        200  -207,5     112,5     117,5       122,5         195        210         -217,5        532,5
    1 Тюгай           Александр     М2                   82,2   М до 82,5            160        180       0       130     137,5       142,5         160          0              0        482,5
    2 Байгалиев       Нурлан        М2                    82    М до 82,5            100       -110     110        95       100        -105        -120        120            130         340
    1 Головкин        Виктор        М3                   82,5   М до 82,5            160        175     190        80         0           0         130        150              0         420
                                                                           Весовая категория до 90,0
    1   Тарасов       Владислав     Юноши                89,6   М до 90,0            220        230     240       130      -135        -135         200       -215            215         585
    2   Володин       Александр     Юноши                86,4   М до 90,0           -160       -160     160      -110       110           0         170          0              0         440
    1   Порунов       Александр     Юниоры               89,1   М до 90,0            255        265    -275     172,5       180         185         285        295           -310         745
    2   Амантай       Хамза         Юниоры               86,8   М до 90,0            280     -292,5       0     162,5     172,5         175         285       -305              0         740
    3   Ахметов       Нурланбек     Юниоры               89,9   М до 90,0            210        220     230       125       130        -135         215        225          237,5        597,5
        Сайфулин      Наиль         Юниоры               88,6   М до 90,0            185        195    -205       115       120         125         200        215           -220         535
        Жумагали      Темирхан      Юниоры                88    М до 90,0            170       -180    -180       130      -135         135         140        155            165         470
        Турсынбеков   Алихан        Юниоры                88    М до 90,0            170       -180    -180       110       115        -120         150          0              0         435
    1   Бейсембаев    Дастан        Open                 87,1   М до 90,0           -290        300    -320       165       175        -180         265       -285           -285         740
    2   Петров        Иван          Open                 89,3   М до 90,0            260        270       0       170       180         185         255       -260              0         710
    3   Бондарев      Вячеслав      Open                 87,5   М до 90,0            210        220     230       170      -175        -175         245        255         -262,5         655
        Головкин      Вадим         Open                 87,5   М до 90,0            240        255  -267,5       140       150        -155         220        240           -260         645
        Горлов        Сергей        Open                  88    М до 90,0            210        220     230       130       135        -140         220      232,5            240         605
        Попов         Игорь         Open                 86,4   М до 90,0            200        215    -230       140       150       157,5         200        215            225        597,5
        Кучинский     Дмитрий       Open                 87,1   М до 90,0           -140        140     150       120    -127,5      -127,5         155        165            180         450
    1   Геряк         Сергей        М1                    87    М до 90,0            175       -190     190       110       115         120         160        175            190         500
    2   Оспанов       Ерлан         М1                   86,1   М до 90,0            160       -170     170      -115       115      -122,5         140       -160            160         445
    1   Бондарев      Вячеслав      М2                   87,5   М до 90,0            210        220     230       170      -175        -175         245        255         -262,5         655
    2   Нурпеисов     Ерлан         М2                   89,2   М до 90,0           -140        140     155        95       110        -115         145        160           -170         425
    1   Томилов       Александр     М3                    87    М до 90,0            120          0       0        60         0           0         150          0              0         330
                                                                           Весовая категория до 100,0
    1 Хакимов          Руслан       Юноши                96,2   М до 100,0            210      -220       225       110        120       135        200        210       -220         570
    2 Аксёнов          Николай      Юноши                 93    М до 100,0            150       170      -200       105      112,5     117,5        140       -160          0        427,5
    3 Гостев           Максим       Юноши                92,8   М до 100,0            100       120      -130        75         85        90        130        145       -150         355
      Байц             Евгений      Юноши                99,5   М до 100,0            100       110       120        70         75        80        130        145     -157,5         345
    1 Михалёв          Виталий      Юниоры               96,5   М до 100,0            250       265       280       160        170       175        230      242,5        250         705
    2 Сергеев          Никита       Юниоры               94,7   М до 100,0            240       255      -265       155        165    -172,5        250     -262,5      262,5        682,5
    3 Старцев          Алексей      Юниоры               95,5   М до 100,0            225       240       255       145        155       165        235     -252,5     -252,5         655
      Аристов          Владислав    Юниоры               94,5   М до 100,0            230      -245      -250       130        140      -145        235        245       -255         615
      Ямшанов          Алексей      Юниоры                97    М до 100,0           -210       210      -215       125        130      -140        200        215       -230         555
    1 Длужевский       Сергей       Open                 97,4   М до 100,0            275      -285       285       190        200       205        270        280        285         775
    2 Бабахваев        Хидир        Open                 100    М до 100,0            270       280       290       165        170      -175        290        300      302,5        762,5
    3 Ногай            Алексей      Open                 99,1   М до 100,0            300       310       315       185     -187,5         0       -260       -260        260         760
      Дидык            Никита       Open                 93,9   М до 100,0            270       280       290       170        175       180        280       -290       -300         750
      Мисюрин          Григорий     Open                 93,2   М до 100,0           -250       250       260      -200        210       215        250       -270       -285         725
      Мирошниченко     Артём        Open                 97,7   М до 100,0            210       220       235       160       -175      -175        250       -260          0         645
      Гончаров         Иван         Open                 94,5   М до 100,0            210       220       230       135        145      -150        240        255        265         640
      Кулажанов        Самат        Open                 94,7   М до 100,0            160       180      -185       110        120      -125        170        190       -200         490
    1 Успаленко        Дмитрий      М1                    97    М до 100,0            210       220       240       150        160      -170        210        220        230         630
    1 Байрамкулов      Хызыр        М2                   98,2   М до 100,0           -200       210       220       140        145     152,5        200        220        230        602,5
    2 Саттыбаев        Нурлан       М2                   98,9   М до 100,0            180      -205      -205       125       -130      -130        205        210     -212,5         515
    3 Мирзабаев        Рустам       М2                    92    М до 100,0            120       130      -140       115       -120     122,5        130        145       -150        397,5
      Таранов          Дмитрий      М2                   97,7   М до 100,0            100      -110       110        80         90        95        110        130        140         345
    1 Масюк            Игорь        М3                   98,8   М до 100,0            185       195      -205       125     -132,5     137,5        220        230        240        572,5
    2 Джайлаубаев      Марат        М3                   95,4   М до 100,0            140       160      -185       110        125    -132,5        150        170       -190         455
                                                                           Весовая категория до 110,0
    1   Гяуров         Рудик        Юноши                105    М до 110,0            150       170      -185       110       120          0       200        210       -220          500
    2   Черкашин       Данил        Юноши               104,4   М до 110,0            100       110       115        55        65         70       130        140        150          335
    1   Садыков        Алексей      Юниоры              102,2   М до 110,0            230       245      -255       180       190       -195       260       -280        280          715
    1   Кампов         Валерий      Open                107,6   М до 110,0            310       320      -330       180       190          0       280        290       -300          800
    2   Астапцов       Дмитрий      Open                101,1   М до 110,0            300         0         0       160       170        180     262,5      272,5      282,5         762,5
    3   Шевченко       Борис        Open                101,2   М до 110,0           -285       285       300       165       170        175       260        270       -280          745
        Рамзин         Владислав    Open                106,2   М до 110,0            280      -300      -305      -190       190        200       250        260       -270          740
        Овечкин        Павел        Open                105,4   М до 110,0            245       255      -270       195      -205       -205       275        285       -290          735
        Степанюк       Влад         Open                105,3   М до 110,0            190       210       230       140       150        160       190        220       -240          610
    1   Абдрахманов    Рустам       М1                  104,8   М до 110,0            220       230       240       150       155        160       230        240      252,5         652,5
    2   Абдимов        Саят         М1                  102,6   М до 110,0            220       230       240       150       160        170       220        230        240          650
    3   Волков         Алексей      М1                  107,2   М до 110,0            240       260      -280       160       165        170       160        180       -225          610
        Аловацкий      Василий      М1                  109,2   М до 110,0            160       175       190       135       140     -147,5       180        195        205          535
    1   Джайтабаров    Мурат        М2                  103,8   М до 110,0            190       210       230       145       155      162,5      -180        180        210         602,5
    1   Нагайбаков     Михаил       М3                  101,5   М до 110,0             90       100         0       100       110          0       110        120        130          340
                                                                           Весовая категория до 125,0
    1 Файзуллаев       Рауан        Юноши                125    М до 125,0            260       280       300       130       135       -140        220      -240         240         675
    1 Гидзюк           Александр    Юниоры              116,5   М до 125,0            265       285       295       170       180        185        235       250      -267,5         730
    2 Абдиманап        Дидар        Юниоры              116,5   М до 125,0            180       200      -215       140       150      162,5        190       205         215        577,5
    1 Емцев            Ефим         Open                121,2   М до 125,0            240     252,5       260      187,5     192,5       195        280     297,5      -312,5        752,5
      Пятов            Евгений      Open                115,2   М до 125,0           -320      -325       325       225       235       -245       -280      -280        -280            0
    1 Бекшаев          Станислав    М1                  118,5   М до 125,0           -140       150       160       160       185        195       -200       200         220         575
    2 Незбудей         Сергей       М1                  121,2   М до 125,0          172,5       185      -200       105      112,5    -117,5        190       205         215        512,5
                                                                           Весовая категория до 140,0
    1 Соловей          Антон        Open                 127    М до 140,0           -345       350      362,5      210       220       -230       100        200         305        887,5
    2 Ан               Артур        Open                 133    М до 140,0            340       350       -360     -200       200       -215       270        290        -305         840
    3 Сизых            Дмитрий      Open                125,3   М до 140,0            200       220        230      150       160       -170       200        220         230         620
      Новиков          Иван         Open                129,4   М до 140,0            170       185        200      115       125      132,5       180        200         220        552,5
    1 Бейсенов         Ержан        М1                   130    М до 140,0           -245       245        255      160      172,5      -180       230        245        -250        672,5
                                                                          Весовая категория выше 140,0
    1 Лещенко          Евгений      Open                  144   М выше 140,0          240       260       280       180       190       200        230        -250       250          730

                                                     Чемпионат Азии 10-12 мая. ПАУЭРЛИФТИНГ, Женщины

                                    Возрастная                      Весовая
Место Фамилия          Имя                       Собств.вес                     Присед 1 Присед 2 Присед 3       Жим 1     Жим 2     Жим 3     Ст.т. 1    Ст.т. 2    Ст.т. 3       Сумма
                                     категория                     категория
                                                                            Весовая категория до 44,0
    1 Полстянова       Татьяна      Open                 43,4   Ж до 44,0             110        120    -130         60       62,5       -65       130        -140       -140        312,5
                                                                            Весовая категория до 52,0
    1 Тарасова         Валентина    Open                 51,6   Ж до 52,0             120     -122,5     125         70       72,5       -75      130         140      142,5          340
    2 Сейфулина        Жамиля       Open                 51,8   Ж до 52,0             120        125     130         65        -70       -70      120         125        130          325
    3 Головатая        Светлана     Open                 51,9   Ж до 52,0             120        125     130         55         60       -65     122,5      127,5      132,5         322,5
      Ким              Александра   Open                  52    Ж до 52,0               90       100    -110         40        -45        45      100        -105       -105          245
      Ткачук           Анна         Open                 51,3   Ж до 52,0               80       -85     -90         50         55     -57,5       90         100        105          240
                                                                            Весовая категория до 56,0
    1   Бакуленкова    Екатерина    Девушки              55,9   Ж до 56,0             130     -137,5   137,5         -50        50        55        120       130       132,5         325
    2   Елисеева       Александра   Девушки              55,4   Ж до 56,0               90        95     100          55       -60       -60         90      -100        -100         245
    3   Алихан         Гулдана      Девушки              54,4   Ж до 56,0               60       -70     -70          30       -35         0         80        90        -100         180
    1   Трай           Ольга        Open                 54,7   Ж до 56,0             115        125     130          70        75       -80        120     127,5       132,5        337,5
    2   Сауленбекова   Гульнура     Open                 55,8   Ж до 56,0             105       -120     120          55       -60       -60       -110       110         120         295
    3   Козукеева      Динара       Open                 54,9   Ж до 56,0             110      117,5    -125         -55        55       -60         95       100      -107,5        272,5
    1   Яшкова         Кристина     M1                   55,4   Ж до 56,0               60        70      80          30        40       -50         60        70          80         200
                                                                            Весовая категория до 60,0
    1   Жиленко        Ольга        Open                  60    Ж до 60,0             150        160    -170          75       -80     -82,5      -150       150         -165         385
    2   Джунь          Елена        Open                 58,8   Ж до 60,0            -120        120  -127,5        57,5        60      62,5     117,5      122,5         125        307,5
    1   Жиленко        Ольга        M1                    60    Ж до 60,0             150        160    -170          75       -80     -82,5      -150       150         -165         385
    2   Джунь          Елена        M1                   58,8   Ж до 60,0            -120        120  -127,5        57,5        60      62,5     117,5      122,5         125        307,5
    3   Недугова       Елена        M1                   59,8   Ж до 60,0               90        95    -100         -45        45       50        110       120          130         275
        Соколова       Нина         M1                   59,6   Ж до 60,0               65       -70      70       -62,5     -62,5      62,5        65       72,5        77,5         210
                                                                            Весовая категория до 67,5
    1   Кузьмичева     Валерия      Девушки              61,6   Ж до 67,5             100        120    -130          45     -52,5     -52,5       120        130        135          300
    1   Толстова       Ольга        Open                 65,1   Ж до 67,5             140        155   167,5          80        85       -90       140        155        165         417,5
    2   Ряполова       Татьяна      Open                 65,8   Ж до 67,5             120        130  -137,5         -60        60        65       145        155        165          360
    3   Полякова       Юлия         Open                 65,2   Ж до 67,5             120        130     140          50       -55         0        90        105        115          305
    1   Громова        Наталья      M1                   65,8   Ж до 67,5               60        70      77          45        50      52,5       100        110      -117,5        239,5
    1   Тюгай          Наталья      M2                   64,5   Ж до 67,5               75        80      85          47      52,5       -55        90        100        105         242,5
                                                                            Весовая категория до 75,0
    1   Ясакова        Маргарита    Девушки              71,4   Ж до 75,0               40        50      65         30        35       37,5        50          60     -72,5         162,5
    1   Павловская     Екатерина    Open                 70,5   Ж до 75,0             115       -125     130         60      -67,5      67,5       110         120     127,5          325
    2   Болдырева      Анна         Open                 73,5   Ж до 75,0            -100        105   112,5         40        45      -47,5       100         110      -120         267,5
    3   Байсугурова    Асель        Open                 73,9   Ж до 75,0              -65       -65    72,5         30       37,5     -42,5        85        -100         0          195
                                                                            Весовая категория до 82,5
    1 Нестерова        Дарья        Open                 81,2   Ж до 82,5             170        185    -195         90       97,5    -102,5       160        170              0     452,5
