                                                                                                           TO
     Paul Childress      139.80      308       510.00        310.00          820.00 350.00 1170.00 2579.382 1
     Donnie Thompson     173.95 SHW            440.00        340.00          780.00 377.50 1157.50 2551.825 2
     Beau Moore          150.55 SHW            472.50        342.50          815.00 340.00 1155.00 2546.313 3
     Matt Smith          160.00 SHW            450.00        287.50          737.50 340.00 1077.50 2375.457
                                                 0.00           0.00           0.00           0.00          0.00        0.000
     OUT                                         0.00           0.00           0.00           0.00          0.00        0.000
     Garry Frank         170.60 SHW            465.00           0.00         465.00 385.00                850.00 1873.910
     Jonathon Bernor     139.90      308       462.50           0.00         462.50 310.00                772.50 1703.054
     Brent Mikesell      145.30 SHW              0.00        265.00          265.00 327.50                592.50 1306.226
     Holger Kuttroff     139.85      308       460.00           0.00         460.00 300.00                760.00 1675.496
     Andy Bolton         151.20 SHW            507.50           0.00         507.50 340.00                847.50 1868.399
