
                                                                                                          TO
        Heavyweight
        Jose Garcia        116.15 275           457.50 282.50              740.00 355.00 1095.00 2414.037 1
        Jason Patrick      115.50 275           425.00 295.00              720.00 350.00 1070.00 2358.922 2
        John Stafford      124.90 275           392.50 310.00              702.50 365.00 1067.50 2353.411 3
        Marc Bartley       124.20 275           437.50 312.50              750.00 315.00 1065.00 2347.899 4
        Oleksy Soloviov    110.00 242           410.00 270.00              680.00 365.00 1045.00 2303.807 5


        OUT
        J.L. Holdsworth    123.85 275           392.50            0.00         0.00           0.00         0.00            0.000
        John Reese         74.40 165            320.00            0.00         0.00           0.00         0.00            0.000
        Chris Mason        108.45 242           417.50            0.00         0.00           0.00         0.00            0.000
        Noel Levario       124.00 275           430.00            0.00         0.00           0.00         0.00            0.000
